1611822
1611942
1611907
1611948
1611953
1611965
1611984
1612055
1612056
1612195
1612168
1612269
1612351
1612383
1612430
1612492
1612591
1612654
1612637
1612751
1612860
1612900
1612939
1613047
1613148
1613282
1613350
1613407
1613494
1613535
1613575
1613645
1613791
1613873
1613951
1614000
1614105
1614177
1614213
1614321
1614478
1614499
1614593
1614543
1614414
1614224
1613864
1613687
1613294
1612997
1612673
1612392
1612149
1611832
1611804
1611559
1611530
1611472
1611387
1611270
1611185
1611168
1611211
1611173
1611166
1611104
1611073
1611031
1611103
1611009
1610995
1611061
1610994
1611141
1611131
1611160
1611268
1611244
1611222
1611357
1611208
1611238
1611295
1611253
1611256
1611251
1611218
1611200
1611162
1611235
1611195
1611248
1611253
1611233
1611273
1611278
1611401
1611344
1611522
1611522
1611599
1611692
1611709
1611754
1611977
1611979
1612009
1612049
1612125
1612211
1612324
1612327
1612428
1612500
1612593
1612677
1612760
1612872
1612908
1613050
1613043
1613101
1613212
1613368
1613384
1613495
1613564
1613674
1613803
1613886
1613948
1613993
1613958
1613848
1613608
1613429
1613101
1612764
1612453
1612239
1611874
1611745
1611501
1611293
1611199
1611137
1611076
1611025
1610939
1610950
1610922
1610945
1610959
1610944
1610922
1610946
1610904
1610949
1610941
1610997
1611047
1611135
1611181
1611214
1611180
1611277
1611285
1611169
1611305
1611315
1611313
1611320
1611283
1611248
1611240
1611235
1611311
1611277
1611257
1611290
1611325
1611373
1611337
1611364
1611430
1611565
1611542
1611567
1611672
1611787
1611806
1611848
1611898
1612079
1612125
1612235
1612242
1612272
1612355
1612463
1612535
1612608
1612636
1612839
1612853
1612951
1613010
1613063
1613129
1613223
1613283
1613470
1613610
1613557
1613714
1613711
1613606
1613493
1613280
1613052
1612682
1612487
1612162
1611813
1611619
1611378
1611190
1611066
1610910
1610902
1610781
1610711
1610747
1610677
1610628
1610621
1610663
1610655
1610598
1610587
1610563
1610594
1610556
1610598
1610673
1610644
1610732
1610783
1610820
1610899
1610868
1610923
1610884
1610905
1610943
1610853
1610824
1610875
1610864
1610842
1610943
1610843
1610847
1610864
1610931
1610993
1610919
1611104
1611106
1611161
1611241
1611214
1611331
1611409
1611470
1611503
1611486
1611598
1611728
1611691
1611860
1611897
1612076
1612135
1612124
1612248
1612313
1612476
1612493
1612545
1612639
1612655
1612834
1612890
1612956
1613022
1613132
1613103
1613186
1613323
1613491
1613515
1613571
1613563
1613511
1613351
1613142
1612895
1612519
1612234
1611920
1611542
1611388
1611084
1610950
1610749
1610672
1610588
1610424
1610471
1610417
1610367
1610385
1610318
1610324
1610247
1610283
1610197
1610145
1610166
1610164
1610107
1610186
1610220
1610281
1610329
1610330
1610308
1610424
1610404
1610418
1610428
1610368
1610381
1610365
1610365
1610335
1610323
1610312
1610339
1610411
1610395
1610389
1610472
1610434
1610488
1610565
1610585
1610664
1610671
1610833
1610811
1610832
1611009
1610979
1611076
1611076
1611120
1611243
1611305
1611458
1611464
1611574
1611637
1611678
1611789
1611796
1611962
1612021
1612057
1612239
1612243
1612369
1612330
1612499
1612651
1612641
1612682
1612758
1612912
1613013
1613004
1613183
1613253
1613278
1613257
1613143
1612969
1612737
1612451
1612098
1611809
1611418
1611235
1611040
1610722
1610595
1610455
1610312
1610273
1610154
1610102
1610092
1610079
1610073
1609991
1609965
1609939
1609990
1609996
1609937
1609910
1609896
1609876
1609864
1609991
1609957
1609996
1610150
1610087
1610202
1610133
1610159
1610115
1610075
1610153
1610159
1610142
1610141
1610107
1610170
1610141
1610147
1610062
1610091
1610093
1610051
1609949
1610017
1610065
1610068
1610120
1610240
1610262
1610378
1610441
1610481
1610512
1610595
1610823
1610809
1610931
1610998
1611095
1611214
1611312
1611396
1611452
1611592
1611715
1611685
1611840
1611878
1611922
1611998
1612115
1612173
1612377
1612402
1612571
1612649
1612713
1612727
1612872
1612906
1613120
1613063
1613141
1613214
1613231
1613077
1612830
1612585
1612272
1611961
1611643
1611409
1611080
1610950
1610650
1610474
1610507
1610402
1610312
1610274
1610233
1610210
1610232
1610117
1610140
1610143
1610157
1610170
1610086
1610149
1610026
1610134
1610023
1610155
1610146
1610241
1610248
1610328
1610334
1610362
1610438
1610377
1610332
1610325
1610414
1610284
1610322
1610304
1610354
1610287
1610313
1610374
1610372
1610478
1610500
1610497
1610614
1610617
1610634
1610695
1610778
1610815
1610849
1610943
1611051
1611147
1611225
1611236
1611306
1611432
1611507
1611601
1611632
1611827
1611827
1611918
1611977
1612107
1612172
1612235
1612315
1612340
1612429
1612592
1612664
1612698
1612747
1612890
1613060
1613101
1613202
1613223
1613275
1613457
1613464
1613657
1613635
1613654
1613699
1613454
1613251
1612962
1612668
1612379
1612081
1611708
1611568
1611344
1611182
1610930
1610871
1610852
1610789
1610736
1610730
1610676
1610753
1610686
1610724
1610660
1610602
1610609
1610657
1610574
1610570
1610649
1610716
1610666
1610743
1610838
1610845
1610927
1610893
1610910
1610851
1610919
1610882
1610929
1610945
1610920
1610894
1610927
1610921
1610955
1610956
1611002
1610980
1611028
1611032
1611029
1611191
1611188
1611251
1611316
1611330
1611425
1611461
1611615
1611598
1611669
1611852
1611803
1611948
1611979
1611979
1612129
1612274
1612302
1612373
1612357
1612548
1612656
1612798
1612760
1612867
1612941
1613058
1613066
1613166
1613195
1613341
1613358
1613545
1613646
1613742
1613764
1613908
1613883
1614090
1614161
1614151
1614219
1614246
1613995
1613648
1613496
1613180
1612835
1612575
1612207
1612002
1611888
1611661
1611561
1611454
1611379
1611278
1611240
1611306
1611273
1611269
1611257
1611202
1611284
1611181
1611154
1611179
1611204
1611176
1611222
1611275
1611280
1611265
1611364
1611399
1611442
1611525
1611573
1611580
1611534
1611545
1611535
1611515
1611484
1611565
1611510
1611530
1611559
1611570
1611532
1611633
1611630
1611632
1611764
1611798
1611781
1611888
1611980
1612028
1612042
1612209
1612198
1612302
1612288
1612381
1612437
1612529
1612611
1612746
1612860
1612919
1612915
1613050
1613087
1613207
1613356
1613390
1613462
1613470
1613652
1613694
1613737
1613877
1613929
1614000
1614150
1614245
1614312
1614390
1614542
1614568
1614592
1614648
1614570
1614363
1614073
1613768
1613597
1613171
1613002
1612653
1612412
1612291
1612094
1611970
1611895
1611873
1611717
1611808
1611694
1611743
1611669
1611779
1611708
1611795
1611698
1611804
1611647
1611757
1611714
1611767
1611745
1611837
1611928
1611915
1611925
1612015
1612000
1612011
1612041
1612108
1612052
1612036
1612074
1612133
1612055
1612046
1612059
1612121
1612172
1612109
1612104
1612236
1612178
1612283
1612397
1612384
1612516
1612517
1612574
1612601
1612740
1612747
1612871
1612903
1613032
1613104
1613156
1613173
1613274
1613390
1613420
1613599
1613548
1613725
1613744
1613831
1613915
1614039
1614043
1614181
1614235
1614389
1614499
1614519
1614556
1614686
1614839
1614855
1614993
1614986
1615096
1615183
1615189
1615082
1614929
1614647
1614386
1614099
1613784
1613483
1613152
1612933
1612776
1612657
1612503
1612501
1612377
1612324
1612397
1612340
1612272
1612262
1612260
1612281
1612255
1612300
1612271
1612296
1612245
1612297
1612283
1612434
1612419
1612395
1612481
1612531
1612586
1612576
1612652
1612652
1612560
1612602
1612589
1612645
1612615
1612571
1612572
1612597
1612588
1612620
1612643
1612702
1612720
1612864
1612857
1612919
1612971
1613003
1613092
1613117
1613119
1613242
1613307
1613407
1613480
1613545
1613540
1613709
1613721
1613827
1613956
1613939
1614050
1614178
1614186
1614338
1614335
1614487
1614546
1614593
1614746
1614727
1614893
1614962
1615043
1615101
1615246
1615377
1615457
1615498
1615543
1615624
1615617
1615457
1615399
1615108
1614758
1614471
1614088
1613967
1613596
1613393
1613201
1613089
1612940
1612824
1612764
1612776
1612761
1612651
1612672
1612607
1612679
1612595
1612609
1612619
1612665
1612646
1612645
1612642
1612626
1612759
1612672
1612800
1612819
1612874
1612864
1612938
1612913
1612874
1612920
1612887
1612874
1612955
1612842
1612906
1612947
1612855
1612905
1612951
1612931
1612990
1613072
1612992
1613068
1613113
1613130
1613213
1613332
1613376
1613432
1613544
1613564
1613596
1613671
1613750
1613793
1613847
1613990
1614029
1614092
1614207
1614266
1614401
1614371
1614467
1614555
1614588
1614718
1614726
1614784
1614955
1615036
1615136
1615178
1615265
1615361
1615440
1615525
1615666
1615763
1615731
1615644
1615554
1615377
1615114
1614854
1614584
1614274
1613949
1613702
1613538
1613324
1613128
1613123
1612944
1612890
1612805
1612767
1612840
1612753
1612820
1612761
1612685
1612695
1612727
1612701
1612708
1612769
1612720
1612757
1612809
1612857
1612847
1612949
1612983
1613002
1612987
1613016
1612989
1612992
1613009
1612979
1613015
1613013
1613010
1613029
1612931
1613070
1612997
1613028
1613100
1613132
1613151
1613189
1613249
1613249
1613376
1613389
1613480
1613552
1613613
1613659
1613676
1613806
1613917
1613915
1614009
1614040
1614070
1614180
1614219
1614358
1614422
1614547
1614488
1614630
1614716
1614711
1614847
1614924
1615012
1615047
1615193
1615236
1615314
1615392
1615412
1615552
1615670
1615724
1615696
1615677
1615520
1615251
1614952
1614619
1614403
1614083
1613796
1613618
1613435
1613208
1613072
1613012
1612953
1612888
1612779
1612805
1612795
1612760
1612744
1612712
1612766
1612711
1612792
1612678
1612703
1612663
1612704
1612726
1612834
1612759
1612903
1612892
1612999
1612995
1612941
1612952
1612972
1613004
1613081
1612953
1612987
1612921
1612966
1613003
1612987
1613036
1613025
1612980
1613057
1613152
1613187
1613317
1613253
1613288
1613393
1613456
1613519
1613541
1613593
1613724
1613678
1613776
1613865
1613938
1613991
1614092
1614176
1614203
1614302
1614372
1614369
1614499
1614496
1614671
1614749
1614809
1614861
1614960
1614999
1615040
1615220
1615206
1615359
1615400
1615486
1615563
1615626
1615739
1615735
1615678
1615585
1615301
1615022
1614723
1614398
1614126
1613874
1613712
1613366
1613262
1613109
1612976
1613006
1612909
1612839
1612797
1612820
1612787
1612859
1612859
1612774
1612819
1612760
1612765
1612740
1612764
1612766
1612801
1612802
1612921
1612923
1612967
1612940
1613032
1613012
1613080
1613021
1612974
1613008
1613008
1612963
1612986
1612933
1612971
1612948
1613023
1613000
1613059
1613103
1613100
1613209
1613107
1613303
1613317
1613386
1613496
1613532
1613463
1613583
1613665
1613735
1613754
1613870
1613934
1613965
1614044
1614143
1614149
1614371
1614382
1614410
1614514
1614518
1614691
1614689
1614707
1614913
1614979
1615035
1615207
1615285
1615265
1615339
1615392
1615469
1615636
1615738
1615712
1615755
1615769
1615702
1615377
1615135
1614839
1614528
1614233
1613913
1613685
1613553
1613313
1613186
1613125
1612902
1612830
1612707
1612698
1612620
1612578
1612551
1612569
1612577
1612594
1612510
1612549
1612497
1612551
1612533
1612615
1612739
1612702
1612684
1612784
1612816
1612860
1612805
1612885
1612941
1612883
1612871
1612858
1612892
1612893
1612978
1612870
1612915
1612961
1612982
1613056
1613009
1613067
1613095
1613141
1613217
1613275
1613261
1613264
1613370
1613474
1613499
1613635
1613713
1613754
1613796
1613854
1613928
1614009
1614130
1614180
1614171
1614236
1614368
1614491
1614450
1614567
1614647
1614657
1614781
1614835
1614924
1615083
1615143
1615129
1615231
1615286
1615410
1615455
1615626
1615703
1615806
1615779
1615801
1615797
1615660
1615535
1615141
1614975
1614653
1614280
1614047
1613819
1613629
1613454
1613394
1613257
1613176
1613140
1613107
1613083
1613082
1612991
1613082
1613077
1613038
1613032
1613025
1613060
1613021
1612918
1612999
1613114
1612960
1613094
1613185
1613162
1613122
1613203
1613245
1613260
1613166
1613222
1613232
1613230
1613290
1613235
1613209
1613225
1613213
1613246
1613268
1613339
1613357
1613390
1613452
1613449
1613530
1613550
1613606
1613620
1613771
1613812
1613792
1613915
1613961
1614088
1614143
1614269
1614262
1614289
1614353
1614527
1614549
1614636
1614714
1614787
1614825
1614918
1614983
1615098
1615090
1615247
1615338
1615355
1615460
1615492
1615665
1615648
1615784
1615831
1616032
1616041
1616066
1616002
1615945
1615770
1615589
1615280
1614916
1614603
1614355
1614128
1613899
1613795
1613641
1613466
1613465
1613268
1613332
1613216
1613202
1613295
1613253
1613205
1613244
1613244
1613266
1613211
1613202
1613208
1613210
1613239
1613278
1613262
1613328
1613383
1613403
1613512
1613436
1613405
1613422
1613483
1613450
1613469
1613518
1613464
1613497
1613420
1613569
1613456
1613519
1613433
1613618
1613521
1613593
1613706
1613679
1613776
1613748
1613864
1614017
1613948
1614089
1614151
1614215
1614248
1614315
1614383
1614497
1614513
1614527
1614638
1614673
1614741
1614842
1614875
1614944
1615046
1615163
1615224
1615273
1615322
1615363
1615560
1615571
1615646
1615804
1615831
1615867
1616014
1616076
1616202
1616233
1616262
1616129
1616008
1615716
1615517
1615131
1614957
1614607
1614392
1614187
1613965
1613763
1613749
1613724
1613581
1613499
1613518
1613501
1613406
1613520
1613445
1613483
1613437
1613438
1613452
1613413
1613400
1613342
1613433
1613407
1613518
1613540
1613593
1613636
1613652
1613656
1613631
1613665
1613644
1613589
1613587
1613644
1613675
1613571
1613697
1613593
1613646
1613650
1613677
1613714
1613722
1613782
1613815
1613853
1613916
1613992
1613951
1614196
1614183
1614170
1614253
1614248
1614440
1614393
1614497
1614567
1614676
1614785
1614838
1614917
1615065
1615025
1615175
1615163
1615239
1615321
1615401
1615481
1615548
1615664
1615678
1615709
1615859
1616007
1616025
1616153
1616229
1616375
1616347
1616327
1616269
1616127
1615878
1615682
1615348
1615049
1614826
1614557
1614298
1614074
1613943
1613878
1613754
1613680
1613640
1613558
1613642
1613554
1613553
1613582
1613491
1613532
1613567
1613565
1613535
1613526
1613458
1613554
1613606
1613507
1613606
1613567
1613650
1613721
1613683
1613751
1613712
1613780
1613682
1613742
1613722
1613711
1613682
1613737
1613651
1613731
1613737
1613713
1613763
1613820
1613850
1613895
1613849
1614016
1613999
1614128
1614066
1614203
1614235
1614358
1614354
1614390
1614483
1614546
1614642
1614592
1614708
1614863
1614902
1614940
1615060
1615129
1615134
1615254
1615322
1615353
1615478
1615569
1615677
1615659
1615735
1615884
1615901
1616055
1616099
1616121
1616322
1616308
1616357
1616327
1616270
1616022
1615793
1615569
1615232
1614998
1614703
1614462
1614243
1614108
1613939
1613791
1613730
1613634
1613719
1613679
1613583
1613629
1613593
1613616
1613551
1613552
1613537
1613541
1613480
1613429
1613460
1613537
1613621
1613586
1613592
1613662
1613674
1613687
1613707
1613734
1613615
1613740
1613655
1613697
1613674
1613661
1613650
1613615
1613653
1613670
1613722
1613689
1613709
1613806
1613717
1613909
1613923
1613990
1613989
1614092
1614138
1614188
1614218
1614284
1614294
1614344
1614493
1614539
1614612
1614695
1614757
1614791
1614842
1614944
1615018
1615068
1615203
1615282
1615251
1615317
1615456
1615533
1615616
1615702
1615693
1615822
1615937
1615917
1616043
1616110
1616204
1616275
1616360
1616323
1616257
1616081
1615822
1615455
1615263
1614921
1614618
1614407
1614165
1614030
1613931
1613818
1613715
1613593
1613661
1613537
1613552
1613514
1613479
1613530
1613488
1613464
1613443
1613477
1613437
1613324
1613493
1613494
1613532
1613498
1613553
1613520
1613634
1613607
1613608
1613653
1613662
1613622
1613660
1613580
1613594
1613631
1613579
1613592
1613593
1613566
1613605
1613659
1613681
1613669
1613746
1613767
1613747
1613816
1613904
1613965
1614051
1614096
1614187
1614170
1614201
1614304
1614380
1614506
1614484
1614538
1614628
1614612
1614714
1614845
1614899
1614955
1614995
1615111
1615106
1615196
1615290
1615376
1615457
1615555
1615632
1615670
1615776
1615829
1615911
1616105
1616125
1616160
1616167
1616149
1615884
1615564
1615347
1615055
1614720
1614469
1614204
1614080
1613865
1613723
1613657
1613446
1613388
1613409
1613311
1613326
1613331
1613250
1613357
1613264
1613226
1613258
1613243
1613136
1613214
1613172
1613214
1613252
1613315
1613329
1613315
1613323
1613454
1613352
1613339
1613397
1613464
1613274
1613392
1613329
1613281
1613320
1613320
1613383
1613320
1613388
1613302
1613374
1613448
1613483
1613510
1613558
1613630
1613637
1613763
1613761
1613822
1613897
1613976
1613964
1614047
1614102
1614220
1614218
1614321
1614413
1614417
1614437
1614562
1614562
1614686
1614736
1614779
1614934
1614966
1615034
1615155
1615213
1615258
1615291
1615405
1615491
1615559
1615672
1615673
1615796
1615839
1615767
1615741
1615542
1615272
1614974
1614732
1614381
1614129
1613884
1613677
1613517
1613385
1613317
1613153
1613131
1613155
1613019
1612965
1613006
1612938
1612950
1612942
1612929
1612965
1612829
1612799
1612841
1612811
1612856
1612936
1612982
1612943
1612997
1612977
1613073
1613088
1613040
1613043
1613016
1613011
1613009
1612984
1612991
1612974
1612974
1612917
1612957
1612974
1612964
1612993
1613128
1613066
1613138
1613180
1613213
1613262
1613281
1613362
1613401
1613558
1613507
1613499
1613602
1613677
1613768
1613751
1613907
1613934
1614062
1614058
1614080
1614157
1614286
1614278
1614451
1614487
1614584
1614584
1614667
1614778
1614814
1614913
1614983
1614997
1615083
1615129
1615299
1615304
1615382
1615296
1615209
1614964
1614817
1614411
1614169
1613884
1613643
1613329
1613222
1613007
1612838
1612749
1612654
1612588
1612483
1612537
1612431
1612376
1612378
1612351
1612324
1612334
1612258
1612243
1612272
1612156
1612207
1612178
1612148
1612280
1612278
1612294
1612321
1612381
1612462
1612313
1612333
1612293
1612314
1612322
1612227
1612293
1612225
1612146
1612285
1612147
1612234
1612249
1612244
1612312
1612367
1612429
1612450
1612453
1612614
1612535
1612553
1612604
1612670
1612738
1612842
1612859
1612978
1613005
1613043
1613095
1613146
1613241
1613306
1613358
1613363
1613449
1613584
1613618
1613706
1613823
1613822
1613895
1613942
1614031
1614088
1614193
1614243
1614271
1614454
1614458
1614523
1614424
1614259
1614035
1613798
1613465
1613153
1612807
1612686
1612395
1612239
1612039
1611929
1611923
1611826
1611686
1611731
1611698
1611597
1611546
1611637
1611585
1611567
1611464
1611418
1611494
1611457
1611441
1611396
1611427
1611500
1611479
1611460
1611528
1611588
1611594
1611625
1611427
1611501
1611559
1611514
1611443
1611426
1611472
1611475
1611510
1611441
1611462
1611487
1611532
1611606
1611580
1611680
1611643
1611698
1611754
1611872
1611858
1611968
1612010
1612047
1612060
1612092
1612134
1612198
1612248
1612385
1612489
1612460
1612526
1612558
1612701
1612712
1612831
1612906
1612963
1613027
1613078
1613077
1613208
1613296
1613440
1613423
1613531
1613612
1613683
1613737
1613794
1613851
1613684
1613593
1613365
1613099
1612910
1612457
1612261
1612000
1611715
1611494
1611433
1611338
1611272
1611100
1611067
1611056
1610919
1610927
1610967
1610860
1610940
1610871
1610884
1610803
1610827
1610733
1610786
1610786
1610825
1610767
1610853
1610861
1610879
1610873
1610837
1610921
1610868
1610850
1610824
1610742
1610846
1610776
1610804
1610736
1610748
1610748
1610755
1610843
1610798
1610797
1610924
1610972
1611010
1611054
1611071
1611140
1611094
1611243
1611243
1611231
1611299
1611446
1611463
1611523
1611542
1611638
1611699
1611741
1611844
1611934
1611938
1612006
1612101
1612094
1612162
1612266
1612294
1612375
1612554
1612537
1612584
1612706
1612762
1612843
1612959
1612912
1612981
1612812
1612662
1612374
1612077
1611851
1611585
1611339
1611145
1610893
1610765
1610561
1610387
1610468
1610369
1610273
1610224
1610261
1610172
1610134
1610150
1610161
1610057
1609974
1609999
1609867
1609889
1610005
1609892
1609923
1610003
1610032
1609995
1609988
1610014
1609954
1610051
1610023
1609997
1610008
1609937
1609907
1609927
1609877
1609904
1609946
1609913
1609921
1609989
1610038
1609963
1610044
1610124
1610121
1610099
1610245
1610216
1610253
1610398
1610372
1610408
1610525
1610494
1610585
1610635
1610764
1610778
1610828
1610874
1610916
1611056
1611084
1611097
1611178
1611331
1611364
1611411
1611485
1611595
1611641
1611755
1611808
1611827
1612002
1611941
1611803
1611822
1611592
1611355
1611119
1610861
1610511
1610323
1610138
1609906
1609770
1609653
1609544
1609459
1609453
1609370
1609323
1609315
1609222
1609245
1609228
1609158
1609112
1609145
1609067
1609032
1609040
1608985
1609042
1609073
1609068
1609048
1609106
1609090
1609042
1609106
1609092
1609046
1609004
1609031
1609045
1608946
1608915
1609011
1608896
1609030
1609041
1609000
1609041
1609087
1609093
1609169
1609160
1609237
1609239
1609309
1609406
1609457
1609392
1609569
1609583
1609660
1609652
1609741
1609804
1609824
1609914
1609961
1610080
1610188
1610162
1610248
1610285
1610318
1610458
1610424
1610643
1610624
1610678
1610773
1610878
1610859
1610845
1610719
1610576
1610344
1610170
1609839
1609630
1609275
1609179
1608952
1608821
1608618
1608638
1608497
1608461
1608365
1608413
1608333
1608274
1608265
1608250
1608246
1608153
1608153
1608088
1608076
1608095
1608036
1608106
1608143
1608187
1608232
1608213
1608194
1608274
1608218
1608246
1608194
1608135
1608181
1608105
1608152
1608081
1608128
1608109
1608172
1608188
1608218
1608238
1608237
1608263
1608341
1608397
1608401
1608516
1608578
1608617
1608588
1608690
1608719
1608721
1608827
1608861
1608894
1609035
1608996
1609095
1609184
1609237
1609273
1609359
1609441
1609426
1609478
1609558
1609701
1609802
1609852
1609879
1609922
1609934
1609753
1609633
1609325
1609127
1608821
1608623
1608383
1608213
1607998
1607926
1607817
1607784
1607688
1607611
1607616
1607586
1607542
1607544
1607464
1607477
1607373
1607391
1607380
1607410
1607337
1607306
1607327
1607322
1607317
1607438
1607406
1607488
1607544
1607553
1607530
1607486
1607474
1607422
1607417
1607329
1607464
1607455
1607463
1607482
1607443
1607431
1607521
1607535
1607620
1607708
1607722
1607838
1607760
1607903
1607869
1607975
1608122
1608148
1608118
1608195
1608364
1608332
1608396
1608500
1608517
1608618
1608685
1608757
1608790
1608864
1608966
1609047
1609083
1609173
1609234
1609358
1609385
1609440
1609316
1609101
1608947
1608656
1608383
1608189
1608048
1607873
1607668
1607545
1607408
1607357
1607236
1607242
1607195
1607138
1607173
1607115
1607031
1607107
1607028
1606964
1607046
1606953
1606925
1606956
1606967
1606957
1606957
1607064
1607022
1607061
1607089
1607094
1607112
1607115
1607073
1607013
1607065
1607074
1607035
1607135
1607083
1607101
1607081
1607127
1607153
1607168
1607313
1607291
1607406
1607413
1607457
1607559
1607534
1607690
1607606
1607792
1607747
1607817
1607916
1607938
1608058
1608062
1608218
1608200
1608390
1608294
1608369
1608523
1608511
1608610
1608739
1608752
1608786
1608921
1609081
1609027
1609122
1609115
1609061
1608923
1608616
1608459
1608239
1607922
1607762
1607595
1607469
1607344
1607271
1607178
1607119
1607058
1607025
1606945
1606939
1606926
1606888
1606798
1606866
1606781
1606792
1606722
1606666
1606651
1606721
1606712
1606751
1606872
1606870
1606862
1606888
1606913
1606882
1606886
1606944
1606885
1606898
1606771
1606895
1606891
1606929
1606868
1606911
1606957
1606958
1606959
1607129
1607069
1607192
1607218
1607240
1607315
1607332
1607413
1607426
1607475
1607599
1607631
1607658
1607772
1607813
1607904
1607939
1608000
1608065
1608135
1608239
1608305
1608343
1608449
1608512
1608668
1608690
1608723
1608836
1608909
1608936
1609037
1608990
1608916
1608682
1608558
1608327
1608131
1608021
1607731
1607504
1607341
1607305
1607198
1607085
1607053
1607097
1607034
1606968
1606961
1606932
1606905
1606865
1606848
1606808
1606857
1606789
1606666
1606725
1606746
1606782
1606795
1606817
1606774
1606841
1606898
1606856
1606903
1606889
1606873
1606886
1606904
1606856
1606908
1606858
1606979
1606962
1606991
1606985
1607047
1607023
1607029
1607123
1607162
1607200
1607262
1607316
1607498
1607412
1607426
1607545
1607589
1607660
1607784
1607788
1607895
1607878
1608004
1608064
1608053
1608180
1608258
1608323
1608355
1608453
1608450
1608636
1608759
1608790
1608866
1608963
1608934
1609049
1609141
1609047
1609029
1608938
1608677
1608415
1608316
1608116
1607827
1607784
1607493
1607500
1607414
1607336
1607282
1607290
1607232
1607207
1607123
1607103
1607062
1607200
1607104
1607126
1606924
1606962
1606929
1607004
1606985
1606992
1607046
1607040
1606980
1607173
1607175
1607160
1607180
1607186
1607139
1607202
1607169
1607146
1607175
1607106
1607154
1607159
1607220
1607251
1607286
1607252
1607367
1607407
1607449
1607488
1607568
1607660
1607678
1607747
1607866
1607904
1607940
1607964
1608093
1608215
1608177
1608232
1608403
1608383
1608466
1608420
1608635
1608603
1608787
1608892
1608857
1608950
1609081
1609204
1609210
1609371
1609471
1609464
1609504
1609444
1609335
1609142
1608968
1608753
1608579
1608373
1608264
1608041
1607886
1607877
1607818
1607779
1607794
1607627
1607655
1607686
1607608
1607642
1607651
1607602
1607533
1607563
1607455
1607460
1607501
1607470
1607438
1607581
1607525
1607695
1607659
1607777
1607750
1607709
1607767
1607679
1607707
1607798
1607834
1607808
1607871
1607797
1607734
1607872
1607857
1607883
1607947
1607928
1608006
1608061
1608129
1608148
1608315
1608384
1608320
1608372
1608523
1608604
1608588
1608746
1608757
1608922
1608836
1608938
1609053
1609056
1609119
1609254
1609306
1609428
1609565
1609524
1609550
1609761
1609809
1609853
1609944
1610042
1610019
1609875
1609821
1609645
1609351
1609240
1609052
1608881
1608698
1608602
1608431
1608434
1608311
1608367
1608315
1608304
1608311
1608363
1608279
1608296
1608189
1608197
1608194
1608196
1608186
1608168
1608147
1608180
1608269
1608357
1608368
1608381
1608420
1608457
1608396
1608480
1608453
1608435
1608431
1608451
1608487
1608533
1608502
1608524
1608517
1608516
1608591
1608708
1608791
1608766
1608797
1608898
1608896
1608900
1609078
1609108
1609156
1609235
1609262
1609374
1609422
1609513
1609630
1609611
1609650
1609815
1609851
1609972
1610002
1610099
1610188
1610178
1610330
1610370
1610449
1610541
1610678
1610719
1610703
1610760
1610687
1610481
1610348
1610132
1609939
1609815
1609560
1609542
1609319
1609178
1609156
1609108
1609127
1609002
1609008
1609040
1609009
1609014
1609038
1608932
1608903
1609005
1608839
1608870
1608826
1608859
1608909
1608952
1608993
1609084
1609044
1609075
1609104
1609182
1609197
1609155
1609251
1609173
1609170
1609206
1609202
1609228
1609188
1609272
1609382
1609291
1609369
1609404
1609497
1609549
1609578
1609627
1609665
1609748
1609815
1609826
1609884
1609972
1610099
1610104
1610171
1610269
1610312
1610351
1610402
1610507
1610560
1610620
1610693
1610798
1610878
1610965
1611014
1611131
1611204
1611207
1611232
1611274
1611160
1611002
1610807
1610699
1610503
1610292
1610082
1609919
1609926
1609771
1609606
1609621
1609582
1609573
1609516
1609501
1609521
1609500
1609585
1609464
1609424
1609406
1609399
1609444
1609390
1609433
1609411
1609461
1609545
1609575
1609612
1609679
1609748
1609713
1609755
1609764
1609658
1609662
1609745
1609682
1609625
1609697
1609826
1609781
1609809
1609869
1609843
1609912
1609957
1610078
1610102
1610065
1610289
1610260
1610314
1610375
1610438
1610474
1610535
1610636
1610614
1610802
1610753
1610828
1610922
1611026
1610980
1611160
1611235
1611308
1611305
1611446
1611556
1611583
1611734
1611709
1611763
1611640
1611572
1611405
1611218
1611035
1610876
1610652
1610509
1610425
1610299
1610243
1610219
1610135
1610019
1610012
1610056
1610049
1609991
1610037
1610033
1609954
1609914
1609958
1609886
1609883
1609967
1609904
1610047
1610088
1610068
1610066
1610173
1610167
1610232
1610201
1610203
1610209
1610200
1610202
1610231
1610194
1610318
1610261
1610245
1610401
1610396
1610356
1610472
1610495
1610571
1610636
1610709
1610805
1610726
1610866
1610953
1610926
1611053
1611017
1611080
1611181
1611335
1611382
1611424
1611473
1611524
1611701
1611774
1611780
1611863
1612021
1612095
1612082
1612195
1612312
1612404
1612347
1612387
1612371
1612239
1612151
1611910
1611814
1611436
1611211
1611181
1611110
1610977
1610874
1610885
1610874
1610849
1610823
1610869
1610824
1610849
1610778
1610802
1610792
1610837
1610771
1610760
1610715
1610707
1610891
1610836
1610902
1610999
1610981
1610976
1611021
1611119
1611102
1611075
1611132
1611141
1611077
1611143
1611102
1611153
1611195
1611229
1611289
1611268
1611297
1611389
1611428
1611505
1611597
1611584
1611647
1611751
1611799
1611929
1611943
1611908
1612054
1612085
1612118
1612272
1612347
1612392
1612450
1612479
1612528
1612703
1612700
1612792
1612968
1612955
1613065
1613166
1613145
1613177
1613072
1613027
1612901
1612710
1612546
1612347
1612190
1612074
1611955
1611871
1611862
1611789
1611765
1611741
1611769
1611673
1611750
1611672
1611708
1611635
1611662
1611748
1611726
1611576
1611645
1611599
1611700
1611710
1611805
1611918
1611866
1612022
1611938
1611955
1611959
1611979
1611904
1612028
1611963
1611986
1612040
1612075
1612002
1612142
1612066
1612142
1612130
1612282
1612280
1612372
1612452
1612479
1612577
1612651
1612674
1612620
1612715
1612780
1612895
1612995
1612998
1613042
1613091
1613252
1613259
1613386
1613422
1613584
1613569
1613658
1613818
1613813
1613974
1613954
1614026
1613995
1613920
1613899
1613712
1613598
1613343
1613210
1613122
1612872
1612764
1612699
1612711
1612647
1612574
1612580
1612577
1612560
1612519
1612487
1612471
1612519
1612416
1612449
1612432
1612473
1612420
1612430
1612369
1612518
1612580
1612610
1612617
1612626
1612602
1612676
1612712
1612717
1612738
1612712
1612753
1612664
1612735
1612779
1612694
1612789
1612780
1612917
1612954
1612949
1613068
1613069
1613130
1613206
1613220
1613286
1613325
1613421
1613409
1613500
1613512
1613662
1613688
1613773
1613890
1613894
1613955
1614060
1614146
1614203
1614180
1614348
1614319
1614496
1614510
1614559
1614536
1614441
1614316
1614181
1614035
1613798
1613695
1613515
1613437
1613341
1613113
1613150
1613116
1613105
1613084
1612996
1613005
1613007
1613031
1612984
1612892
1612909
1612939
1612814
1612906
1612730
1612838
1612922
1612994
1612962
1613051
1613041
1613038
1613050
1613115
1613140
1613142
1613094
1613063
1613069
1613115
1613212
1613156
1613082
1613174
1613187
1613166
1613235
1613292
1613395
1613399
1613450
1613494
1613537
1613607
1613587
1613724
1613758
1613771
1613859
1613881
1613921
1614034
1614093
1614145
1614239
1614321
1614345
1614489
1614519
1614520
1614654
1614692
1614744
1614677
1614506
1614342
1614320
1614121
1613950
1613800
1613556
1613542
1613332
1613306
1613261
1613120
1613081
1613099
1613107
1613075
1612974
1612915
1613010
1612937
1612901
1612894
1612819
1612781
1612871
1612888
1612884
1612958
1612928
1612981
1612965
1613029
1612977
1612960
1613015
1613058
1613019
1612932
1613024
1612972
1613015
1613041
1613068
1613053
1613055
1613050
1613135
1613235
1613230
1613242
1613335
1613330
1613445
1613452
1613500
1613632
1613600
1613700
1613725
1613755
1613868
1613795
1614025
1614084
1614026
1614151
1614187
1614325
1614381
1614411
1614393
1614489
1614497
1614412
1614285
1614155
1613935
1613721
1613658
1613444
1613258
1613235
1613083
1613019
1612934
1612818
1612931
1612889
1612717
1612820
1612806
1612702
1612789
1612669
1612646
1612642
1612599
1612618
1612539
1612658
1612673
1612705
1612733
1612776
1612711
1612801
1612800
1612752
1612692
1612775
1612724
1612730
1612787
1612842
1612774
1612852
1612949
1612923
1612875
1612940
1612891
1613067
1613014
1613075
1613176
1613258
1613247
1613299
1613371
1613323
1613453
1613519
1613599
1613680
1613731
1613784
1613871
1613884
1613989
1614054
1614183
1614222
1614263
1614295
1614278
1614203
1614099
1613978
1613740
1613600
1613394
1613256
1613088
1613055
1612943
1612885
1612827
1612804
1612663
1612651
1612749
1612678
1612603
1612636
1612613
1612509
1612539
1612501
1612504
1612522
1612480
1612601
1612588
1612636
1612597
1612692
1612768
1612733
1612750
1612738
1612782
1612754
1612770
1612810
1612736
1612792
1612711
1612776
1612829
1612849
1612844
1612895
1612915
1613014
1613003
1613117
1613113
1613228
1613224
1613303
1613325
1613342
1613441
1613558
1613656
1613585
1613716
1613802
1613847
1613803
1613969
1614050
1614175
1614241
1614274
1614238
1614108
1614030
1613891
1613701
1613579
1613439
1613234
1613150
1613034
1612931
1612950
1612855
1612861
1612749
1612774
1612743
1612693
1612752
1612677
1612698
1612623
1612586
1612648
1612550
1612591
1612581
1612657
1612737
1612767
1612882
1612853
1612939
1612872
1612901
1612890
1612916
1612878
1612846
1612852
1612851
1612957
1612940
1612970
1613032
1613037
1613043
1613163
1613121
1613222
1613287
1613319
1613382
1613511
1613480
1613514
1613576
1613658
1613678
1613780
1613875
1613890
1613937
1614011
1614118
1614172
1614220
1614334
1614399
1614394
1614483
1614493
1614462
1614309
1614057
1614044
1613857
1613750
1613634
1613514
1613336
1613224
1613290
1613099
1613147
1613099
1613117
1613160
1613083
1613084
1613017
1612979
1612997
1613007
1612964
1612939
1612918
1613011
1613092
1613102
1613163
1613178
1613204
1613190
1613295
1613279
1613222
1613241
1613202
1613277
1613234
1613368
1613374
1613312
1613306
1613408
1613498
1613519
1613513
1613529
1613636
1613646
1613619
1613649
1613797
1613860
1613858
1613997
1614008
1614078
1614123
1614234
1614166
1614239
1614478
1614398
1614471
1614524
1614586
1614689
1614846
1614884
1614930
1614909
1615007
1614857
1614711
1614644
1614482
1614332
1614175
1614043
1613942
1613866
1613856
1613773
1613721
1613668
1613579
1613609
1613631
1613556
1613506
1613531
1613447
1613485
1613424
1613493
1613443
1613433
1613439
1613497
1613525
1613579
1613620
1613699
1613722
1613675
1613597
1613644
1613686
1613686
1613804
1613694
1613675
1613767
1613808
1613807
1613816
1613827
1613823
1613900
1613917
1613959
1614107
1614053
1614155
1614224
1614294
1614277
1614426
1614451
1614472
1614519
1614617
1614607
1614786
1614698
1614847
1614964
1615048
1615134
1615157
1615286
1615370
1615351
1615449
1615499
1615467
1615505
1615481
1615355
1615119
1614974
1614854
1614731
1614554
1614480
1614451
1614351
1614259
1614272
1614187
1614248
1614194
1614208
1614238
1614197
1614141
1614176
1614085
1614107
1614079
1614104
1614070
1614189
1614226
1614202
1614252
1614323
1614356
1614445
1614366
1614443
1614435
1614437
1614351
1614339
1614403
1614402
1614393
1614460
1614465
1614458
1614513
1614580
1614648
1614722
1614717
1614707
1614803
1614852
1614894
1615046
1615144
1615148
1615143
1615221
1615361
1615347
1615359
1615479
1615548
1615608
1615675
1615769
1615802
1615895
1615933
1616046
1616056
1616052
1616117
1616105
1615976
1615934
1615752
1615619
1615431
1615362
1615271
1615161
1615003
1615030
1614947
1614981
1614936
1614896
1614925
1614876
1614930
1614884
1614871
1614830
1614859
1614837
1614778
1614758
1614882
1614943
1614978
1615025
1615056
1615092
1615098
1615129
1615126
1615122
1615183
1615172
1615158
1615107
1615180
1615242
1615181
1615165
1615242
1615287
1615276
1615401
1615483
1615548
1615599
1615583
1615632
1615639
1615768
1615859
1615885
1615918
1615928
1616011
1616131
1616197
1616221
1616208
1616335
1616460
1616498
1616561
1616629
1616646
1616831
1616721
1616855
1616758
1616641
1616474
1616414
1616286
1616133
1615979
1615942
1615739
1615718
1615677
1615710
1615663
1615630
1615631
1615573
1615563
1615504
1615537
1615531
1615449
1615507
1615445
1615502
1615454
1615535
1615533
1615649
1615672
1615712
1615699
1615782
1615845
1615783
1615737
1615808
1615796
1615776
1615711
1615728
1615770
1615802
1615823
1615860
1615892
1615960
1615983
1616054
1616144
1616206
1616129
1616244
1616324
1616351
1616337
1616487
1616482
1616558
1616616
1616673
1616718
1616721
1616805
1616863
1617072
1617016
1617061
1617175
1617218
1617284
1617318
1617330
1617294
1617168
1617039
1616907
1616677
1616564
1616477
1616276
1616231
1616184
1616096
1616084
1616092
1616099
1616017
1616054
1615948
1615939
1615899
1615844
1615970
1615893
1615857
1615788
1615839
1615856
1615939
1616036
1615980
1616037
1616082
1616072
1616162
1616061
1616123
1616069
1616054
1616092
1616116
1616118
1616110
1616094
1616159
1616204
1616221
1616147
1616354
1616299
1616334
1616414
1616432
1616502
1616565
1616600
1616623
1616760
1616803
1616770
1616860
1616905
1617001
1617023
1617121
1617172
1617163
1617224
1617342
1617352
1617482
1617545
1617559
1617466
1617564
1617419
1617247
1617133
1616947
1616853
1616641
1616607
1616483
1616385
1616371
1616275
1616204
1616141
1616216
1616165
1616174
1616100
1616037
1616070
1616041
1616029
1615921
1615987
1615966
1616003
1616049
1616077
1616156
1616132
1616120
1616180
1616150
1616171
1616142
1616263
1616195
1616177
1616133
1616139
1616081
1616073
1616172
1616176
1616249
1616272
1616294
1616349
1616366
1616466
1616460
1616490
1616529
1616632
1616691
1616687
1616778
1616771
1616816
1616880
1616960
1617054
1617026
1617157
1617201
1617200
1617313
1617424
1617565
1617533
1617562
1617655
1617641
1617705
1617577
1617486
1617341
1617147
1617029
1616895
1616746
1616610
1616513
1616485
1616383
1616379
1616312
1616299
1616303
1616231
1616114
1616083
1616066
1616087
1616102
1615930
1615947
1616004
1615930
1615948
1616024
1616091
1616052
1616100
1616156
1616122
1616177
1616114
1616179
1616138
1616129
1616052
1616020
1616097
1616074
1616072
1616045
1616136
1616072
1616163
1616160
1616235
1616285
1616376
1616321
1616377
1616469
1616511
1616517
1616548
1616665
1616674
1616664
1616681
1616763
1616892
1616948
1616991
1617052
1617102
1617141
1617208
1617262
1617306
1617383
1617504
1617482
1617458
1617536
1617367
1617288
1617114
1617000
1616844
1616621
1616545
1616386
1616334
1616291
1616212
1616175
1616144
1616134
1616088
1616161
1616051
1616070
1616001
1616043
1615941
1615849
1615879
1615848
1615914
1615891
1615919
1615972
1616035
1616035
1616030
1616107
1616162
1616069
1615992
1616056
1616024
1616075
1616054
1616043
1615964
1616085
1616093
1616084
1616119
1616172
1616268
1616297
1616324
1616338
1616477
1616488
1616549
1616527
1616562
1616691
1616707
1616733
1616755
1616837
1616828
1616968
1616967
1617069
1617065
1617248
1617249
1617341
1617404
1617397
1617465
1617556
1617443
1617523
1617341
1617274
1617104
1616906
1616759
1616681
1616518
1616561
1616438
1616469
1616383
1616236
1616213
1616223
1616162
1616056
1616062
1616022
1615938
1615895
1615824
1615783
1615650
1615704
1615711
1615639
1615693
1615654
1615710
1615656
1615675
1615613
