1616136
1616243
1616395
1616360
1616419
1616531
1616635
1616757
1616851
1616889
1616961
1617044
1617013
1616876
1616548
1616209
1615912
1615697
1615080
1614895
1614645
1614528
1614473
1614315
1614283
1614227
1614164
1614081
1614019
1614007
1614097
1613952
1613940
1613932
1613821
1613850
1613835
1613768
1613740
1613802
1613790
1613881
1613918
1613978
1614052
1614051
1614011
1614054
1614097
1614054
1614043
1614025
1614042
1614063
1613995
1614092
1614130
1614106
1614135
1614176
1614249
1614240
1614394
1614384
1614413
1614477
1614506
1614546
1614702
1614703
1614791
1614917
1614959
1615011
1615122
1615178
1615190
1615307
1615387
1615420
1615531
1615571
1615649
1615723
1615864
1615877
1615969
1615995
1616091
1616118
1616293
1616233
1616378
1616550
1616579
1616655
1616797
1616873
1616968
1616919
1616793
1616805
1616556
1616297
1615937
1615630
1615426
1615040
1614859
1614728
1614600
1614478
1614401
1614238
1614354
1614237
1614137
1614165
1614158
1614124
1614134
1614033
1613943
1613946
1613903
1613920
1613930
1613926
1613957
1614013
1614029
1614075
1614174
1614197
1614221
1614128
1614260
1614157
1614252
1614227
1614157
1614302
1614224
1614275
1614193
1614295
1614332
1614305
1614333
1614353
1614433
1614471
1614527
1614568
1614671
1614710
1614707
1614831
1614938
1615002
1615005
1615038
1615146
1615230
1615298
1615348
1615445
1615536
1615534
1615684
1615692
1615739
1615925
1615936
1615956
1616033
1616104
1616269
1616344
1616375
1616429
1616562
1616646
1616714
1616793
1616940
1616946
1616992
1616966
1616716
1616474
1616270
1615968
1615702
1615446
1615107
1614932
1614739
1614632
1614508
1614440
1614395
1614279
1614272
1614200
1614215
1614156
1614132
1614130
1614058
1614030
1614085
1614005
1613968
1613933
1613995
1614031
1614075
1614104
1614074
1614135
1614148
1614263
1614170
1614276
1614144
1614075
1614201
1614182
1614164
1614229
1614151
1614182
1614270
1614269
1614243
1614259
1614302
1614291
1614338
1614392
1614477
1614523
1614580
1614626
1614641
1614747
1614780
1614831
1614891
1615003
1615057
1615132
1615192
1615302
1615435
1615360
1615470
1615505
1615685
1615676
1615757
1615774
1615797
1615925
1615974
1616102
1616139
1616249
1616309
1616407
1616397
1616541
1616645
1616636
1616685
1616769
1616713
1616418
1616274
1615946
1615624
1615324
1615041
1614831
1614699
1614543
1614368
1614230
1614223
1614163
1614101
1614056
1613926
1613918
1613944
1613891
1613875
1613852
1613833
1613742
1613808
1613788
1613740
1613752
1613821
1613832
1613877
1613933
1614005
1614012
1614001
1614054
1614031
1614025
1614029
1614024
1613931
1614036
1614031
1614073
1614005
1614069
1614071
1614002
1614116
1614124
1614235
1614233
1614347
1614369
1614431
1614469
1614611
1614526
1614648
1614735
1614790
1614909
1614908
1614941
1615070
1615147
1615226
1615280
1615431
1615445
1615527
1615608
1615635
1615723
1615803
1615787
1615919
1616050
1616107
1616171
1616257
1616312
1616425
1616500
1616616
1616619
1616683
1616705
1616530
1616315
1616103
1615769
1615464
1615228
1614996
1614728
1614578
1614513
1614341
1614214
1614107
1614073
1613964
1613989
1613894
1613903
1613920
1613936
1613847
1613810
1613844
1613778
1613756
1613737
1613806
1613884
1613897
1613984
1613949
1614059
1614103
1614037
1614110
1614059
1614084
1614072
1614029
1614031
1613976
1614065
1614103
1614167
1614123
1614066
1614163
1614163
1614250
1614261
1614393
1614401
1614381
1614489
1614564
1614674
1614783
1614893
1614804
1614887
1614972
1615075
1615117
1615195
1615329
1615367
1615444
1615510
1615621
1615699
1615665
1615798
1615873
1615917
1616016
1616123
1616198
1616222
1616298
1616408
1616489
1616593
1616693
1616718
1616873
1616914
1616938
1616921
1616816
1616570
1616303
1616055
1615745
1615456
1615241
1614949
1614776
1614740
1614513
1614423
1614351
1614212
1614322
1614280
1614194
1614180
1614199
1614125
1614074
1614011
1614065
1614061
1613970
1613945
1614003
1613999
1614151
1614076
1614070
1614160
1614195
1614219
1614297
1614309
1614319
1614241
1614290
1614287
1614260
1614240
1614199
1614275
1614205
1614355
1614318
1614283
1614364
1614430
1614383
1614552
1614636
1614648
1614720
1614795
1614845
1614940
1614937
1615054
1615000
1615159
1615229
1615256
1615327
1615395
1615479
1615537
1615729
1615798
1615869
1615874
1615945
1616026
1616112
1616183
1616265
1616286
1616460
1616478
1616541
1616730
1616731
1616863
1616948
1616970
1617054
1617069
1617055
1616957
1616755
1616486
1616133
1615835
1615641
1615303
1615104
1614960
1614798
1614653
1614562
1614542
1614519
1614438
1614354
1614370
1614332
1614341
1614262
1614224
1614240
1614186
1614210
1614226
1614088
1614130
1614222
1614275
1614332
1614326
1614386
1614447
1614428
1614407
1614432
1614473
1614481
1614523
1614513
1614427
1614471
1614397
1614421
1614399
1614426
1614508
1614595
1614545
1614627
1614672
1614635
1614797
1614883
1614958
1614844
1615065
1615073
1615152
1615269
1615307
1615440
1615473
1615523
1615584
1615592
1615724
1615856
1615884
1615931
1615986
1616041
1616150
1616268
1616305
1616429
1616453
1616522
1616712
1616671
1616771
1616835
1616981
1617058
1617190
1617201
1617377
1617385
1617402
1617390
1617278
1617049
1616855
1616605
1616213
1615937
1615623
1615528
1615258
1615101
1614954
1614910
1614897
1614847
1614796
1614738
1614755
1614719
1614610
1614646
1614587
1614636
1614626
1614543
1614518
1614547
1614472
1614556
1614667
1614696
1614749
1614779
1614754
1614776
1614786
1614797
1614857
1614743
1614783
1614699
1614722
1614866
1614857
1614763
1614806
1614861
1614828
1614896
1614988
1615051
1615107
1615093
1615146
1615258
1615292
1615355
1615418
1615498
1615490
1615642
1615693
1615750
1615836
1615908
1615919
1616065
1616091
1616146
1616227
1616276
1616474
1616451
1616507
1616631
1616688
1616794
1616769
1616950
1616972
1617042
1617163
1617235
1617253
1617428
1617517
1617529
1617614
1617685
1617811
1617894
1617843
1617729
1617557
1617280
1616992
1616707
1616460
1616149
1616001
1615805
1615596
1615447
1615405
1615334
1615179
1615301
1615239
1615144
1615142
1615132
1615187
1615137
1615103
1615055
1615026
1615007
1615013
1615032
1615005
1615043
1615095
1615190
1615226
1615261
1615251
1615256
1615285
1615236
1615279
1615189
1615351
1615323
1615252
1615277
1615282
1615309
1615358
1615379
1615374
1615460
1615433
1615578
1615570
1615669
1615758
1615788
1615778
1615881
1615945
1616042
1616114
1616168
1616118
1616281
1616336
1616458
1616474
1616607
1616604
1616715
1616794
1616833
1616916
1617044
1617058
1617183
1617213
1617269
1617346
1617441
1617543
1617668
1617597
1617739
1617777
1617991
1617964
1617967
1618191
1618112
1618014
1617840
1617657
1617325
1617018
1616744
1616493
1616289
1616083
1615955
1615840
1615735
1615657
1615562
1615490
1615598
1615421
1615478
1615484
1615492
1615369
1615284
1615284
1615264
1615275
1615273
1615318
1615349
1615367
1615332
1615427
1615445
1615552
1615460
1615485
1615553
1615527
1615534
1615521
1615509
1615544
1615500
1615513
1615597
1615618
1615534
1615474
1615605
1615644
1615667
1615691
1615762
1615747
1615852
1615927
1615976
1616007
1616135
1616208
1616254
1616264
1616353
1616404
1616458
1616575
1616663
1616631
1616812
1616870
1616866
1616993
1617092
1617143
1617168
1617231
1617263
1617413
1617574
1617522
1617646
1617753
1617804
1617886
1617987
1618015
1618113
1618183
1618270
1618159
1618025
1617885
1617496
1617241
1617080
1616656
1616424
1616198
1616018
1615984
1615879
1615800
1615752
1615593
1615567
1615556
1615515
1615528
1615515
1615419
1615427
1615383
1615459
1615293
1615319
1615154
1615258
1615346
1615372
1615434
1615402
1615574
1615548
1615570
1615570
1615555
1615594
1615584
1615532
1615474
1615500
1615520
1615500
1615530
1615554
1615530
1615595
1615641
1615643
1615689
1615700
1615736
1615876
1615906
1615948
1615968
1616070
1616161
1616073
1616264
1616222
1616290
1616458
1616436
1616584
1616586
1616689
1616771
1616815
1616930
1616960
1617092
1617117
1617154
1617279
1617242
1617392
1617451
1617563
1617597
1617693
1617719
1617875
1617890
1618102
1618090
1618172
1618168
1618180
1618042
1617902
1617581
1617306
1617040
1616771
1616476
1616281
1616057
1615950
1615841
1615751
1615631
1615533
1615614
1615547
1615479
1615449
1615423
1615425
1615465
1615365
1615344
1615264
1615358
1615184
1615230
1615273
1615320
1615350
1615428
1615415
1615353
1615507
1615502
1615508
1615397
1615421
1615479
1615479
1615430
1615399
1615408
1615525
1615403
1615519
1615554
1615596
1615594
1615573
1615680
1615699
1615788
1615764
1615896
1615952
1615956
1616016
1616033
1616164
1616235
1616312
1616337
1616452
1616458
1616558
1616644
1616743
1616827
1616768
1616877
1616966
1616995
1617183
1617204
1617208
1617340
1617355
1617411
1617552
1617520
1617713
1617756
1617782
1617948
1617976
1617887
1617864
1617645
1617428
1617156
1616842
1616623
1616344
1616111
1615902
1615779
1615650
1615584
1615502
1615515
1615272
1615349
1615427
1615355
1615308
1615214
1615284
1615135
1615157
1615196
1615130
1615102
1615107
1615134
1615177
1615272
1615303
1615247
1615365
1615332
1615388
1615297
1615405
1615374
1615267
1615264
1615369
1615325
1615263
1615357
1615329
1615351
1615372
1615388
1615472
1615487
1615570
1615587
1615633
1615770
1615742
1615797
1615897
1615985
1616042
1616074
1616110
1616112
1616276
1616374
1616385
1616487
1616513
1616609
1616721
1616751
1616791
1616921
1616987
1617004
1617056
1617180
1617214
1617262
1617405
1617539
1617560
1617605
1617683
1617837
1617859
1617994
1617852
1617716
1617473
1617250
1616931
1616669
1616395
1616183
1616069
1615914
1615683
1615595
1615503
1615432
1615354
1615390
1615383
1615288
1615322
1615318
1615241
1615252
1615187
1615179
1615070
1615102
1615097
1615128
1615099
1615272
1615257
1615275
1615293
1615307
1615361
1615390
1615360
1615420
1615383
1615360
1615386
1615421
1615325
1615383
1615401
1615389
1615414
1615438
1615496
1615545
1615521
1615577
1615681
1615717
1615757
1615825
1615855
1615916
1616017
1616031
1616139
1616244
1616240
1616263
1616382
1616441
1616497
1616564
1616697
1616770
1616765
1616827
1617023
1616947
1617018
1617132
1617278
1617245
1617262
1617382
1617561
1617638
1617651
1617772
1617803
1617856
1617879
1617792
1617590
1617330
1617206
1616867
1616652
1616406
1616101
1615934
1615784
1615677
1615535
1615564
1615388
1615402
1615352
1615410
1615255
1615333
1615340
1615255
1615303
1615265
1615158
1615143
1615075
1615118
1615102
1615138
1615299
1615261
1615311
1615336
1615376
1615406
1615451
1615370
1615327
1615377
1615298
1615399
1615368
1615358
1615360
1615403
1615353
1615359
1615391
1615463
1615538
1615578
1615673
1615696
1615681
1615721
1615822
1615864
1615962
1615998
1616094
1616143
1616129
1616314
1616383
1616406
1616583
1616532
1616568
1616728
1616780
1616796
1616811
1616941
1616946
1617067
1617186
1617184
1617308
1617379
1617513
1617521
1617635
1617742
1617792
1617726
1617688
1617560
1617382
1617020
1616821
1616472
1616269
1616003
1615914
1615665
1615602
1615508
1615430
1615388
1615343
1615253
1615260
1615307
1615228
1615185
1615172
1615143
1615137
1615023
1615005
1615065
1615048
1614949
1615125
1615112
1615139
1615219
1615162
1615285
1615305
1615332
1615307
1615264
1615273
1615259
1615284
1615298
1615284
1615255
1615157
1615227
1615314
1615385
1615289
1615372
1615470
1615490
1615602
1615652
1615666
1615749
1615834
1615804
1615931
1615893
1616053
1616118
1616114
1616157
1616268
1616357
1616436
1616542
1616565
1616591
1616685
1616739
1616842
1616944
1616995
1617012
1617128
1617228
1617255
1617321
1617459
1617445
1617575
1617637
1617729
1617656
1617569
1617501
1616979
1616686
1616447
1616197
1616007
1615785
1615674
1615545
1615481
1615387
1615322
1615269
1615292
1615282
1615200
1615146
1615111
1615095
1615105
1615048
1614993
1614978
1614880
1614932
1615033
1615022
1615054
1615047
1615119
1615159
1615196
1615180
1615218
1615087
1615172
1615201
1615085
1615161
1615105
1615190
1615113
1615120
1615242
1615200
1615238
1615265
1615262
1615369
1615427
1615500
1615488
1615523
1615669
1615653
1615702
1615819
1615861
1615902
1616013
1616098
1616140
1616134
1616226
1616219
1616415
1616378
1616436
1616590
1616596
1616654
1616751
1616877
1616930
1617119
1617065
1617105
1617259
1617298
1617352
1617458
1617349
1617356
1617205
1616899
1616759
1616354
1616121
1615941
1615648
1615493
1615446
1615278
1615258
1615180
1615087
1615026
1615072
1614930
1614932
1614933
1614834
1614788
1614773
1614737
1614706
1614684
1614693
1614618
1614715
1614737
1614759
1614823
1614790
1614901
1614916
1614874
1614900
1614823
1614922
1614892
1614867
1614848
1614829
1614862
1614863
1614958
1614988
1614851
1614949
1614976
1615085
1615048
1615115
1615155
1615218
1615253
1615266
1615381
1615475
1615475
1615561
1615540
1615761
1615719
1615802
1615871
1615920
1616048
1616145
1616176
1616231
1616279
1616417
1616489
1616470
1616568
1616679
1616696
1616821
1616872
1616922
1617026
1617094
1617155
1617176
1617007
1616822
1616652
1616360
1616030
1615812
1615664
1615352
1615257
1615106
1614977
1614916
1614748
1614776
1614690
1614686
1614753
1614603
1614688
1614626
1614592
1614523
1614445
1614461
1614471
1614409
1614391
1614416
1614502
1614491
1614536
1614603
1614595
1614672
1614720
1614627
1614647
1614581
1614673
1614604
1614654
1614655
1614589
1614700
1614615
1614678
1614698
1614783
1614761
1614847
1614892
1614871
1615015
1615011
1615113
1615160
1615157
1615261
1615316
1615405
1615495
1615519
1615543
1615645
1615773
1615722
1615856
1615923
1615999
1616051
1616073
1616145
1616307
1616277
1616432
1616508
1616559
1616715
1616649
1616845
1616903
1616892
1616853
1616844
1616606
1616328
1616000
1615834
1615539
1615368
1615177
1614934
1614712
1614510
1614440
1614310
1614185
1614160
1614089
1614060
1614090
1614065
1614111
1614054
1613980
1614102
1614069
1614036
1614066
1614111
1614124
1614209
1614291
1614391
1614378
1614436
1614482
1614537
1614417
1614606
1614510
1614581
1614486
1614409
1614536
1614508
1614568
1614585
1614616
1614590
1614623
1614703
1614719
1614839
1614828
1614908
1614940
1615041
1615078
1615126
1615234
1615277
1615298
1615490
1615419
1615461
1615590
1615629
1615785
1615863
1615772
1615953
1616017
1616143
1616149
1616259
1616359
1616367
1616438
1616578
1616687
1616731
1616790
1616728
1616656
1616505
1616264
1616011
1615726
1615504
1615296
1615093
1614991
1614849
1614668
1614571
1614556
1614457
1614446
1614396
1614427
1614392
1614307
1614294
1614280
1614204
1614161
1614226
1614000
1614194
1614097
1614236
1614201
1614263
1614304
1614371
1614333
1614383
1614442
1614492
1614423
1614472
1614456
1614480
1614508
1614520
1614498
1614536
1614473
1614630
1614619
1614647
1614643
1614712
1614774
1614793
1614848
1614900
1614943
1615001
1614999
1615128
1615168
1615225
1615274
1615366
1615341
1615408
1615591
1615620
1615563
1615764
1615810
1615935
1615939
1615996
1616154
1616241
1616321
1616301
1616383
1616164
1615929
1615782
1615501
1615271
1615033
1614885
1614671
1614534
1614413
1614289
1614257
1614228
1614180
1614075
1614072
1614085
1614036
1614033
1613951
1613928
1613937
1613853
1613832
1613766
1613770
1613864
1613854
1613963
1614012
1614064
1614061
1614161
1614051
1614083
1614123
1614126
1614023
1614045
1614076
1614142
1614105
1614090
1614093
1614129
1614214
1614248
1614218
1614296
1614343
1614403
1614476
1614505
1614648
1614631
1614705
1614746
1614789
1614920
1614919
1614886
1615102
1615106
1615180
1615297
1615318
1615415
1615499
1615569
1615637
1615712
1615784
1615794
1615932
1615970
1616081
1615980
1615973
1615762
1615616
1615362
1615098
1614882
1614603
1614439
1614318
1614261
1614118
1614034
1613928
1613900
1613871
1613784
1613866
1613805
1613747
1613739
1613619
1613663
1613540
1613607
1613585
1613547
1613539
1613532
1613611
1613647
1613729
1613794
1613733
1613738
1613822
1613829
1613792
1613843
1613746
1613829
1613842
1613835
1613854
1613791
1613864
1613897
1613909
1613928
1614007
1613993
1614051
1614172
1614136
1614302
1614239
1614336
1614392
1614522
1614537
1614626
1614636
1614745
1614796
1614917
1614934
1615050
1615066
1615059
1615166
1615301
1615375
1615471
1615566
1615610
1615627
1615566
1615441
1615227
1615070
1614787
1614574
1614276
1614112
1614052
1613805
1613750
1613676
1613579
1613535
1613556
1613497
1613409
1613407
1613336
1613385
1613304
1613320
1613236
1613251
1613229
1613086
1613224
1613162
1613243
1613277
1613311
1613280
1613436
1613434
1613482
1613456
1613487
1613513
1613514
1613503
1613433
1613473
1613442
1613505
1613567
1613562
1613558
1613645
1613662
1613748
1613754
1613872
1613904
1613896
1614063
1614074
1614155
1614193
1614260
1614315
1614375
1614388
1614510
1614665
1614710
1614741
1614779
1614879
1614930
1614973
1615054
1615177
1615193
1615322
1615350
1615400
1615380
1615250
1614959
1614774
1614515
1614364
1614060
1613888
1613695
1613623
1613512
1613465
1613369
1613322
1613376
1613287
1613242
1613237
1613247
1613186
1613057
1613044
1613043
1613015
1613023
1612988
1613010
1612985
1613107
1613151
1613169
1613231
1613235
1613260
1613356
1613278
1613336
1613323
1613281
1613231
1613287
1613235
1613318
1613301
1613357
1613376
1613471
1613475
1613588
1613603
1613575
1613650
1613687
1613827
1613893
1613910
1613954
1614055
1614073
1614177
1614311
1614346
1614381
1614436
1614555
1614542
1614672
1614757
1614795
1614904
1614972
1615085
1615138
1615207
1615180
1615282
1615191
1615159
1614889
1614693
1614448
1614250
1613959
1613792
1613649
1613503
1613446
1613384
1613309
1613217
1613232
1613181
1613131
1613171
1613114
1613034
1612967
1612967
1612894
1612879
1612896
1612907
1612920
1612928
1613037
1612972
1613067
1613188
1613212
1613122
1613167
1613261
1613232
1613228
1613203
1613230
1613259
1613259
1613263
1613285
1613299
1613327
1613452
1613474
1613388
1613502
1613627
1613630
1613613
1613745
1613835
1613886
1613945
1613921
1614062
1614107
1614136
1614291
1614336
1614432
1614537
1614521
1614621
1614623
1614752
1614873
1614911
1614983
1615131
1615163
1615119
1615204
1615193
1615084
1614951
1614695
1614519
1614246
1614015
1613859
1613696
1613567
1613444
1613422
1613363
1613321
1613217
1613201
1613299
1613179
1613178
1613102
1613095
1613056
1613017
1613049
1612907
1612987
1612968
1612992
1613023
1613095
1613199
1613281
1613262
1613254
1613305
1613314
1613322
1613265
1613282
1613324
1613332
1613354
1613347
1613385
1613361
1613416
1613425
1613549
1613628
1613582
1613631
1613684
1613780
1613780
1613930
1614012
1614020
1614067
1614177
1614205
1614326
1614404
1614466
1614507
1614578
1614712
1614800
1614798
1614926
1614887
1614990
1615033
1615228
1615332
1615374
1615488
1615547
1615554
1615618
1615576
1615363
1615190
1614963
1614728
1614528
1614326
1614084
1614063
1613804
1613799
1613767
1613648
1613655
1613665
1613610
1613615
1613587
1613586
1613552
1613540
1613457
1613463
1613467
1613392
1613373
1613414
1613496
1613559
1613562
1613677
1613743
1613810
1613782
1613787
1613819
1613850
1613728
1613717
1613789
1613738
1613745
1613780
1613861
1613813
1613905
1614010
1613975
1614035
1614105
1614186
1614154
1614263
1614407
1614405
1614463
1614561
1614561
1614642
1614742
1614748
1614814
1614944
1614960
1615096
1615203
1615229
1615329
1615389
1615456
1615573
1615677
1615656
1615704
1615807
1615908
1615922
1615859
1615703
1615586
1615430
1615106
1614841
1614644
1614518
1614361
1614272
1614225
1614088
1614101
1614030
1614007
1613982
1613898
1614042
1613885
1613854
1613871
1613870
1613835
1613820
1613783
1613783
1613788
1613802
1613950
1613967
1614029
1614069
1614113
1614204
1614171
1614085
1614128
1614182
1614168
1614149
1614199
1614183
1614262
1614170
1614324
1614358
1614384
1614414
1614460
1614523
1614562
1614622
1614705
1614772
1614771
1614820
1614967
1614978
1615064
1615109
1615172
1615221
1615355
1615377
1615441
1615508
1615579
1615655
1615785
1615832
1616002
1616007
1616091
1616093
1616219
1616284
1616256
1616164
1616022
1615884
1615638
1615440
1615123
1615000
1614932
1614762
1614647
1614480
1614431
1614423
1614401
1614361
1614349
1614264
1614289
1614315
1614284
1614234
1614169
1614277
1614152
1614208
1614169
1614207
1614235
1614340
1614385
1614430
1614421
1614474
1614471
1614588
1614543
1614517
1614566
1614558
1614550
1614554
1614624
1614619
1614685
1614711
1614701
1614762
1614752
1614957
1614864
1615062
1615023
1615063
1615208
1615263
1615302
1615349
1615419
1615502
1615587
1615678
1615714
1615803
1615854
1615837
1615918
1616034
1616176
1616217
1616305
1616421
1616490
1616485
1616537
1616574
1616482
1616329
1616190
1615980
1615735
1615566
1615353
1615140
1615025
1614900
1614853
1614773
1614772
1614769
1614700
1614653
1614605
1614585
1614582
1614529
1614554
1614558
1614508
1614503
1614423
1614514
1614575
1614534
1614618
1614579
1614698
1614817
1614812
1614832
1614804
1614834
1614802
1614864
1614841
1614852
1614835
1614834
1614929
1614957
1615006
1615002
1615050
1615131
1615118
1615161
1615232
1615266
1615367
1615443
1615529
1615525
1615617
1615690
1615740
1615751
1615862
1615895
1616044
1616074
1616164
1616186
1616334
1616347
1616523
1616559
1616660
1616635
1616649
1616752
1616680
1616511
1616363
1616222
1615880
1615756
1615582
1615438
1615177
1615114
1615062
1614992
1614987
1614878
1614913
1614784
1614791
1614866
1614820
1614733
1614791
1614719
1614701
1614738
1614673
1614693
1614703
1614773
1614825
1614832
1614949
1614935
1614966
1615015
1615034
1615016
1614993
1615065
1614962
1615003
1615076
1615071
1615133
1615215
1615192
1615193
1615172
1615216
1615367
1615396
1615461
1615532
1615518
1615633
1615686
1615801
1615793
1615861
1615860
1615993
1615978
1616129
1616195
1616304
1616391
1616465
1616513
1616582
1616700
1616709
1616854
1616941
1616938
1616939
1616800
1616717
1616444
1616290
1616014
1615881
1615652
1615472
1615393
1615295
1615225
1615129
1615145
1615078
1615014
1615014
1615021
1614946
1614942
1614970
1614950
1614978
1614897
1614843
1614888
1614900
1614946
1614940
1615100
1615028
1615188
1615081
1615212
1615234
1615343
1615278
1615250
1615273
1615237
1615243
1615256
1615233
1615261
1615327
1615390
1615440
1615403
1615516
1615635
1615687
1615721
1615739
1615761
1615915
1615943
1615942
1616057
1616133
1616198
1616275
1616334
1616396
1616465
1616552
1616590
1616670
1616771
1616851
1616945
1616947
1617057
1617062
1617083
1616968
1616728
1616546
1616238
1616069
1615867
1615739
1615596
1615500
1615465
1615395
1615300
1615375
1615290
1615248
1615250
1615230
1615127
1615093
1615151
1615076
1615126
1615126
1615025
1615088
1615105
1615163
1615237
1615344
1615396
1615403
1615299
1615408
1615436
1615508
1615463
1615454
1615463
1615530
1615542
1615458
1615556
1615615
1615614
1615638
1615645
1615759
1615840
1615792
1615935
1615957
1616008
1616036
1616070
1616178
1616243
1616331
1616421
1616440
1616535
1616632
1616678
1616730
1616783
1616851
1616976
1617073
1617120
1617252
1617267
1617238
1617110
1617040
1616786
1616559
1616403
1616208
1615948
1615801
1615758
1615621
1615574
1615453
1615462
1615390
1615554
1615425
1615440
1615384
1615318
1615382
1615328
1615245
1615232
1615181
1615252
1615296
1615255
1615366
1615443
1615536
1615529
1615596
1615651
1615656
1615581
1615695
1615640
1615677
1615604
1615633
1615668
1615637
1615749
1615749
1615773
1615747
1615833
1615922
1615949
1615992
1616123
1616176
1616173
1616261
1616342
1616434
1616529
1616508
1616584
1616709
1616709
1616757
1616894
1616951
1616999
1617114
1617224
1617317
1617320
1617445
1617428
1617309
1617228
1617020
1616852
1616638
1616359
1616201
1616060
1616004
1615850
1615816
1615772
1615773
1615763
1615642
1615659
1615598
1615625
1615577
1615537
1615497
1615423
1615387
1615460
1615434
1615405
1615432
1615496
1615577
1615641
1615667
1615644
1615704
1615701
1615691
1615770
1615631
1615652
1615678
1615650
1615739
1615690
1615785
1615816
1615777
1615820
1615907
1616040
1616004
1616048
1616121
1616267
1616197
1616316
1616332
1616410
1616417
1616526
1616641
1616661
1616685
1616760
1616795
1616882
1617071
1617118
1617155
1617201
1617320
1617349
1617330
1617315
1617201
1616930
1616747
1616499
1616347
1616092
1616032
1615906
1615763
1615677
1615651
1615583
1615507
1615515
1615483
1615396
1615500
1615439
1615405
1615375
1615374
1615310
1615289
1615204
1615367
1615325
1615377
1615394
1615455
1615489
1615558
1615527
1615624
1615564
1615622
1615653
1615604
1615631
1615582
1615593
1615670
1615718
1615662
1615749
1615818
1615773
1615854
1615878
1616015
1616005
1616117
1616130
1616186
1616180
1616342
1616409
1616332
1616478
1616576
1616625
1616597
1616612
1616865
1616823
1616963
1617055
1617124
1617184
1617251
1617277
1617272
1617206
1617060
1616865
1616605
1616414
1616213
1616049
1615875
1615746
1615686
1615605
1615592
1615516
1615557
1615462
1615488
1615421
1615351
1615443
1615336
1615240
1615312
1615195
1615222
1615167
1615273
1615229
1615336
1615383
1615410
1615389
1615476
1615500
1615421
1615541
1615566
1615507
1615476
1615428
1615516
1615539
1615568
1615549
1615551
1615597
1615651
1615723
1615711
1615845
1615845
1615939
1616009
1616036
1616082
1616208
1616182
1616231
1616337
1616420
1616422
1616512
1616584
1616711
1616797
1616883
1616947
1617002
1617019
1617121
1616988
1617049
1616927
1616712
1616555
1616258
1616111
1615968
1615730
1615592
1615535
1615496
1615429
1615379
1615261
1615265
1615209
1615207
1615133
1615145
1615094
1615076
1615100
1615009
1615047
1615012
1614958
1615137
1615103
1615094
1615184
1615237
1615254
1615267
1615315
1615380
1615272
1615291
1615234
1615291
1615321
1615289
1615259
1615422
1615383
1615398
1615543
1615503
1615539
1615574
1615524
1615685
1615733
1615780
1615848
1615915
1615958
1616051
1616148
1616156
1616244
1616331
1616299
1616425
1616533
1616541
1616560
1616680
1616819
1616839
1616884
1616913
1616890
1616858
1616622
1616484
1616322
1616108
1615878
1615589
1615493
1615452
1615360
1615245
1615198
1615170
1615080
1615064
1615010
1614968
1614889
1614931
1614950
1614882
1614905
1614904
1614855
1614811
1614842
1614906
1614858
1614936
1615071
1615071
1615012
1615085
1615136
1615096
1615171
1615078
1615126
1615113
1615123
1615140
1615149
1615118
1615152
1615205
1615245
1615272
1615344
1615370
1615433
1615485
1615471
1615630
1615695
1615712
1615775
1615841
1615988
1616017
1616012
1616060
1616167
1616295
1616328
1616414
1616500
1616565
1616577
1616577
1616499
1616517
1616157
1616061
1615822
1615602
1615450
1615365
1615217
1615019
1614973
1614942
1614847
1614870
1614830
1614784
1614781
1614747
1614675
1614658
1614537
1614540
1614600
1614412
1614552
1614562
1614501
1614688
1614655
1614675
1614751
1614785
1614733
1614843
1614817
1614798
1614806
1614789
1614754
1614719
1614785
1614799
1614810
1614941
1614852
1614875
1614990
1614958
1615035
1615107
1615127
1615159
1615242
1615347
1615357
1615427
1615482
1615560
1615618
1615631
1615681
1615825
1615857
1615914
1615988
1616075
1616216
1616245
1616319
1616396
1616446
1616420
1616289
1616190
1615980
1615695
1615495
1615342
1615179
1614964
1614874
1614779
1614759
1614778
1614661
1614607
1614551
1614499
1614519
1614470
1614476
1614393
1614383
1614335
1614327
1614258
1614310
1614374
1614387
1614424
1614491
1614529
1614508
1614502
1614663
1614595
1614568
1614618
1614517
1614629
1614590
1614564
1614589
1614598
1614602
1614648
1614715
1614752
1614737
1614840
1614833
1614924
1615018
1614971
1615049
1615084
1615283
1615270
1615280
1615326
1615401
1615497
1615595
1615597
1615744
1615685
1615819
1615852
1615899
1615988
1616102
1616197
1616175
1616093
1616101
1615932
1615701
1615490
1615267
1615145
1615062
1614845
1614679
1614619
1614650
1614558
1614563
1614418
1614531
1614452
1614439
1614434
1614397
1614338
1614235
1614275
1614237
1614176
1614176
1614260
1614269
1614304
1614397
1614467
1614536
1614441
1614559
1614548
1614577
1614584
1614529
1614506
1614607
1614577
1614536
1614573
1614598
1614589
1614669
1614765
1614786
1614785
1614890
1614907
1614959
1615037
1615027
1615122
1615234
1615234
1615279
1615458
1615469
1615543
1615608
1615632
1615625
1615812
1615856
1615931
1615976
1616057
1616122
1616004
1615974
1615977
1615747
1615541
1615397
1615161
1615032
1614984
1614738
1614793
1614631
1614579
1614522
1614446
1614482
1614447
1614363
1614408
1614298
1614389
1614248
1614291
1614303
1614244
1614211
1614249
1614364
1614385
1614383
1614413
1614450
1614590
1614501
1614518
1614560
1614493
1614507
1614494
1614568
1614568
1614613
1614491
1614601
1614602
1614670
1614683
1614771
1614765
1614892
1614872
1614968
1614920
1615078
1615209
1615226
1615302
1615373
1615388
1615489
1615526
1615612
1615557
1615685
1615762
1615857
1615979
1616022
1616144
1616163
1616181
1616354
1616314
1616470
1616349
1616306
1616173
1615990
1615795
1615616
1615416
1615295
1615146
1614986
1615020
1614915
1614843
1614861
1614748
1614822
1614725
1614689
1614651
1614644
1614598
1614552
1614505
1614487
1614486
1614491
1614596
1614529
1614641
1614768
1614732
1614780
1614742
1614775
1614733
1614777
1614799
1614724
1614785
1614793
1614811
1614788
1614721
1614806
1614852
1614917
1614974
1614972
1615140
1615177
1615202
1615299
1615299
1615377
1615468
1615490
1615525
1615581
1615575
1615741
1615756
1615876
1615896
1615857
1616057
1616083
1616165
1616275
1616261
1616349
1616555
1616480
1616601
1616605
1616516
1616384
1616224
1616030
1615800
1615716
1615454
1615390
1615294
1615201
1615083
1615088
1615003
1614977
1614992
1614881
1614800
1614791
1614763
1614805
1614764
1614728
1614761
1614698
1614578
1614736
1614678
1614730
1614837
1614890
1614927
1614916
1614913
1614920
1614893
1614953
1614924
1614901
1614897
1614874
1614937
1614950
1614992
1614958
1615013
1615086
1615049
1615254
1615168
1615188
1615369
1615383
1615378
1615462
1615534
1615583
1615628
1615678
1615739
1615853
1615810
1615815
1616039
1616111
1616154
1616198
1616330
1616366
1616358
1616481
1616537
1616656
1616684
1616668
1616616
1616627
1616409
1616208
1615974
1615854
1615689
1615509
1615367
1615314
1615321
1615182
1615193
1615205
1615063
1615000
1615019
1614983
1614983
1614931
1614823
1614771
1614817
1614746
1614707
1614724
1614851
1614835
1614915
1614944
1615000
1615009
1614982
1614996
1614990
1614920
1614988
1614891
1614924
1614921
1614962
1614931
1615001
1615034
1615010
1615071
1615103
1615145
1615179
1615237
1615319
1615293
1615318
1615452
1615468
1615584
1615648
1615611
1615694
1615801
1615786
1615798
1616001
1616023
1616022
1616077
1616154
1616220
1616318
1616355
1616437
1616525
1616600
1616670
1616720
1616600
1616478
1616344
1616154
1615996
1615852
1615777
1615543
1615425
1615375
1615300
1615196
1615156
1615152
1615069
1615070
1614972
1614987
1614945
1614965
1614809
1614805
1614768
1614773
1614662
1614670
1614700
1614807
1614868
1614908
1614911
1614955
1614959
1615010
1614964
1614951
1614932
1614920
1614934
1614909
1614968
1614958
1614904
1614949
1615025
1614984
1615051
1615136
1615172
1615192
1615187
1615172
1615315
1615322
1615399
1615523
1615442
1615505
1615549
1615525
1615694
1615740
1615716
1615756
1615846
1615873
1615926
1616108
1616075
1616108
1616259
1616361
1616376
1616481
1616548
1616555
1616590
1616564
1616530
1616249
1616038
1615912
1615768
1615396
1615285
1615176
1615145
1615039
1615033
1614934
1614874
1614883
1614934
1614942
1614974
1614976
1614930
1614996
1614979
1614928
1614995
1615097
1615194
1615254
1615370
1615417
1615416
1615541
1615551
1615594
1615382
1615415
1615431
1615407
1615425
1615372
1615436
1615434
1615477
1615507
1615562
1615583
1615647
1615739
1615793
1615841
1615861
1615960
1615983
1616024
1616309
1616413
1616317
1616340
1616466
1616580
1616594
1616751
1616826
1616790
1616871
1617022
1617080
1617114
1617266
1617306
1617375
1617490
1617447
1617528
1617606
1617677
1617637
1617687
1617665
1617534
