157248
1617743
1617878
1618007
1618158
1618184
1618354
1618386
1618473
1618548
1618733
1618859
1618905
1619059
1619233
1619267
1619433
1619503
1619659
1619730
1619898
1620005
1620196
1620295
1620331
1620484
1620650
1620876
1620913
1621065
1621134
1621168
1621031
1620756
1620383
1619798
1619371
1618889
1618444
1618118
1617802
1617551
1617397
1617193
1617036
1616907
1616939
1616870
1616839
1616824
1616763
1616776
1616681
1616713
1616695
1616717
1616682
1616738
1616796
1616843
1616921
1617094
1617188
1617196
1617376
1617316
1617338
1617422
1617451
1617396
1617368
1617303
1617361
1617405
1617399
1617463
1617460
1617475
1617581
1617691
1617743
1617834
1617860
1617948
1618005
1618053
1618181
1618401
1618374
1618585
1618714
1618771
1618930
1619023
1619138
1619200
1619365
1619330
1619557
1619692
1619870
1619879
1620023
1620122
1620306
1620437
1620511
1620691
1620736
1620732
1620592
1620291
1619897
1619383
1618920
1618479
1618023
1617623
1617361
1617048
1616876
1616650
1616490
1616392
1616290
1616260
1616206
1616099
1615986
1616027
1615986
1615952
1615909
1615793
1615842
1615776
1615807
1615816
1615864
1615938
1616072
1616138
1616225
1616222
1616264
1616402
1616411
1616361
1616441
1616350
1616427
1616334
1616392
1616375
1616462
1616528
1616499
1616546
1616671
1616739
1616772
1616912
1616922
1617097
1617176
1617291
1617364
1617418
1617485
1617617
1617740
1617895
1617924
1618136
1618193
1618333
1618453
1618572
1618643
1618801
1618950
1619066
1619146
1619284
1619387
1619569
1619674
1619779
1619953
1620080
1620137
1620275
1620393
1620394
1620331
1620125
1619664
1619257
1618705
1618147
1617639
1617335
1616890
1616572
1616379
1616185
1616042
1615787
1615772
1615668
1615516
1615525
1615380
1615334
1615276
1615240
1615190
1615054
1615072
1615056
1615049
1615052
1614970
1615040
1615165
1615254
1615311
1615403
1615408
1615508
1615465
1615508
1615538
1615552
1615606
1615567
1615552
1615599
1615556
1615669
1615627
1615712
1615716
1615807
1615775
1615959
1616004
1616160
1616209
1616274
1616306
1616479
1616560
1616690
1616831
1616874
1616996
1617126
1617251
1617387
1617453
1617585
1617673
1617816
1617898
1618052
1618241
1618293
1618430
1618630
1618692
1618814
1618951
1619097
1619142
1619303
1619435
1619570
1619708
1619871
1620085
1620135
1620116
1620028
1619677
1619175
1618801
1618302
1617719
1617251
1616873
1616581
1616287
1616104
1615850
1615668
1615597
1615599
1615463
1615408
1615259
1615166
1615164
1615049
1615047
1614998
1615020
1614999
1615020
1614866
1614954
1615039
1615052
1615119
1615134
1615320
1615360
1615397
1615489
1615454
1615421
1615531
1615593
1615515
1615593
1615482
1615606
1615610
1615604
1615634
1615715
1615729
1615802
1615905
1615959
1616069
1616153
1616162
1616358
1616423
1616512
1616515
1616686
1616775
1616884
1617020
1617150
1617292
1617342
1617481
1617699
1617795
1617777
1618010
1618091
1618227
1618291
1618475
1618643
1618804
1618857
1619030
1619134
1619248
1619392
1619547
1619712
1619743
1619860
1619887
1619825
1619598
1619238
1618744
1618369
1617774
1617351
1617039
1616658
1616326
1616084
1615886
1615833
1615635
1615611
1615472
1615447
1615389
1615433
1615310
1615237
1615184
1615191
1615168
1615109
1615223
1615182
1615173
1615285
1615283
1615411
1615491
1615545
1615682
1615655
1615687
1615807
1615812
1615839
1615808
1615862
1615759
1615840
1615824
1615950
1615911
1615933
1616038
1616064
1616187
1616223
1616257
1616353
1616384
1616534
1616635
1616795
1616783
1616856
1617035
1617203
1617270
1617349
1617438
1617597
1617660
1617871
1618000
1618088
1618166
1618362
1618517
1618582
1618723
1618783
1618934
1619075
1619156
1619368
1619387
1619545
1619737
1619807
1619956
1620144
1620236
1620355
1620314
1620231
1620081
1619664
1619161
1618702
1618236
1617777
1617434
1617212
1616868
1616691
1616554
1616417
1616339
1616268
1616282
1616121
1616119
1616215
1616171
1616080
1616158
1616170
1616148
1616137
1616156
1616175
1616329
1616388
1616384
1616603
1616649
1616637
1616763
1616831
1616839
1616823
1616799
1616873
1616816
1616825
1616834
1616862
1616971
1616943
1616894
1617031
1617084
1617121
1617204
1617268
1617423
1617426
1617406
1617605
1617726
1617801
1617928
1618031
1618202
1618225
1618357
1618493
1618628
1618719
1618827
1618953
1619109
1619178
1619286
1619418
1619579
1619570
1619754
1619822
1619919
1620027
1620203
1620424
1620478
1620636
1620660
1620794
1620672
1620449
1620076
1619612
1619115
1618664
1618286
1617892
1617574
1617319
1617142
1617092
1616950
1616808
1616725
1616740
1616709
1616692
1616714
1616663
1616627
1616613
1616633
1616689
1616672
1616638
1616626
1616748
1616876
1616927
1617037
1617145
1617159
1617212
1617267
1617306
1617376
1617378
1617391
1617294
1617280
1617369
1617305
1617407
1617456
1617482
1617564
1617567
1617674
1617615
1617781
1617836
1617897
1618091
1618078
1618182
1618285
1618427
1618532
1618673
1618726
1618834
1618982
1619069
1619239
1619316
1619400
1619568
1619648
1619776
1619905
1620011
1620094
1620222
1620305
1620429
1620512
1620726
1620814
1620857
1621085
1621186
1621297
1621400
1621276
1621083
1620773
1619854
1619368
1618863
1618486
1618102
1617852
1617608
1617407
1617242
1617054
1616959
1616908
1616848
1616678
1616680
1616717
1616658
1616591
1616565
1616554
1616515
1616497
1616398
1616444
1616486
1616495
1616560
1616693
1616813
1616737
1616898
1616940
1616916
1616934
1616989
1617022
1616963
1617049
1616999
1617022
1617021
1617073
1617155
1617078
1617107
1617171
1617215
1617326
1617391
1617498
1617612
1617696
1617723
1617787
1617909
1617995
1618152
1618273
1618258
1618476
1618528
1618619
1618739
1618845
1618976
1619027
1619213
1619317
1619406
1619521
1619720
1619665
1619816
1620019
1620099
1620165
1620325
1620437
1620478
1620689
1620803
1620961
1620981
1621077
1620962
1620696
1620270
1619844
1619325
1618809
1618437
1618019
1617662
1617430
1617179
1616980
1616881
1616684
1616569
1616505
1616490
1616366
1616354
1616258
1616266
1616257
1616140
1616088
1616071
1616057
1615998
1616106
1616071
1616166
1616231
1616192
1616351
1616435
1616446
1616565
1616419
1616558
1616576
1616584
1616524
1616548
1616541
1616583
1616654
1616595
1616711
1616702
1616682
1616810
1616907
1616951
1617029
1617050
1617046
1617176
1617347
1617371
1617448
1617601
1617668
1617756
1617909
1617980
1618065
1618162
1618280
1618453
1618507
1618633
1618739
1618857
1619026
1619073
1619233
1619289
1619389
1619511
1619645
1619745
1619871
1620003
1620135
1620167
1620378
1620445
1620629
1620653
1620587
1620314
1620007
1619520
1619064
1618605
1618127
1617619
1617387
1617023
1616802
1616667
1616478
1616330
1616249
1616173
1616074
1615994
1615945
1615902
1615896
1615924
1615795
1615678
1615766
1615767
1615693
1615700
1615762
1615851
1615929
1615931
1616066
1616116
1616160
1616206
1616232
1616159
1616205
1616210
1616196
1616256
1616208
1616244
1616238
1616233
1616343
1616341
1616446
1616405
1616476
1616570
1616613
1616701
1616714
1616777
1616864
1617035
1617113
1617233
1617299
1617409
1617525
1617580
1617684
1617867
1617896
1617987
1618126
1618216
1618306
1618454
1618516
1618626
1618842
1618868
1618971
1619154
1619258
1619386
1619449
1619605
1619707
1619755
1619811
1619826
1619527
1619210
1618772
1618333
1617859
1617426
1617035
1616731
1616511
1616136
1616052
1615895
1615763
1615678
1615630
1615562
1615515
1615514
1615510
1615449
1615417
1615432
1615444
1615463
1615403
1615428
1615539
1615637
1615664
1615776
1615851
1615878
1616011
1615870
1616027
1616007
1615989
1616035
1615990
1615937
1615918
1615950
1615976
1616017
1616046
1616036
1616124
1616224
1616243
1616302
1616344
1616407
1616489
1616655
1616733
1616798
1616881
1616948
1617113
1617166
1617431
1617316
1617534
1617614
1617593
1617713
1617869
1617953
1618088
1618164
1618346
1618360
1618571
1618653
1618794
1618899
1619037
1619075
1619281
1619291
1619236
1619015
1618597
1618165
1617595
1617199
1616755
1616336
1616068
1615729
1615484
1615315
1615187
1615075
1615036
1614891
1614774
1614788
1614766
1614739
1614674
1614652
1614676
1614619
1614565
1614554
1614509
1614552
1614651
1614619
1614764
1614902
1614878
1614957
1615017
1615025
1615008
1614993
1615066
1615055
1615029
1615020
1614986
1615014
1615075
1615090
1615156
1615114
1615131
1615308
1615364
1615349
1615543
1615533
1615747
1615773
1615892
1615960
1616110
1616136
1616185
1616324
1616464
1616573
1616713
1616780
1616861
1617021
1617072
1617247
1617300
1617411
1617518
1617659
1617787
1617768
1617928
1618030
1618171
1618260
1618445
1618556
1618597
1618724
1618701
1618490
1618025
1617662
1617168
1616767
1616281
1615866
1615487
1615224
1615035
1614706
1614551
1614413
1614343
1614257
1614080
1614127
1613968
1613932
1613846
1613864
1613838
1613714
1613716
1613671
1613591
1613625
1613587
1613654
1613789
1613712
1613766
1613835
1613991
1614006
1613944
1614056
1614007
1614055
1614071
1614128
1614034
1614044
1614086
1614082
1614120
1614154
1614126
1614217
1614296
1614315
1614406
1614434
1614527
1614683
1614706
1614810
1614876
1614978
1615078
1615185
1615252
1615340
1615469
1615557
1615745
1615824
1615885
1616043
1616074
1616169
1616312
1616416
1616488
1616663
1616773
1616868
1616986
1617079
1617159
1617338
1617431
1617433
1617694
1617804
1617919
1617911
1617822
1617651
1617307
1616906
1616470
1615976
1615555
1615111
1614860
1614496
1614176
1614056
1613863
1613772
1613641
1613589
1613526
1613462
1613456
1613372
1613359
1613295
1613288
1613228
1613298
1613201
1613156
1613172
1613256
1613356
1613333
1613506
1613517
1613530
1613575
1613621
1613662
1613721
1613629
1613661
1613728
1613693
1613686
1613615
1613704
1613765
1613840
1613772
1613818
1613901
1613927
1613971
1614037
1614115
1614252
1614295
1614403
1614511
1614626
1614639
1614781
1614862
1614963
1615028
1615175
1615316
1615437
1615545
1615594
1615730
1615842
1615972
1616091
1616199
1616312
1616405
1616459
1616684
1616674
1616840
1616950
1617000
1617114
1617304
1617475
1617507
1617532
1617433
1617275
1616908
1616479
1616054
1615497
1615229
1614810
1614491
1614287
1614035
1613944
1613718
1613639
1613603
1613599
1613509
1613524
1613460
1613490
1613437
1613447
1613512
1613443
1613426
1613471
1613553
1613558
1613707
1613734
1613835
1613915
1613956
1613987
1614001
1614098
1614116
1614122
1614081
1614096
1614087
1614070
1614089
1614058
1614150
1614263
1614273
1614187
1614330
1614386
1614417
1614575
1614599
1614637
1614825
1614820
1614994
1615041
1615124
1615298
1615397
1615536
1615600
1615718
1615837
1615901
1616006
1616079
1616228
1616318
1616454
1616566
1616648
1616764
1616870
1616925
1617085
1617196
1617285
1617398
1617509
1617667
1617675
1617656
1617522
1617248
1616886
1616470
1615989
1615570
1615187
1614835
1614582
1614376
1614230
1614018
1613963
1613909
1613784
1613722
1613710
1613719
1613553
1613617
1613606
1613583
1613554
1613582
1613508
1613566
1613625
1613660
1613658
1613733
1613834
1613924
1613961
1614019
1614060
1614056
1614161
1614146
1614110
1614142
1614114
1614069
1614125
1614216
1614136
1614203
1614278
1614293
1614364
1614444
1614441
1614584
1614650
1614798
1614866
1614940
1614929
1615153
1615188
1615243
1615349
1615502
1615555
1615707
1615779
1615963
1616122
1616100
1616217
1616380
1616501
1616632
1616715
1616774
1616858
1616986
1617103
1617183
1617360
1617414
1617507
1617662
1617744
1617889
1618026
1618068
1618123
1618004
1617728
1617358
1616961
1616508
1616095
1615690
1615385
1614951
1614761
1614605
1614383
1614270
1614156
1614131
1613968
1613949
1613855
1613978
1613786
1613852
1613803
1613787
1613743
1613772
1613646
1613717
1613778
1613846
1613876
1613946
1614006
1614058
1614130
1614205
1614084
1614162
1614244
1614252
1614266
1614306
1614270
1614272
1614269
1614275
1614400
1614388
1614385
1614388
1614423
1614598
1614613
1614707
1614803
1614881
1614913
1615010
1615137
1615179
1615310
1615351
1615440
1615603
1615634
1615884
1615853
1616027
1616145
1616186
1616304
1616385
1616498
1616606
1616721
1616785
1616982
1617004
1617103
1617239
1617351
1617420
1617613
1617668
1617848
1617913
1617983
1618143
1618146
1618090
1617823
1617606
1617051
1616663
1616187
1615877
1615484
1615239
1615043
1614731
1614598
1614414
1614334
1614280
1614129
1614149
1614141
1614072
1614113
1614011
1614069
1613935
1613981
1614030
1613956
1613975
1614048
1614011
1614176
1614227
1614268
1614351
1614415
1614417
1614406
1614559
1614448
1614483
1614515
1614461
1614432
1614510
1614501
1614593
1614532
1614546
1614652
1614724
1614738
1614797
1614854
1614886
1614972
1615074
1615133
1615237
1615348
1615403
1615591
1615677
1615795
1615887
1615978
1616039
1616165
1616238
1616317
1616486
1616499
1616677
1616761
1616856
1616839
1617062
1617155
1617233
1617415
1617457
1617628
1617680
1617825
1617920
1618062
1618156
1618176
1618108
1617891
1617551
1617270
1616783
1616389
1616034
1615730
1615418
1615218
1614886
1614804
1614722
1614585
1614559
1614532
1614538
1614507
1614513
1614464
1614411
1614405
1614377
1614444
1614441
1614510
1614502
1614628
1614733
1614788
1614857
1614913
1615041
1615010
1615083
1615070
1615046
1615070
1615091
1615049
1614957
1615071
1615118
1615007
1615085
1615105
1615175
1615240
1615310
1615292
1615476
1615526
1615599
1615667
1615748
1615812
1615895
1615946
1616096
1616139
1616279
1616374
1616419
1616603
1616704
1616817
1616863
1616962
1617139
1617179
1617236
1617354
1617525
1617473
1617635
1617683
1617919
1617963
1618055
1618234
1618340
1618395
1618428
1618251
1618068
1617797
1617405
1616931
1616585
1616160
1615759
1615475
1615275
1615032
1614904
1614772
1614652
1614570
1614579
1614501
1614469
1614417
1614345
1614363
1614326
1614285
1614259
1614225
1614227
1614227
1614311
1614394
1614452
1614493
1614591
1614641
1614633
1614699
1614729
1614745
1614740
1614745
1614629
1614767
1614701
1614672
1614759
1614683
1614728
1614795
1614756
1614829
1614893
1614999
1615041
1615106
1615256
1615248
1615366
1615465
1615495
1615598
1615704
1615843
1615801
1616029
1616044
1616207
1616253
1616345
1616435
1616547
1616641
1616739
1616804
1616902
1616990
1617097
1617303
1617273
1617381
1617564
1617699
1617657
1617844
1617985
1618094
1618165
1618282
1618198
1617970
1617737
1617278
1616798
1616375
1615964
1615633
1615296
1615013
1614710
1614583
1614334
1614187
1614137
1614044
1613966
1613915
1613776
1613817
1613783
1613738
1613611
1613562
1613487
1613480
1613495
1613457
1613444
1613498
1613508
1613592
1613682
1613683
1613865
1613851
1613861
1613882
1613870
1613922
1613786
1613883
1613880
1613868
1613840
1613847
1613940
1613953
1613935
1613936
1614116
1614060
1614144
1614289
1614255
1614327
1614476
1614557
1614661
1614654
1614722
1614909
1614921
1615099
1615141
1615261
1615342
1615433
1615508
1615600
1615802
1615857
1615933
1616108
1616050
1616219
1616391
1616451
1616546
1616652
1616739
1616826
1616981
1617005
1617103
1617319
1617348
1617500
1617497
1617584
1617454
1617119
1616774
1616280
1615851
1615445
1615005
1614701
1614382
1614261
1613976
1613895
1613671
1613625
1613589
1613452
1613354
1613303
1613229
1613249
1613306
1613114
1613097
1613101
1613115
1613021
1613005
1613067
1613038
1613136
1613312
1613345
1613375
1613340
1613429
1613505
1613508
1613493
1613461
1613452
1613519
1613516
1613478
1613494
1613546
1613502
1613568
1613547
1613645
1613702
1613719
1613809
1613844
1613999
1613980
1614110
1614139
1614263
1614324
1614475
1614489
1614661
1614674
1614850
1614860
1615112
1615253
1615352
1615420
1615542
1615678
1615700
1615769
1615962
1615981
1616103
1616215
1616350
1616410
1616501
1616591
1616752
1616828
1616992
1617047
1617183
1617376
1617326
1617239
1617078
1616790
1616338
1615991
1615477
1615020
1614672
1614295
1614098
1613835
1613655
1613465
1613338
1613340
1613305
1613188
1613198
1613147
1613075
1612975
1612980
1612937
1612925
1612868
1612831
1612817
1612892
1612870
1613006
1613073
1613111
1613225
1613231
1613319
1613344
1613256
1613242
1613343
1613255
1613346
1613279
1613293
1613292
1613314
1613372
1613402
1613432
1613413
1613540
1613492
1613580
1613649
1613682
1613851
1613869
1613984
1614034
1614131
1614246
1614269
1614376
1614488
1614550
1614664
1614763
1614855
1615035
1615075
1615135
1615215
1615398
1615448
1615577
1615667
1615697
1615811
1615905
1616105
1616224
1616290
1616340
1616435
1616588
1616765
1616878
1616999
1617062
1617189
1617152
1617065
1616843
1616574
1616093
1615666
1615306
1614842
1614423
1614246
1613972
1613733
1613695
1613512
1613483
1613363
1613411
1613203
1613249
1613276
1613220
1613166
1613292
1613166
1613196
1613227
1613100
1613171
1613210
1613387
1613459
1613537
1613552
1613651
1613796
1613857
1613875
1613848
1613955
1613902
1613951
1613943
1614012
1613911
1613941
1613987
1614063
1614093
1614073
1614222
1614261
1614382
1614457
1614431
1614644
1614664
1614705
1614870
1614923
1615030
1615085
1615195
1615321
1615316
1615508
1615590
1615687
1615711
1615826
1615895
1616053
1616162
1616216
1616308
1616391
1616524
1616589
1616750
1616787
1617012
1617018
1617272
1617291
1617388
1617408
1617425
1617298
1617049
1616716
1616307
1615911
1615518
1615170
1614836
1614614
1614318
1614189
1614090
1614056
1613932
1613891
1613897
1613881
1613900
1613842
1613917
1613780
1613866
1613864
1613934
1613934
1613893
1613930
1614091
1614072
1614129
1614280
1614236
1614359
1614386
1614442
1614435
1614492
1614468
1614413
1614413
1614481
1614477
1614532
1614502
1614538
1614641
1614682
1614700
1614824
1614809
1614883
1614940
1615017
1615123
1615253
1615318
1615425
1615408
1615548
1615690
1615759
1615861
1616006
1616110
1616224
1616224
1616431
1616433
1616556
1616629
1616742
1616847
1616927
1617021
1617201
1617259
1617381
1617506
1617563
1617771
1617870
1617961
1617988
1617995
1617822
1617605
1617264
1616825
1616358
1615978
1615548
1615221
1614958
1614761
1614494
1614413
1614236
1614193
1614128
1614031
1614044
1613894
1613950
1613845
1613745
1613724
1613722
1613756
1613583
1613567
1613620
1613622
1613758
1613654
1613798
1613757
1613933
1614033
1614014
1613978
1614065
1614101
1614064
1614110
1614093
1614066
1614097
1614071
1614137
1614195
1614218
1614182
1614231
1614394
1614296
1614364
1614555
1614560
1614620
1614713
1614721
1614873
1614947
1615059
1615135
1615235
1615315
1615482
1615534
1615657
1615721
1615844
1615946
1616075
1616154
1616235
1616340
1616455
1616488
1616619
1616695
1616773
1616947
1617045
1617131
1617210
1617266
1617497
1617625
1617642
1617705
1617586
1617307
1617047
1616563
1616155
1615685
1615273
1614983
1614654
1614388
1614258
1614081
1613917
1613818
1613777
1613694
1613626
1613496
1613517
1613484
1613487
1613269
1613357
1613285
1613275
1613253
1613234
1613240
1613270
1613326
1613405
1613455
1613431
1613587
1613657
1613687
1613706
1613717
1613764
1613671
1613660
1613740
1613698
1613649
1613703
1613731
1613752
1613822
1613966
1613896
1614009
1614081
1614082
1614292
1614358
1614391
1614501
1614542
1614601
1614714
1614762
1614908
1614962
1615157
1615203
1615377
1615413
1615542
1615613
1615759
1615767
1615870
1616030
1616073
1616209
1616302
1616347
1616463
1616558
1616665
1616798
1616981
1617068
1617143
1617233
1617194
1617112
1616836
1616462
1616035
1615608
1615226
1614802
1614533
1614131
1613985
1613811
1613590
1613522
1613446
1613385
1613234
1613240
1613210
1613123
1613150
1613085
1613048
1613035
1613073
1613008
1612988
1612960
1613054
1613072
1613127
1613200
1613289
1613309
1613330
1613356
1613451
1613459
1613410
1613417
1613504
1613417
1613482
1613456
1613511
1613489
1613534
1613482
1613570
1613600
1613637
1613729
1613999
1613869
1613979
1614003
1614119
1614267
1614342
1614271
1614359
1614525
1614599
1614755
1614797
1614869
1614951
1615095
1615185
1615326
1615399
1615471
1615590
1615638
1615797
1615842
1616018
1615986
1616106
1616254
1616287
1616581
1616626
1616661
1616808
1616904
1616878
1616812
1616621
1616224
1615845
1615403
1614937
1614614
1614345
1614019
1613805
1613615
1613521
1613404
1613342
1613295
1613162
1613230
1613195
1613172
1613064
1613021
1613109
1613009
1613015
1613058
1613070
1613000
1613124
1613179
1613237
1613366
1613310
1613456
1613521
1613559
1613540
1613532
1613536
1613554
1613566
1613492
1613602
1613600
1613648
1613641
1613594
1613675
1613712
1613721
1613749
1613855
1613986
1614024
1614113
1614168
1614166
1614337
1614387
1614448
1614581
1614709
1614803
1614857
1614924
1614999
1615148
1615220
1615335
1615435
1615500
1615596
1615687
1615766
1615892
1616045
1616089
1616181
1616340
1616411
1616534
1616648
1616686
1616539
1616232
1615913
1615558
1615184
1614890
1614476
1614201
1613911
1613713
1613639
1613492
1613336
1613384
1613281
1613215
1613226
1613202
1613186
1613158
1613185
1613250
1613203
1613116
1613241
1613202
1613276
1613323
1613416
1613451
1613564
1613597
1613699
1613708
1613724
1613661
1613682
1613749
1613719
1613684
1613711
1613731
1613701
1613838
1613832
1613888
1613912
1613935
1614001
1614047
1614091
1614232
1614300
1614384
1614488
1614512
1614707
1614740
1614728
1614911
1614999
1615010
1615068
1615366
1615287
1615429
1615571
1615609
1615749
1615834
1615921
1616066
1616133
1616194
1616305
1616397
1616548
1616571
1616687
1616787
1616869
1616846
1616737
1616554
1616268
1615856
1615432
1615012
1614662
1614363
1614134
1613810
1613615
1613530
1613435
1613356
1613277
1613054
1613163
1613134
1612965
1613060
1612948
1612959
1612852
1612885
1612890
1612812
1612903
1612804
1612885
1612972
1612996
1613132
1613116
1613176
1613295
1613355
1613339
1613390
1613260
1613327
1613359
1613428
1613418
1613377
1613429
1613468
1613538
1613504
1613666
1613647
1613699
1613807
1613882
1613862
1614005
1614204
1614162
1614275
1614275
1614402
1614531
1614646
1614642
1614767
1614814
1614996
1615040
1615128
1615246
1615346
1615420
1615610
1615700
1615754
1615829
1615942
1615954
1616083
1616197
1616346
1616442
1616564
1616691
1616665
1616607
1616286
1615993
1615659
1615253
1614891
1614446
1614173
1613916
1613712
1613515
1613346
1613244
1613154
1613133
1613040
1612925
1612940
1612980
1612866
1612829
1612844
1612819
1612772
1612797
1612755
1612715
1612772
1612797
1612864
1612975
1612951
1613054
1613156
1613232
1613278
1613280
1613290
1613316
1613276
1613229
1613288
1613202
1613275
1613287
1613339
1613372
1613384
1613551
1613472
1613537
1613711
1613694
1613858
1613918
1613966
1614078
1614093
1614229
1614282
1614398
1614532
1614630
1614664
1614763
1614853
1614968
1615040
1615186
1615310
1615295
1615381
1615527
1615532
1615716
1615819
1615882
1615990
1616091
1616142
1616263
1616469
1616562
1616540
1616520
1616369
1616028
1615704
1615320
1614893
1614436
1614244
1613856
1613675
1613470
1613354
1613156
1613138
1613041
1612987
1612933
1612912
1612890
1612804
1612891
1612849
1612817
1612753
1612736
1612703
1612729
1612804
1612833
1612861
1612896
1613032
1613079
1613126
1613207
1613260
1613227
1613267
1613246
1613332
1613268
1613270
1613239
1613275
1613308
1613350
1613406
1613422
1613448
1613526
1613551
1613556
1613689
1613743
1613852
1613850
1613965
1614077
1614147
1614203
1614216
1614390
1614448
1614581
1614639
1614735
1614800
1614942
1614993
1615085
1615191
1615261
1615345
1615457
1615554
1615690
1615786
1615898
1616004
1616023
1616197
1616292
1616397
1616441
1616375
1616308
1615963
1615589
1615112
1614730
1614345
1614038
1613836
1613574
1613380
1613312
1613117
1613068
1613009
1613007
1612960
1612839
1612910
1612859
1612905
1612830
1612810
1612839
1612789
1612810
1612745
1612782
1612985
1612984
1613076
1613132
1613211
1613201
1613277
1613321
1613319
1613332
1613275
1613332
1613210
1613277
1613349
1613266
1613344
1613437
1613447
1613383
1613467
1613476
1613590
1613636
1613708
1613779
1613833
1613988
1614066
1614124
1614138
1614234
1614365
1614458
1614548
1614633
1614742
1614867
1614877
1615031
1615058
1615131
1615239
1615354
1615390
1615498
1615596
1615750
1615822
1615944
1615970
1616030
1615988
1615855
1615575
1615157
1614842
1614405
1614003
1613809
1613571
1613281
1613113
1612927
1612779
1612718
1612698
1612631
1612628
1612635
1612527
1612497
1612438
1612464
1612448
1612451
1612432
1612349
1612392
1612391
1612537
1612507
1612626
1612703
1612749
1612766
1612727
1612859
1612815
1612659
1612473
1612387
1612215
1612135
1612115
1612181
1612087
1612151
1612266
1612303
1612354
1612478
1612516
1612711
1612674
1612905
1612975
1613092
1613263
1613300
1613379
1613563
1613704
1613721
1613949
1614040
1614160
1614293
1614376
1614387
1614538
1614727
1614688
1614787
1614989
1615074
1615167
1615227
1615352
1615429
1615615
1615706
1615769
1615779
1615873
1615746
1615590
1615267
1614950
1614534
1614145
1613773
1613362
1613208
1612943
1612744
1612622
1612508
1612389
1612351
1612335
1612259
1612235
1612169
1612144
1612126
1612055
1612025
1612008
1611988
1611927
1611844
1611953
1611949
1612043
1612109
1612157
1612278
1612310
1612326
1612396
1612449
1612351
1612447
1612396
1612403
1612377
1612307
1612425
1612435
1612519
1612489
1612603
1612556
1612605
1612705
1612728
1612679
1612849
1612829
1613007
1613095
1613149
1613283
1613324
1613455
1613589
1613656
1613731
1613746
1613843
1613962
1614082
1614163
1614190
1614426
1614531
1614538
1614679
1614653
1614821
1614984
1615070
1615107
1615229
1615346
1615487
1615458
1615483
1615459
1615101
1614895
1614531
1614128
1613727
1613399
1613142
1612894
1612722
1612537
1612370
1612319
1612245
1612201
1612124
1612108
1612112
1612105
1612091
1612062
1612002
1612004
1611947
1611989
1611917
1611932
1611971
1612032
1612117
1612205
1612214
1612342
1612471
1612398
1612462
1612441
1612425
1612468
1612453
1612499
1612446
1612509
1612474
1612546
1612588
1612630
1612575
1612681
1612773
1612821
1612839
1612950
1612989
1613081
1613159
1613177
1613303
1613409
1613516
1613670
1613709
1613845
1613884
1613986
1613827
1613580
1613133
1612894
1612762
1612593
1612457
1612511
1612625
1612761
1612888
1613066
1613343
1613536
1613783
1614095
1614355
1614649
1614764
1614850
1614775
1614700
1614404
1614081
1613704
1613440
1613195
1613007
1612728
1612625
1612491
1612433
1612372
1612322
1612211
1612313
1612236
1612301
1612213
1612226
1612176
1612240
1612198
1612125
1612120
1612137
1612121
1612167
1612191
1612372
1612337
1612509
1612540
1612534
1612615
1612587
1612647
1612570
1612591
1612593
1612598
1612642
1612667
1612678
1612722
1612751
1612778
1612852
1612869
1612891
1612949
1613003
1613078
1613152
1613247
1613319
1613351
1613461
1613557
1613683
1613810
1613852
1613898
1614063
1614194
1614235
1614174
1614138
1614198
1614257
1614226
1614296
1614316
1614444
1614470
1614677
1614797
1614868
1614931
1615028
1615004
1614905
1614654
1614336
1613861
1613448
1613014
1612720
1612313
1612080
1611869
1611690
1611543
1611492
1611470
1611453
1611416
1611486
1611441
1611554
1611585
1611607
1611607
1611637
1611799
1611715
1611660
1611546
1611587
1611589
1611595
1611681
1611703
1611768
1611893
1611912
1611986
1611981
1611943
1612084
1611915
1611662
1611320
1611157
1610853
1610811
1610802
1610706
1610797
1610772
1610862
1611061
1611177
1611366
1611550
1611658
1611925
1612057
1612173
1612463
1612528
1612781
1612938
1613130
1613335
1613467
1613594
1613747
1613894
1613892
1614066
1614166
1614138
1614177
1614288
1614356
1614444
1614675
1614719
1614826
1614870
1614893
1614815
1614589
1614335
1613885
1613485
1613206
1612774
1612555
1612356
1612124
1612005
1611964
1611888
1611850
1611734
1611789
1611704
1611697
1611633
1611418
1611400
1611380
1611341
1611289
1611314
1611241
1611343
1611364
1611498
1611568
1611671
1611745
1611833
1611851
1611848
1611967
1612029
1612040
1611984
1612109
1612146
1612148
1612061
1612166
1612266
1612256
1612384
1612405
1612393
1612495
1612544
1612538
1612653
1612783
1612837
1612931
1613052
1613143
1613259
1613341
1613436
1613556
1613629
1613682
1613684
1613813
1613896
1614018
1614129
1614297
1614343
1614422
1614585
1614688
1614822
1615027
1615116
1615247
1615203
1615040
1614829
1614514
1614124
1613819
1613512
1613226
1612925
1612795
1612637
1612542
1612383
1612365
1612262
1612377
1612231
1612190
1612175
1612086
1612155
1612085
1612046
1612011
1612025
1611986
1612164
1612104
1612180
1612249
1612312
1612451
1612405
1612507
1612554
1612565
1612528
1612594
1612552
1612622
1612697
1612543
1612676
1612656
1612744
1612756
1612766
1612877
1612893
1612913
1613080
1613126
1613172
1613153
1613331
1613444
1613521
1613556
1613699
1613744
1613721
1613842
1614019
1614018
1614236
1614248
1614474
1614484
1614511
1614625
1614709
1614860
1614923
1615005
1615188
1615248
1615367
1615538
1615632
1615674
1615877
1615835
1615752
1615523
1615234
1614870
1614474
1614101
1613850
1613599
1613361
1613151
1612965
1612883
1612807
1612725
1612752
1612653
1612639
1612600
1612477
1612501
1612468
1612549
1612482
1612527
1612440
1612439
1612531
1612649
1612611
1612759
1612736
1612837
1612923
1612974
1612953
1612987
1613039
1612929
1613015
1613017
1612994
1612987
1612931
1613017
1613051
1613077
1613132
1613158
1613255
1613264
1613357
1613463
1613486
1613545
1613680
1613627
1613832
1613878
1614006
1614090
1614171
1614343
1614419
1614457
1614533
1614678
1614712
1614793
1614896
1614943
1615098
1615139
1615231
1615282
1615442
1615603
1615671
1615791
1615938
1615937
1615858
1615832
1615417
1615107
1614754
1614379
1614113
1613720
1613503
1613323
1613113
1613030
1612932
1612791
1612802
1612742
1612707
1612649
1612577
1612588
1612611
1612659
1612619
1612605
1612553
1612571
1612680
1612722
1612863
1612929
1612963
1613102
1613112
1613219
1613188
1613174
1613166
1613291
1613227
1613208
1613200
1613145
1613266
1613227
1613248
1613245
1613279
1613279
1613425
1613419
1613527
1613602
1613664
1613768
1613802
1613871
1613945
1614097
1614137
1614178
1614309
1614433
1614451
1614504
1614687
1614822
1614884
1614986
1614993
1615130
1615234
1615335
1615446
1615503
1615555
1615673
1615829
1615951
1616025
1616164
1616178
1616383
1616318
1616291
1616024
1615683
1615219
1614900
1614442
1614178
1613845
1613692
1613344
1613201
1613132
1613017
1612857
1612755
1612814
1612727
1612668
1612586
1612606
1612584
1612407
1612473
1612404
1612416
1612461
1612275
1612333
1612419
1612490
1612608
1612596
1612580
1612743
1612695
1612790
1612761
1612841
1612755
1612744
1612749
1612789
1612764
1612766
1612804
1612986
1612903
1612920
1613028
1612975
1613070
1613134
1613256
1613308
1613381
1613466
1613567
1613635
1613693
1613733
1613883
1614007
1614003
1614110
1614211
1614413
1614401
1614593
1614627
1614721
1614789
1614883
1615003
1615112
1615133
1615186
1615338
1615482
1615553
1615612
1615798
1615904
1615932
1616094
1616127
1616114
1615886
1615727
1615371
1614991
1614573
1614305
1613943
1613627
1613422
1613259
1613085
1612955
1612821
1612776
1612729
1612665
1612679
1612663
1612595
1612545
1612484
1612482
1612407
1612363
1612401
1612333
1612331
1612356
1612467
1612515
1612647
1612680
1612751
1612733
1612804
1612869
1612832
1612873
1612773
1612854
1612915
1612916
1612865
1612884
1612871
1612988
1613049
1613000
1613111
1613125
1613225
1613225
1613274
1613355
1613569
1613629
1613673
1613669
1613795
1613885
1614032
1614045
1614105
1614291
1614369
1614433
1614534
1614687
1614758
1614863
1614876
1615009
1615076
1615170
1615282
1615358
1615513
1615569
1615632
1615802
1615912
1616016
1616098
1616282
1616339
1616314
1616417
1616265
1615949
1615571
1615134
1614760
1614412
1614159
1613803
1613679
1613498
1613301
1613307
1613131
1613134
1613113
1613044
1612978
1612926
1612927
1612982
1612898
1612921
1612882
1612861
1612790
1612795
1612944
1612885
1613007
1612984
1613135
1613235
1613220
1613298
1613291
1613365
1613343
1613390
1613350
1613327
1613303
1613401
1613382
1613454
1613489
1613434
1613522
1613495
1613557
1613689
1613771
1613829
1613911
1613891
1614094
1614051
1614193
1614292
1614405
1614465
1614596
1614650
1614740
1614842
1614865
1615026
1615161
1615182
1615349
1615363
1615503
1615634
1615587
1615710
1615803
1615981
1616071
1616182
1616302
1616381
1616450
1616474
1616433
1616245
1615890
1615616
1615231
1614937
1614561
1614236
1614018
1613910
1613696
1613563
1613555
1613484
1613394
1613502
1613493
1613461
1613469
1613423
1613344
1613380
1613422
1613374
1613389
1613436
1613366
1613515
1613716
1613721
1613719
1613830
1613925
1613937
1613910
1613981
1613946
1613928
1613991
1613891
1613923
1613958
1613942
1613978
1614011
1614085
1614044
1614153
1614176
1614287
1614269
1614425
1614479
1614577
1614578
1614632
1614754
1614815
1614964
1615093
1615198
1615184
1615295
1615423
1615452
1615554
1615750
1615708
1615812
1615901
1616035
1616118
1616254
1616320
1616378
1616384
1616602
1616678
1616767
1616741
1616566
1616284
1615945
1615631
1615186
1614874
1614522
1614250
1613988
1613842
1613726
1613542
1613626
1613509
1613378
1613318
1613313
1613286
1613190
1613182
1613113
1613107
1613137
1613135
1613060
1613029
1612995
1613058
1613106
1613209
1613300
1613268
1613388
1613389
1613443
1613410
1613535
1613418
1613482
1613450
1613522
1613462
1613516
1613545
1613644
1613572
1613613
1613686
1613716
1613771
1613867
1613858
1613934
1614035
1614125
1614163
1614329
1614341
1614459
1614511
1614645
1614663
1614763
1614872
1614954
1615102
1615192
1615207
1615288
1615366
1615379
1615564
1615642
1615761
1615786
1615945
1616002
1616137
1616271
1616378
1616485
1616412
1616488
1616265
1615946
1615598
1615272
1614880
1614524
1614163
1613881
1613615
1613457
1613311
1613276
1613111
1613114
