157248
1613067
1612926
1612955
1612916
1612784
1612832
1612718
1612693
1612690
1612534
1612615
1612543
1612506
1612608
1612663
1612690
1612840
1612764
1612867
1612932
1612948
1612929
1612974
1612916
1612982
1612937
1612886
1612925
1612929
1612922
1612982
1613037
1613033
1613075
1613133
1613097
1613232
1613367
1613360
1613421
1613465
1613588
1613626
1613755
1613879
1613904
1613966
1614079
1614141
1614273
1614381
1614434
1614471
1614683
1614687
1614825
1614896
1614995
1615050
1615100
1615260
1615294
1615439
1615642
1615628
1615729
1615819
1615819
1615744
1615469
1615170
1614812
1614423
1614105
1613706
1613481
1613224
1612932
1612831
1612714
1612689
1612529
1612554
1612460
1612391
1612286
1612353
1612301
1612245
1612203
1612184
1612168
1612129
1612145
1612120
1612171
1612232
1612226
1612380
1612369
1612460
1612497
1612487
1612567
1612536
1612527
1612611
1612524
1612541
1612511
1612514
1612594
1612587
1612648
1612628
1612709
1612727
1612852
1612866
1612920
1612985
1613051
1613150
1613211
1613268
1613338
1613410
1613469
1613599
1613778
1613797
1613876
1613986
1614120
1614127
1614222
1614303
1614343
1614435
1614581
1614732
1614715
1614850
1614990
1615076
1615196
1615294
1615411
1615423
1615293
1615203
1614964
1614599
1614235
1613894
1613564
1613279
1612986
1612802
1612663
1612522
1612477
1612457
1612404
1612337
1612282
1612256
1612265
1612295
1612253
1612205
1612296
1612335
1612307
1612297
1612374
1612380
1612431
1612492
1612579
1612686
1612634
1612781
1612825
1612738
1612884
1612767
1612767
1612723
1612813
1612663
1612726
1612778
1612818
1612902
1612911
1612950
1613012
1613003
1613220
1613274
1613289
1613438
1613484
1613560
1613666
1613642
1613790
1613954
1613934
1614077
1614191
1614220
1614250
1614384
1614483
1614651
1614673
1614768
1614897
1614923
1615045
1615163
1615239
1615356
1615405
1615564
1615496
1615477
1615287
1614930
1614513
1614226
1613867
1613527
1613334
1613061
1612843
1612765
1612592
1612581
1612538
1612480
1612488
1612453
1612326
1612401
1612477
1612473
1612343
1612379
1612326
1612345
1612323
1612400
1612383
1612513
1612591
1612610
1612634
1612756
1612771
1612815
1612858
1612818
1612792
1612804
1612824
1612756
1612907
1612842
1612814
1612924
1612976
1613092
1613048
1613101
1613081
1613242
1613260
1613317
1613432
1613546
1613567
1613675
1613820
1613857
1613924
1613968
1614067
1614151
1614242
1614388
1614527
1614557
1614663
1614620
1614840
1614830
1615013
1615079
1615180
1615283
1615309
1615481
1615614
1615638
1615737
1615821
1615776
1615640
1615329
1614960
1614651
1614329
1613902
1613632
1613349
1613177
1612963
1612795
1612705
1612666
1612595
1612503
1612478
1612417
1612390
1612337
1612353
1612316
1612221
1612230
1612161
1612177
1612111
1612191
1612240
1612275
1612303
1612462
1612513
1612570
1612524
1612615
1612566
1612660
1612604
1612649
1612661
1612643
1612692
1612650
1612662
1612716
1612705
1612718
1612789
1612870
1612933
1612959
1613001
1612996
1613157
1613207
1613308
1613314
1613366
1613505
1613603
1613668
1613740
1613845
1613887
1614074
1613996
1614269
1614335
1614363
1614428
1614552
1614609
1614687
1614773
1614914
1615071
1615100
1615207
1615311
1615357
1615502
1615624
1615615
1615733
1615755
1615477
1615276
1614867
1614521
1614207
1613869
1613574
1613369
1613076
1612890
1612802
1612705
1612620
1612555
1612455
1612461
1612354
1612455
1612362
1612326
1612296
1612181
1612315
1612224
1612135
1612216
1612182
1612198
1612277
1612380
1612450
1612479
1612469
1612504
1612654
1612593
1612549
1612659
1612641
1612610
1612638
1612658
1612704
1612730
1612742
1612696
1612740
1612803
1612837
1612912
1613024
1612972
1613106
1613128
1613260
1613269
1613438
1613412
1613556
1613725
1613824
1613930
1613984
1614161
1614105
1614292
1614358
1614390
1614552
1614656
1614633
1614769
1614809
1614983
1615089
1615137
1615266
1615419
1615388
1615545
1615621
1615681
1615835
1615862
1615921
1615610
1615357
1614998
1614613
1614287
1614001
1613617
1613405
1613171
1613176
1612975
1612936
1612857
1612814
1612741
1612707
1612790
1612710
1612687
1612727
1612655
1612695
1612642
1612615
1612651
1612615
1612686
1612785
1612890
1613009
1613025
1613138
1613120
1613071
1613238
1613190
1613113
1613110
1613148
1613123
1613018
1613155
1613220
1613203
1613193
1613288
1613285
1613362
1613422
1613407
1613518
1613558
1613675
1613707
1613799
1613929
1613974
1614048
1614176
1614217
1614275
1614405
1614505
1614524
1614643
1614818
1614818
1614905
1614978
1615083
1615230
1615288
1615343
1615357
1615608
1615583
1615720
1615807
1615805
1615863
1615894
1615742
1615314
1615077
1614693
1614383
1614052
1613743
1613559
1613295
1613199
1613119
1612992
1612925
1612830
1612784
1612725
1612774
1612768
1612727
1612711
1612702
1612645
1612593
1612587
1612574
1612584
1612625
1612704
1612817
1612901
1612865
1612846
1613049
1612997
1613134
1613018
1613076
1613043
1612970
1613026
1612989
1613045
1613033
1613060
1613045
1613144
1613187
1613178
1613231
1613314
1613459
1613437
1613546
1613585
1613681
1613885
1613824
1613888
1613905
1614081
1614144
1614267
1614356
1614475
1614467
1614538
1614707
1614712
1614901
1614877
1614955
1615108
1615160
1615180
1615265
1615412
1615514
1615670
1615719
1615866
1615915
1615969
1615791
1615692
1615352
1615050
1614689
1614282
1613918
1613695
1613402
1613104
1612998
1612856
1612778
1612624
1612589
1612473
1612431
1612395
1612245
1612233
1612175
1612164
1612214
1612153
1612079
1612025
1611881
1612058
1612040
1612091
1612156
1612189
1612205
1612274
1612291
1612371
1612370
1612420
1612338
1612352
1612335
1612392
1612292
1612297
1612359
1612395
1612435
1612481
1612455
1612517
1612553
1612623
1612655
1612703
1612724
1612886
1612977
1612980
1613088
1613214
1613234
1613242
1613409
1613443
1613577
1613655
1613735
1613811
1613916
1613953
1614013
1614217
1614228
1614344
1614385
1614539
1614616
1614665
1614794
1614802
1614959
1615028
1615185
1615220
1615339
1615361
1615339
1615272
1615019
1614663
1614267
1613900
1613571
1613196
1612965
1612656
1612537
1612342
1612279
1612113
1612019
1612030
1611895
1611934
1611806
1611774
1611670
1611640
1611627
1611504
1611499
1611486
1611502
1611452
1611502
1611568
1611542
1611595
1611654
1611767
1611759
1611859
1611801
1611841
1611835
1611795
1611783
1611786
1611757
1611867
1611754
1611775
1611939
1611865
1611934
1611920
1611980
1612085
1612200
1612191
1612213
1612279
1612334
1612438
1612586
1612624
1612703
1612717
1612840
1612898
1612998
1613094
1613280
1613264
1613409
1613476
1613609
1613623
1613695
1613800
1613824
1613911
1613971
1614106
1614227
1614333
1614384
1614491
1614563
1614741
1614856
1614868
1615080
1615091
1614978
1614820
1614710
1614322
1613924
1613578
1613196
1612975
1612654
1612425
1612231
1612131
1611973
1611865
1611863
1611831
1611806
1611786
1611687
1611745
1611701
1611689
1611655
1611612
1611580
1611546
1611557
1611534
1611597
1611656
1611789
1611822
1611841
1611952
1611941
1611993
1611994
1612003
1611973
1611917
1611970
1611993
1611937
1612035
1611986
1612042
1611994
1612071
1612109
1612224
1612245
1612242
1612357
1612376
1612440
1612555
1612650
1612679
1612798
1612812
1612957
1613090
1613074
1613213
1613363
1613368
1613458
1613603
1613643
1613726
1613871
1613818
1613977
1614076
1614166
1614229
1614322
1614431
1614469
1614668
1614764
1614885
1614930
1614930
1614848
1614616
1614304
1613980
1613784
1613370
1613135
1612772
1612558
1612473
1612208
1612226
1612104
1612061
1611982
1611980
1611936
1612008
1611965
1612000
1611997
1611918
1611957
1611955
1611905
1611911
1611956
1612038
1612069
1612206
1612203
1612295
1612366
1612434
1612378
1612369
1612390
1612411
1612362
1612393
1612365
1612330
1612475
1612403
1612457
1612547
1612523
1612664
1612573
1612623
1612773
1612805
1612957
1612992
1613091
1613212
1613201
1613256
1613425
1613463
1613578
1613589
1613667
1613794
1613822
1613956
1613970
1614126
1614222
1614364
1614357
1614503
1614634
1614646
1614727
1614856
1614910
1615056
1615158
1615233
1615276
1615213
1615068
1614839
1614552
1614157
1613874
1613468
1613234
1612976
1612746
1612606
1612481
1612367
1612293
1612144
1612123
1612072
1612090
1611939
1612025
1611942
1611897
1611852
1611908
1611871
1611777
1611736
1611813
1611756
1611902
1611943
1611955
1612148
1612180
1612155
1612275
1612159
1612249
1612250
1612216
1612105
1612201
1612255
1612184
1612228
1612263
1612315
1612325
1612389
1612455
1612400
1612510
1612522
1612684
1612711
1612837
1612858
1612968
1613056
1613100
1613237
1613233
1613345
1613396
1613508
1613613
1613598
1613712
1613817
1613939
1614018
1614094
1614212
1614287
1614365
1614501
1614576
1614621
1614690
1614806
1614889
1615046
1615207
1615220
1615289
1615264
1615138
1614963
1614660
1614273
1613912
1613549
1613300
1613023
1612760
1612641
1612483
1612404
1612320
1612212
1612240
1612057
1612068
1612050
1611950
1612007
1611950
1611878
1611948
1611813
1611786
1611810
1611774
1611813
1611830
1611927
1611899
1611976
1612046
1612081
1612156
1612172
1612132
1612192
1612279
1612225
1612214
1612244
1612155
1612264
1612247
1612184
1612287
1612326
1612437
1612485
1612517
1612553
1612634
1612620
1612748
1612846
1612894
1612971
1613026
1613118
1613177
1613330
1613361
1613443
1613545
1613640
1613668
1613708
1613879
1613932
1614071
1614141
1614203
1614180
1614345
1614422
1614506
1614573
1614733
1614718
1614970
1615043
1615148
1615259
1615332
1615277
1615286
1615051
1614750
1614444
1614068
1613775
1613323
1613134
1612849
1612685
1612544
1612458
1612418
1612300
1612255
1612205
1612210
1612128
1612077
1612095
1612112
1611991
1611902
1611903
1611888
1611892
1611889
1611931
1611963
1612013
1612147
1612209
1612170
1612188
1612302
1612343
1612401
1612278
1612316
1612344
1612281
1612251
1612325
1612325
1612340
1612350
1612392
1612369
1612505
1612479
1612616
1612593
1612665
1612678
1612847
1612916
1612972
1613016
1613078
1613176
1613262
1613328
1613475
1613470
1613544
1613663
1613846
1613896
1613932
1614029
1614099
1614175
1614237
1614412
1614458
1614562
1614642
1614730
1614807
1614929
1614958
1615081
1615142
1615276
1615418
1615377
1615401
1615256
1615045
1614768
1614387
1614034
1613653
1613426
1613288
1612984
1612825
1612743
1612553
1612422
1612449
1612450
1612346
1612338
1612325
1612300
1612231
1612264
1612238
1612269
1612164
1612187
1612200
1612171
1612275
1612298
1612418
1612468
1612607
1612472
1612522
1612620
1612558
1612640
1612636
1612650
1612534
1612553
1612487
1612614
1612612
1612610
1612638
1612679
1612734
1612693
1612842
1612922
1612935
1613037
1613073
1613136
1613327
1613326
1613417
1613468
1613532
1613662
1613679
1613754
1613805
1613892
1614001
1614150
1614245
1614263
1614342
1614389
1614554
1614687
1614633
1614774
1614828
1614964
1615011
1615161
1615270
1615341
1615314
1615195
1614876
1614653
1614335
1614021
1613663
1613378
1613100
1612961
1612720
1612656
1612541
1612477
1612440
1612388
1612293
1612298
1612264
1612311
1612341
1612157
1612240
1612271
1612263
1612193
1612111
1612195
1612322
1612356
1612350
1612401
1612474
1612508
1612592
1612560
1612640
1612610
1612610
1612598
1612585
1612546
1612556
1612601
1612575
1612661
1612644
1612800
1612714
1612801
1612913
1612878
1612971
1613091
1613090
1613207
1613312
1613359
1613398
1613479
1613557
1613661
1613731
1613780
1613956
1613967
1614037
1614130
1614238
1614323
1614385
1614478
1614534
1614594
1614725
1614765
1614934
1614987
1615041
1615263
1615307
1615393
1615446
1615466
1615338
1615070
1614840
1614519
1614202
1613807
1613509
1613091
1612991
1612819
1612682
1612562
1612434
1612360
1612300
1612220
1612207
1612119
1612133
1612013
1612001
1612013
1611937
1611873
1611888
1611864
1611771
1611825
1611803
1611880
1611967
1611983
1612102
1612150
1612162
1612190
1612122
1612190
1612231
1612178
1612171
1612157
1612132
1612161
1612172
1612228
1612219
1612265
1612405
1612425
1612447
1612506
1612521
1612683
1612726
1612818
1612797
1612959
1613057
1613075
1613131
1613204
1613281
1613373
1613502
1613593
1613643
1613748
1613810
1613868
1613917
1614050
1614147
1614233
1614323
1614437
1614523
1614568
1614608
1614710
1614831
1614857
1615109
1615114
1615219
1615221
1615133
1614933
1614633
1614304
1613968
1613569
1613249
1612976
1612832
1612626
1612528
1612375
1612313
1612235
1612160
1612072
1612130
1612004
1611987
1611871
1611900
1611812
1611785
1611735
1611770
1611769
1611767
1611776
1611731
1611846
1612006
1611987
1611981
1612029
1612135
1612184
1612109
1612143
1612057
1612029
1612132
1612126
1612142
1612116
1612189
1612240
1612211
1612310
1612382
1612388
1612378
1612479
1612581
1612614
1612769
1612838
1612830
1612973
1612997
1613090
1613135
1613253
1613295
1613404
1613454
1613589
1613683
1613749
1613801
1613917
1614062
1614147
1614117
1614330
1614284
1614453
1614519
1614554
1614735
1614787
1614907
1614977
1615062
1615167
1615241
1615287
1615337
1615347
1615199
1614901
1614506
1614298
1613881
1613655
1613331
1613081
1612832
1612743
1612651
1612580
1612497
1612378
1612449
1612297
1612272
1612297
1612221
1612235
1612217
1612177
1612151
1612118
1612145
1612073
1612167
1612209
1612314
1612392
1612419
1612509
1612524
1612528
1612546
1612491
1612553
1612548
1612482
1612547
1612628
1612559
1612624
1612568
1612651
1612660
1612840
1612796
1612891
1612947
1613008
1613030
1613099
1613119
1613250
1613308
1613364
1613532
1613568
1613619
1613738
1613789
1613794
1613973
1613988
1614076
1614169
1614302
1614373
1614516
1614614
1614695
1614650
1614813
1614917
1615000
1615059
1615121
1615252
1615239
1615454
1615505
1615612
1615725
1615871
1615817
1615785
1615629
1615386
1614996
1614704
1614385
1614113
1613801
1613568
1613453
1613346
1613183
1613084
1613002
1613082
1613010
1612927
1612942
1612850
1612858
1612917
1612908
1612869
1612837
1612896
1612762
1612859
1612851
1612978
1613056
1613018
1613171
1613190
1613331
1613220
1613244
1613395
1613356
1613254
1613315
1613349
1613259
1613269
1613264
1613317
1613352
1613456
1613407
1613484
1613592
1613607
1613569
1613648
1613744
1613864
1613895
1613978
1614092
1614174
1614265
1614309
1614423
1614507
1614582
1614735
1614756
1614856
1614892
1614975
1615127
1615115
1615230
1615370
1615438
1615476
1615589
1615647
1615749
1615906
1615965
1616067
1616149
1616140
1616142
1616125
1615895
1615687
1615374
1615041
1614731
1614467
1614192
1613944
1613820
1613754
1613676
1613586
1613509
1613485
1613521
1613489
1613552
1613524
1613436
1613448
1613437
1613494
1613445
1613425
1613406
1613438
1613584
1613612
1613645
1613794
1613853
1613818
1613829
1613912
1613884
1613871
1613881
1613845
1613850
1613908
1613881
1613899
1613966
1613944
1613952
1614062
1614100
1614170
1614254
1614307
1614325
1614450
1614451
1614603
1614620
1614714
1614731
1614805
1614974
1615019
1615089
1615165
1615245
1615339
1615368
1615487
1615532
1615642
1615687
1615731
1615955
1615934
1616014
1616130
1616170
1616267
1616350
1616495
1616610
1616699
1616762
1616693
1616620
1616437
1616174
1615750
1615505
1615114
1614806
1614604
1614249
1614199
1614111
1613879
1613743
1613734
1613666
1613650
1613564
1613486
1613505
1613412
1613425
1613392
1613307
1613369
1613304
1613216
1613204
1613229
1613266
1613340
1613377
1613422
1613415
1613531
1613549
1613554
1613593
1613553
1613543
1613459
1613505
1613576
1613528
1613501
1613627
1613537
1613666
1613648
1613593
1613701
1613796
1613821
1613914
1613914
1613997
1614111
1614192
1614223
1614235
1614336
1614450
1614443
1614552
1614631
1614663
1614824
1614815
1614909
1615034
1615102
1615134
1615285
1615275
1615449
1615464
1615519
1615628
1615732
1615842
1615948
1615974
1616130
1616159
1616213
1616257
1616295
1616155
1615882
1615571
1615154
1614911
1614538
1614243
1613968
1613761
1613667
1613527
1613386
1613337
1613269
1613165
1613074
1613073
1613010
1612979
1612901
1612891
1612836
1612814
1612763
1612625
1612691
1612688
1612719
1612806
1612849
1612802
1612925
1613048
1613053
1613129
1613088
1613053
1613065
1613105
1612966
1613024
1613047
1613028
1613016
1613128
1613177
1613114
1613128
1613247
1613167
1613302
1613267
1613404
1613480
1613518
1613632
1613663
1613709
1613856
1613863
1613914
1613987
1614096
1614150
1614235
1614299
1614491
1614495
1614513
1614664
1614676
1614771
1614860
1614984
1615002
1615102
1615253
1615319
1615373
1615514
1615586
1615691
1615695
1615874
1615988
1616038
1615972
1615956
1615776
1615473
1615205
1614795
1614495
1614157
1613787
1613609
1613433
1613342
1613202
1613089
1612973
1613009
1612909
1612863
1612899
1612868
1612720
1612738
1612669
1612705
1612670
1612616
1612599
1612523
1612587
1612691
1612697
1612806
1612839
1612882
1612936
1612889
1612904
1612842
1612991
1612899
1612969
1612908
1612938
1612953
1612871
1612939
1612851
1612902
1612970
1613062
1613067
1613061
1613222
1613235
1613366
1613413
1613439
1613508
1613595
1613680
1613799
1613815
1613938
1613993
1614047
1614158
1614270
1614265
1614365
1614527
1614555
1614667
1614656
1614831
1614868
1614922
1615005
1615106
1615138
1615306
1615403
1615460
1615620
1615651
1615730
1615818
1615821
1615700
1615523
1615315
1614884
1614529
1614227
1613924
1613676
1613495
1613277
1613129
1613146
1612990
1613086
1612926
1612902
1612887
1612913
1612923
1612861
1612867
1612840
1612910
1612789
1612832
1612836
1612840
1612910
1612994
1613080
1613080
1613176
1613182
1613248
1613230
1613278
1613255
1613281
1613264
1613233
1613154
1613210
1613197
1613292
1613266
1613335
1613399
1613477
1613480
1613460
1613522
1613582
1613662
1613778
1613846
1613896
1614039
1613992
1614116
1614225
1614339
1614372
1614458
1614501
1614565
1614726
1614696
1614809
1614963
1614968
1614982
1615142
1615298
1615336
1615415
1615434
1615603
1615641
1615767
1615818
1615932
1616011
1616095
1616007
1616007
1615724
1615415
1615108
1614759
1614455
1614085
1613833
1613627
1613566
1613411
1613338
1613196
1613149
1613103
1613055
1613042
1613005
1612944
1612938
1612869
1612883
1612852
1612814
1612714
1612716
1612803
1612736
1612832
1612931
1612948
1612926
1613068
1613177
1613079
1613051
1613126
1613133
1613145
1613128
1613164
1613069
1613154
1613166
1613111
1613168
1613293
1613283
1613302
1613362
1613390
1613415
1613455
1613668
1613739
1613829
1613849
1613873
1613969
1614086
1614066
1614224
1614373
1614369
1614486
1614587
1614617
1614689
1614821
1614905
1614908
1615060
1615073
1615210
1615262
1615295
1615459
1615531
1615598
1615691
1615798
1615843
1616004
1616054
1616178
1616280
1616358
1616386
1616385
1616201
1615873
1615590
1615255
1614955
1614594
1614329
1614161
1613951
1613732
1613594
1613564
1613453
1613425
1613475
1613350
1613315
1613247
1613182
1613192
1613190
1613190
1613171
1613064
1613099
1613088
1613140
1613150
1613228
1613385
1613352
1613432
1613425
1613527
1613455
1613493
1613464
1613530
1613379
1613505
1613483
1613475
1613583
1613517
1613563
1613593
1613657
1613626
1613742
1613747
1613845
1613872
1613919
1613942
1614144
1614214
1614251
1614418
1614323
1614532
1614589
1614696
1614732
1614841
1614923
1614973
1615034
1615136
1615177
1615350
1615460
1615469
1615594
1615626
1615712
1615790
1615909
1615929
1616118
1616020
1616215
1616301
1616426
1616481
1616580
1616687
1616691
1616832
1616863
1616661
1616453
1616089
1615803
1615424
1615128
1614786
1614609
1614406
1614313
1614108
1614062
1614027
1613931
1613912
1613918
1613920
1613868
1613795
1613834
1613676
1613763
1613758
1613675
1613689
1613658
1613752
1613764
1613793
1613934
1613894
1613964
1614053
1614141
1614133
1614144
1614160
1614099
1614060
1614142
1614192
1614104
1614123
1614156
1614149
1614185
1614260
1614320
1614329
1614357
1614429
1614487
1614569
1614613
1614739
1614747
1614877
1614907
1614939
1615055
1615155
1615239
1615243
1615349
1615475
1615513
1615636
1615719
1615828
1615881
1616011
1616036
1616132
1616239
1616237
1616391
1616412
1616510
1616542
1616719
1616777
1616908
1616918
1617059
1617141
1617134
1617188
1617139
1616850
1616492
1616243
1615878
1615611
1615352
1615054
1614915
1614884
1614677
1614614
1614535
1614453
1614496
1614466
1614409
1614478
1614426
1614396
1614470
1614424
1614385
1614380
1614370
1614409
1614472
1614486
1614574
1614574
1614654
1614733
1614747
1614848
1614718
1614776
1614821
1614799
1614768
1614772
1614816
1614815
1614905
1614841
1614786
1614925
1614902
1614938
1614997
1615008
1615024
1615170
1615287
1615338
1615370
1615384
1615576
1615620
1615671
1615729
1615840
1615895
1615967
1616108
1616067
1616148
1616310
1616351
1616431
1616540
1616488
1616710
1616834
1616670
1616934
1616967
1616970
1617160
1617274
1617282
1617353
1617506
1617502
1617633
1617722
1617826
1617820
1617721
1617507
1617178
1616910
1616517
1616315
1615886
1615723
1615396
1615285
1615131
1615077
1614953
1614849
1614959
1614788
1614761
1614745
1614684
1614576
1614621
1614630
1614545
1614623
1614532
1614585
1614383
1614500
1614570
1614609
1614618
1614622
1614740
1614823
1614857
1614771
1614840
1614886
1614859
1614801
1614830
1614749
1614810
1614824
1614872
1614903
1614893
1614994
1614900
1614982
1615069
1615095
1615151
1615149
1615309
1615351
1615425
1615478
1615558
1615607
1615717
1615752
1615809
1615865
1616026
1616046
1616138
1616213
1616294
1616272
1616358
1616534
1616575
1616700
1616663
1616782
1616905
1616950
1616992
1617149
1617169
1617352
1617307
1617516
1617621
1617574
1617845
1617819
1617893
1617785
1617738
1617520
1617188
1616903
1616484
1616204
1615882
1615665
1615453
1615287
1615189
1615035
1614957
1614840
1614823
1614787
1614751
1614739
1614622
1614642
1614576
1614561
1614545
1614499
1614446
1614392
1614368
1614488
1614556
1614585
1614598
1614720
1614686
1614730
1614744
1614807
1614846
1614779
1614803
1614834
1614793
1614739
1614787
1614784
1614840
1614801
1614875
1614903
1614866
1615028
1614990
1615116
1615136
1615136
1615271
1615264
1615403
1615380
1615484
1615520
1615536
1615696
1615808
1615882
1615914
1615998
1616121
1616167
1616240
1616294
1616366
1616455
1616443
1616601
1616658
1616747
1616807
1616930
1617001
1617114
1617175
1617244
1617305
1617417
1617466
1617636
1617699
1617782
1617790
1617703
1617562
1617189
1616900
1616626
1616254
1615930
1615688
1615509
1615323
1615125
1615022
1614984
1614927
1614847
1614837
1614787
1614814
1614733
1614742
1614771
1614725
1614670
1614708
1614774
1614731
1614609
1614726
1614834
1614901
1614913
1614963
1614952
1615041
1615131
1615033
1615042
1615056
1615031
1614995
1615043
1615060
1615062
1615026
1615107
1615173
1615123
1615183
1615205
1615177
1615268
1615344
1615397
1615447
1615559
1615639
1615671
1615756
1615843
1615870
1615937
1616080
1616167
1616216
1616226
1616364
1616426
1616541
1616604
1616700
1616642
1616842
1616878
1616904
1617069
1617131
1617154
1617239
1617321
1617414
1617502
1617643
1617675
1617804
1617909
1617850
1617751
1617556
1617230
1616905
1616578
1616269
1615924
1615741
1615521
1615316
1615227
1615119
1615009
1615016
1614985
1614789
1614830
1614849
1614844
1614806
1614830
1614766
1614660
1614719
1614724
1614618
1614726
1614708
1614725
1614780
1614882
1614911
1614976
1615036
1615020
1615033
1614997
1615044
1615000
1615038
1614978
1614989
1615098
1614988
1615038
1614952
1615052
1615018
1615146
1615201
1615225
1615274
1615333
1615457
1615525
1615592
1615608
1615576
1615793
1615854
1615920
1615998
1616039
1616107
1616189
1616223
1616311
1616398
1616516
1616581
1616619
1616720
1616835
1616856
1616984
1617107
1617149
1617248
1617316
1617360
1617438
1617523
1617570
1617780
1617876
1617930
1617975
1618001
1618002
1617836
1617567
1617210
1616880
1616527
1616300
1615966
1615682
1615515
1615367
1615184
1615106
1615016
1614886
1614845
1614860
1614786
1614786
1614747
1614611
1614647
1614623
1614603
1614606
1614578
1614482
1614483
1614524
1614521
1614547
1614692
1614674
1614718
1614779
1614844
1614844
1614823
1614859
1614878
1614825
1614826
1614862
1614743
1614872
1614764
1614824
1614860
1614939
1614969
1614893
1615032
1615205
1615092
1615131
1615254
1615340
1615415
1615450
1615522
1615609
1615630
1615767
1615831
1615884
1616015
1616097
1616130
1616267
1616311
1616466
1616467
1616543
1616611
1616654
1616808
1616784
1616885
1617023
1617074
1617201
1617234
1617273
1617501
1617479
1617680
1617715
1617779
1617860
1617633
1617378
1617163
1616738
1616423
1616148
1615799
1615586
1615358
1615139
1614962
1614907
1614856
1614711
1614749
1614618
1614593
1614568
1614485
1614511
1614472
1614503
1614461
1614365
1614366
1614260
1614358
1614346
1614355
1614451
1614524
1614554
1614528
1614648
1614706
1614720
1614689
1614740
1614608
1614611
1614672
1614655
1614658
1614700
1614616
1614643
1614733
1614763
1614824
1614791
1614903
1614949
1614963
1615058
1615042
1615201
1615216
1615302
1615396
1615432
1615467
1615619
1615646
1615828
1615841
1615965
1615993
1616042
1616202
1616241
1616271
1616368
1616389
1616575
1616627
1616691
1616713
1616862
1616974
1616989
1617097
1617163
1617317
1617375
1617494
1617612
1617674
1617586
1617615
1617397
1617088
1616828
1616496
1616150
1615821
1615560
1615090
1614985
1614857
1614773
1614698
1614549
1614662
1614558
1614512
1614441
1614419
1614421
1614412
1614395
1614326
1614312
1614269
1614251
1614295
1614325
1614366
1614425
1614481
1614432
1614567
1614505
1614585
1614607
1614597
1614540
1614593
1614621
1614656
1614617
1614532
1614588
1614595
1614582
1614722
1614697
1614740
1614825
1614883
1614827
1614998
1614994
1615154
1615157
1615215
1615224
1615374
1615473
1615506
1615619
1615612
1615775
1615806
1615897
1615978
1616066
1616121
1616152
1616241
1616366
1616439
1616501
1616612
1616632
1616787
1616885
1616972
1617021
1617085
1617194
1617309
1617399
1617522
1617535
1617665
1617616
1617465
1617191
1616905
1616567
1616259
1615894
1615669
1615444
1615170
1614969
1614918
1614841
1614828
1614884
1614779
1614726
1614758
1614790
1614765
1614768
1614667
1614693
1614700
1614688
1614734
1614595
1614784
1614844
1614872
1614898
1615050
1615010
1615037
1615134
1615138
1615185
1615082
1615165
1615059
1615094
1615079
1615100
1615043
1615130
1615134
1615233
1615306
1615230
1615346
1615409
1615444
1615514
1615619
1615572
1615723
1615785
1615812
1615840
1616000
1616084
1616250
1616174
1616278
1616432
1616463
1616571
1616553
1616589
1616757
1616870
1616938
1617065
1617183
1617197
1617275
1617351
1617381
1617542
1617610
1617674
1617721
1617735
1617582
1617335
1617017
1616696
1616501
1616130
1615847
1615690
1615419
1615282
1615184
1615100
1615002
1615001
1614953
1614906
1614908
1614793
1614892
1614809
1614748
1614779
1614769
1614844
1614732
1614713
1614773
1614865
1614830
1614899
1614930
1615008
1614982
1615079
1615168
1615087
1615182
1615105
1615147
1615125
1615024
1615098
1615070
1615085
1615149
1615229
1615226
1615259
1615309
1615242
1615378
1615414
1615526
1615618
1615700
1615670
1615752
1615864
1615874
1615999
1616057
1616213
1616210
1616265
1616350
1616468
1616473
1616711
1616616
1616739
1616818
1616925
1616947
1617086
1617154
1617191
1617339
1617363
1617428
1617526
1617706
1617763
1617841
1617896
1617889
1617767
1617660
1617307
1617036
1616729
1616427
1616107
1615901
1615640
1615503
1615324
1615239
1615135
1615145
1615060
1615036
1614974
1614967
1614951
1614921
1614918
1614872
1614890
1614843
1614813
1614800
1614807
1614861
1614833
1614885
1614932
1615016
1615081
1615171
1615136
1615210
1615199
1615280
1615204
1615159
1615174
1615223
1615217
1615184
1615242
1615217
1615280
1615330
1615365
1615434
1615456
1615506
1615588
1615622
1615652
1615825
1615921
1615842
1616014
1616032
1616173
1616181
1616287
1616345
1616412
1616466
1616627
1616568
1616772
1616857
1616920
1616997
1616947
1617145
1617193
1617285
1617410
1617456
1617533
1617561
1617600
1617805
1617898
1617991
1617996
1618141
1618259
1618252
1618199
1617997
1617711
1617442
1617126
1616782
1616503
1616175
1616061
1615860
1615761
1615610
1615534
1615460
1615455
1615440
1615407
1615448
1615436
1615394
1615390
1615291
1615276
1615287
1615164
1615207
1615164
1615270
1615336
1615336
1615427
1615477
1615503
1615554
1615645
1615637
1615619
1615616
1615596
1615672
1615624
1615704
1615617
1615647
1615608
1615707
1615750
1615680
1615758
1615797
1615877
1615893
1615951
1616044
1616114
1616117
1616250
1616276
1616350
1616453
1616540
1616597
1616657
1616685
1616817
1616782
1616933
1617080
1617133
1617164
1617249
1617353
1617452
1617516
1617570
1617715
1617686
1617790
1617902
1617947
1618001
1618189
1618194
1618265
1618353
1618406
1618408
1618114
1618032
1617735
1617458
1616809
1616474
1616300
1616086
1616066
1615912
1615809
1615791
1615706
1615677
1615663
1615630
1615633
1615582
1615519
1615537
1615598
1615529
1615471
1615421
1615463
1615531
1615549
1615577
1615637
1615734
1615665
1615797
1615812
1615843
1615841
1615769
1615830
1615861
1615802
1615842
1615865
1615812
1615809
1615851
1615919
1615889
1615985
1615960
1616010
1616076
1616114
1616165
1616168
1616325
1616407
1616416
1616510
1616659
1616711
1616754
1616735
1616851
1616921
1617005
1617056
1617189
1617171
1617328
1617341
1617462
1617520
1617609
1617636
1617760
1617760
1617859
1617979
1617932
1617967
1618122
1618070
1617993
1617856
1617540
1617259
1617033
1616743
1616427
1616176
1615915
1615804
1615645
1615590
1615606
1615477
1615385
1615417
1615388
1615459
1615360
1615299
1615325
1615311
1615243
1615332
1615249
1615223
1615195
1615260
1615321
1615267
1615419
1615353
1615528
1615583
1615576
1615559
1615544
1615601
1615566
1615526
1615544
1615553
1615603
1615614
1615596
1615515
1615607
1615668
1615662
1615816
1615801
1615874
1615855
1615937
1615925
1616093
1616205
1616295
1616190
1616370
1616343
1616492
1616532
1616693
1616750
1616766
1616888
1616881
1616972
1617027
1617059
1617190
1617290
1617418
1617409
1617564
1617591
1617736
1617843
1617811
1617741
1617595
1617335
1617029
1616799
1616456
1616191
1615885
1615694
1615466
1615335
1615222
1615179
1615093
1615066
1614907
1614947
1614880
1614868
1614914
1614787
1614819
1614799
1614691
1614717
1614680
1614713
1614745
1614711
1614871
1614927
1614882
1614959
1615002
1615083
1615015
1615074
1615089
1615011
1614988
1614999
1614981
1615007
1615133
1615088
1615053
1615069
1615182
1615216
1615217
1615317
1615342
1615398
1615451
1615528
1615576
1615626
1615656
1615734
1615849
1615993
1615990
1616083
1616107
1616250
1616323
1616419
1616475
1616582
1616637
1616772
1616821
1616896
1616975
1616994
1617127
1617188
1617200
1617338
1617480
1617548
1617610
1617649
1617555
1617367
1617111
1616894
1616530
1616120
1615895
1615622
1615433
1615190
1615076
1614962
1614968
1614891
1614782
1614810
1614719
1614707
1614679
1614735
1614662
1614643
1614574
1614573
1614663
1614487
1614589
1614549
1614610
1614642
1614758
1614756
1614811
1614863
1614878
1614870
1614868
1614872
1614860
1614864
1614916
1614886
1614893
1614855
1614964
1614950
1614983
1615067
1614976
1615053
1615133
1615198
1615272
1615276
1615351
1615509
1615402
1615602
1615623
1615761
1615839
1615847
1615933
1616059
1616070
1616142
1616244
1616342
1616430
1616488
1616585
1616702
1616736
1616859
1616929
1616975
1617121
1617142
1617289
1617344
1617420
1617439
1617608
1617652
1617573
1617357
1617116
1616760
1616501
1616182
1615925
1615692
1615399
1615311
1615136
1615057
1615028
1614929
1614902
1614854
1614912
1614761
1614886
1614805
1614845
1614845
1614732
1614765
1614845
1614777
1614774
1614854
1614868
1614984
1615088
1615160
1615198
1615143
1615304
1615252
1615266
1615309
1615255
1615255
1615239
1615197
1615264
1615219
1615321
1615300
1615356
1615408
1615426
1615539
1615557
1615542
1615693
1615726
1615876
1615863
1615964
1616053
1616153
1616214
1616232
1616339
1616340
1616610
1616609
1616639
1616790
1616860
1616941
1617046
1617084
1617125
1617309
1617303
1617418
1617552
1617657
1617652
1617887
1617862
1617863
1617880
1617764
1617511
1617237
1616967
1616661
1616370
1616103
1615945
1615697
1615617
1615578
1615477
1615424
1615414
1615452
1615390
1615386
1615438
1615342
1615386
1615372
1615371
1615422
1615349
1615399
1615472
1615567
1615612
1615600
1615715
1615782
1615774
1615828
1615836
1615921
1615922
1615886
1615891
1615874
1615930
1615865
1615947
1615908
1615926
1615982
1616006
1616063
1616124
1616165
1616230
1616302
1616361
1616474
1616491
1616582
1616689
1616785
1616876
1616905
1616998
1617022
1617120
1617239
1617317
1617317
1617366
1617535
1617674
1617674
1617782
1617877
1617922
1617990
1618099
1618160
1618257
1618423
1618530
1618534
1618572
1618290
1618218
1617903
1617482
1617237
1617004
1616647
1616424
1616208
1616055
1616001
1615951
1615785
1615810
1615748
1615689
1615719
1615660
1615602
1615662
1615522
1615508
1615525
1615600
1615478
1615460
1615477
1615565
1615625
1615640
1615700
1615758
1615791
1615856
1615749
1615952
1615802
1615852
1615898
1615807
1615883
1615861
1615864
1615970
1616001
1615923
1615989
1616023
1616071
1616131
1616169
1616251
1616278
1616335
1616379
1616443
1616539
1616679
1616729
1616750
1616837
1616894
1616992
1617040
1617158
1617245
1617311
1617379
1617519
1617497
1617661
1617753
1617796
1617783
1617953
1618036
1618144
1618189
1618331
1618387
1618552
1618583
1618689
1618692
1618797
1618547
1618463
1618142
1617758
1617497
1617178
1616950
1616601
1616473
1616310
1616176
1616053
1615998
1615837
1615840
1615806
1615822
1615668
1615639
1615742
1615597
1615607
1615532
1615613
1615567
1615512
1615496
1615531
1615500
1615575
1615592
1615741
1615752
1615826
1615789
1615812
1615822
1615898
1615853
1615867
1615942
1615763
1615862
1615821
1615838
1615977
1615967
1615996
1615993
1616057
1616069
1616136
1616220
1616219
1616355
1616401
1616485
1616522
1616533
1616622
1616688
1616805
1616876
1616855
1617038
1617063
1617134
1617276
1617298
1617458
1617454
1617472
1617594
1617641
1617796
1617834
1617961
1617963
1618118
1618116
1618288
1618364
1618358
1618430
1618526
1618595
1618556
1618394
1618167
1617832
1617537
1617286
1616886
1616620
1616354
1616288
1616049
1615944
1615818
1615897
1615871
1615799
1615691
1615728
1615617
1615566
1615596
1615582
1615512
1615510
1615512
1615505
1615463
1615575
1615613
1615629
1615720
1615697
1615779
1615869
1615893
1615899
1615834
1615909
1615877
1615963
1615930
1615812
1615878
1615895
1615914
1615955
1615909
1616102
1616084
1615996
1616032
1616156
1616195
1616312
1616401
1616391
1616584
1616600
1616649
1616782
1616846
1616989
1616956
1617111
1617206
1617297
1617370
1617426
1617481
1617627
1617676
1617692
1617800
1617844
1618011
1618102
1618187
1618219
1618366
1618433
1618532
1618653
1618673
1618850
1618861
1619036
1618814
1618532
1618305
1617975
1617769
1617510
1617112
1617034
1616833
1616732
1616576
1616453
1616475
1616389
1616423
1616580
1616461
1616499
1616468
1616462
1616541
1616469
1616604
1616624
1616638
1616710
1616831
1616794
1616989
1616901
1616959
1617155
1617217
1617229
1617300
1617236
1617322
1617289
1617307
1617384
1617399
1617262
1617328
1617359
1617369
1617346
1617576
1617772
1617760
1617778
1617899
1617996
1618098
1618224
1618257
1618327
1618397
1618511
1618503
1618576
1618586
1618724
1618838
1618959
1619072
1619168
1619061
1619166
1619314
1619405
1619445
1619555
1619625
1619735
1619880
1619854
1619851
1620002
1620045
1619974
1619837
1619671
1619263
1618987
1618681
1618413
1618335
1618129
1618037
1617769
1617690
1617738
1617731
1617720
1617676
1617685
1617662
1617690
1617661
1617714
1617657
1617716
1617689
1617626
1617689
1617776
1617835
1617988
1618072
1618052
1618084
1618192
1618136
1618164
1618251
1618301
1618246
1618187
1618171
1618231
1618106
1618290
1618214
1618202
1618254
1618361
1618343
1618438
1618479
1618525
1618699
1618700
1618860
1618864
1618938
1619039
1619164
1619199
1619266
1619411
1619435
1619601
1619776
1619678
1619784
1619901
1620048
1620051
1620124
1620215
1620267
1620359
1620295
1620371
1620092
1619848
1619553
1619366
1619065
1618846
1618534
1618265
1618192
1618099
1617909
1617841
1617891
1617812
1617798
1617806
1617864
1617805
1617731
1617786
1617759
1617732
1617818
1617832
1617751
1617896
1617959
1618010
1618163
1618272
1618269
1618293
1618359
1618431
1618490
1618430
1618410
1618357
1618382
1618315
1618350
1618308
1618363
1618393
1618434
1618439
1618536
1618652
1618692
1618713
1618743
1618807
1618925
1619006
1619062
1619112
1619212
1619306
1619387
1619473
1619501
1619604
1619737
1619766
1619851
1619941
1619997
1620104
1620203
1620320
1620325
1620391
1620363
1620215
1620106
1619779
1619484
1619110
1618871
1618659
1618345
1618162
1617899
1617852
1617675
1617642
1617600
1617549
1617547
1617533
1617468
1617441
1617428
1617453
1617438
1617484
1617449
1617470
1617463
1617498
1617491
1617604
1617660
1617751
1617813
1617829
1617794
1617794
1617779
1617825
1617777
1617800
1617785
1617786
1617735
1617749
1617789
1617768
1617785
1617837
1617917
1617950
1618027
1618096
1618148
1618142
1618299
1618372
1618248
1618440
1618508
1618627
1618658
1618701
1618836
1618815
1619027
1619019
1619101
1619141
1619248
1619234
1619367
1619457
1619559
1619580
1619633
1619549
1619439
1619251
1618905
1618513
1618220
1617970
1617683
1617446
1617201
1617057
1617037
1616940
1616852
1616779
1616698
1616619
1616529
1616538
1616525
1616466
1616441
1616371
1616387
1616375
1616342
1616341
1616323
1616353
1616336
1616468
1616483
1616480
1616552
1616666
1616649
1616690
1616606
1616603
1616564
1616582
1616563
1616562
1616616
1616567
1616666
1616607
1616637
1616693
1616637
1616771
1616816
1616841
1616932
1616983
1617013
1617115
1617218
1617214
1617373
1617423
1617459
1617553
1617625
1617717
1617855
1617885
1617927
1618050
1618175
1618164
1618207
1618337
1618371
1618511
1618480
1618574
1618654
1618736
1618846
1618908
1619053
1619050
1619279
1619299
1619339
1619441
1619485
1619636
1619697
1619737
1619785
1619479
1619273
1619020
1618545
1618212
1617912
1617585
1617384
1617199
1616983
1616833
1616710
1616682
1616636
1616544
1616536
1616426
1616460
1616375
1616325
1616284
1616258
1616247
1616226
1616226
1616166
1616128
1616222
1616199
1616246
1616326
1616342
1616361
1616523
1616555
1616473
1616506
1616500
1616442
1616379
1616514
1616471
1616454
1616459
1616499
1616501
1616608
1616602
1616655
1616696
1616774
1616739
1616831
1616956
1616983
1617122
1617086
1617198
1617270
1617431
1617454
1617570
1617644
1617679
1617733
1617890
1617955
1618041
1618146
1618246
1618255
