157248
157248
122727
122674
122652
122624
122617
122532
122559
122564
122575
122573
122533
122537
122551
122568
122566
122550
122523
122564
122584
122552
122563
122593
122610
70156
178551
178548
178618
178622
178623
178699
178788
178707
178775
178821
178828
178768
178704
432061
337871
337839
337950
338098
338281
338344
338252
338319
338347
338259
338242
338236
338283
1672990
1701268
1701231
1701398
1701543
1701487
1701265
1701236
1701500
1701720
1701695
1701583
1701492
1701438
1712314
1699925
1699919
1699922
1699776
1699372
1699263
1699137
1699255
1699395
1699519
1699536
1699457
1699318
1699183
1699370
1699463
1699667
1699992
1700416
1700913
1701202
1701050
1700500
1699405
1698526
1697869
1697372
1697317
1697570
1697756
1697503
1696764
1695950
1695110
1693416
1692077
1691011
1689960
1688959
1687305
1685480
1683040
1679772
1676571
1674032
1672203
1670529
1668757
1666331
1663812
1661656
1660220
1659382
1658469
1656961
1654869
1652653
1650666
1648464
1646014
1644515
1644246
1643422
1636461
1634863
1633228
1631389
1630634
1630815
1631295
1632083
1632843
1633581
1634273
1634928
1635620
1636597
1637553
1638344
1639110
1639862
1640659
1641227
1641824
1642356
1642733
1643166
1643333
1643371
1643613
1643923
1644752
1645692
1646618
1647682
1649047
1650463
1651904
1652830
1653295
1653085
1652122
1650930
1649469
1648214
1647427
1647028
1646953
1646763
1646459
1645779
1644518
1643094
1642209
1641772
1641493
1641173
1640998
1641066
1641130
1641405
1641639
1642044
1642909
1644233
1645785
1647466
1649398
1651291
1653331
1655094
1656734
1658162
1659455
1660497
1661357
1662126
1662707
1663081
1663466
1663821
1664019
1664116
1664155
1663974
1663998
1664251
1664700
1665301
1665583
1665813
1666154
1666377
1666425
1666491
1666366
1666224
1666062
1666105
1666111
1666102
1666315
1666614
1666985
1667647
1668417
1669272
1670314
1671516
1672748
1673914
1675183
1676389
1677505
1679044
1680047
1680894
1681244
1681650
1682070
1682536
1682869
1683190
1683437
1683629
1683682
1683847
1683821
1683907
1683865
1683965
1684096
1684240
1684432
1684506
1684482
1684530
1684535
1684656
1684574
1684579
1684425
1684205
1684021
1683828
1683731
1683570
1683328
1683317
1683068
1682852
1682714
1682571
1682391
1682353
1682187
1682034
1681906
1681135
1679986
1678872
1677475
1675840
1673503
1671096
1668297
1665456
1663159
1660940
1658767
1656396
1654249
1652441
1651100
1650174
1649493
1649193
1648977
1649106
1649582
1650321
1651073
1652052
1652963
1654026
1655221
1656332
1657446
1658353
1659374
1660198
1661080
1661964
1662785
1663571
1664500
1665445
1665445
1666195
1666643
1667160
1667398
1667770
1668408
1668990
1669530
1670214
1670802
1671789
1673010
1674795
1677106
1680470
1685529
1692252
1695897
1696331
1695874
1696092
1697221
1698389
1699200
1699597
1700066
1700533
1700747
1700865
1701043
1701226
1701172
1701268
1701434
1701600
1701733
1701842
1701872
1701774
1701613
1701315
1700848
1699941
1698997
1697889
1696998
1697033
1697268
1697186
1696990
1696565
1695864
1695098
1694123
1692392
1690661
1688647
1686837
1685081
1683671
1682602
1681745
1681004
1679876
1678677
1677775
1676466
1675334
1673947
1671783
1670742
1670377
1670788
1670572
1671124
1671064
1669817
1668094
1666170
1664083
1662250
1660717
1659251
1658147
1657296
1656533
1655779
1654882
1653448
1651597
1649605
1648652
1644934
1646827
1654511
1653193
1652880
1652603
1651554
1650993
1650422
1650228
1650259
1649603
1648943
1648667
1648740
1648987
1649402
1650365
1651157
1651687
1652061
1652219
1652322
1652451
1652406
1652613
1653068
1654060
1654868
1655738
1655796
1655138
1654368
1653694
1653182
1652648
1652239
1652053
1651922
1651505
1650903
1650270
1649709
1649365
1648780
1648490
1648358
1648080
1648066
1648151
1648240
1648312
1648363
1648373
1648448
1648539
1648646
1648825
1649016
1649198
1649249
1649443
1649497
1649727
1650075
1650386
1650697
1650976
1651179
1651234
1651381
1651713
1652074
1652324
1652614
1652965
1653268
1653571
1653734
1653794
1653877
1653888
1653934
1653964
1654054
1654044
1654250
1654384
1654882
1655584
1656532
1657737
1659205
1660844
1662484
1663791
1664703
1665597
1666403
1667142
1667866
1668571
1669179
1669843
1670660
1671451
1672050
1672745
1673267
1673876
1674236
1674570
1674770
1674941
1675232
1675473
1675769
1676310
1677009
1678014
1679352
1680705
1682023
1683292
1684440
1685523
1686469
1687339
1688018
1688550
1689014
1689369
1689631
1689977
1690147
1690271
1690403
1690550
1690717
1690842
1690924
1691062
1691060
1691118
1691028
1691102
1691108
1691112
1691175
1691109
1691027
1690976
1690881
1690869
1690763
1690831
1690699
1690593
1690553
1690436
1690464
1690351
1690350
1690205
1690180
1690165
1690017
1689988
1689906
1689793
1689851
1689863
1689873
1689813
1689754
1689709
1689688
1689650
1689683
1689665
1689617
1689658
1689729
1689641
1689598
1689511
1689270
1689011
1688576
1688073
1687680
1687145
1686560
1686097
1685568
1685249
1684770
1684335
1683946
1683695
1683366
1683200
1682819
1682629
1682358
1682138
1681869
1681717
1681602
1681356
1681300
1681183
1681106
1681004
1681015
1680871
1680845
1680818
1680754
1680648
1680678
1680475
1680459
1680388
1680242
1680164
1680041
1679994
1679823
1679771
1679664
1679595
1679503
1679559
1679485
1679382
1679265
1679328
1679265
1679219
1679270
1679207
1679181
1679114
1679175
1679137
1679173
1679131
1679127
1679132
1679132
1679196
1679142
1679182
1679219
1679218
1679292
1679417
1679328
1679395
1679261
1679191
1678984
1678751
1678413
1677939
1677438
1676999
1676523
1676036
1675571
1675104
1674741
1674342
1673994
1673716
1673447
1673241
1673042
1672774
1672615
1672423
1672223
1672088
1671961
1671879
1671721
1671742
1671582
1671622
1671618
1671636
1671552
1671451
1671483
1671490
1671409
1671385
1671343
1671150
1671105
1671074
1670936
1670882
1670824
1670811
1670708
1670729
1670693
1670587
1670657
1670519
1670464
1670442
1670439
1670488
1670482
1670548
1670551
1670560
1670605
1670604
1670706
1670651
1670683
1670755
1670840
1670845
1670947
1670901
1670983
1671045
1671019
1670976
1670713
1670432
1670148
1669703
1669309
1668790
1668312
1667834
1667288
1666888
1666635
1666263
1666003
1665613
1665422
1665229
1665074
1664836
1664686
1664508
1664386
1664315
1664188
1664122
1663955
1663993
1663980
1663963
1663962
1663949
1664040
1663954
1664094
1663990
1663912
1663883
1663877
1663780
1663688
1663669
1663683
1663597
1663653
1663632
1663623
1663596
1663624
1663530
1663577
1663594
1663614
1663664
1663732
1663642
1663741
1663848
1663870
1663906
1663940
1664059
1664097
1664179
1664166
1664278
1664377
1664487
1664574
1664599
1664624
1664791
1664779
1664958
1665037
1665024
1664984
1664852
1664596
1664172
1663763
1663231
1662772
1662384
1661876
1661488
1661146
1660698
1660439
1660148
1659922
1659647
1659479
1659198
1659022
1658883
1658686
1658600
1658412
1658273
1658180
1658144
1658052
1657860
1657849
1657921
1657941
1657909
1657921
1657918
1657908
1657884
1657771
1657789
1657809
1657847
1657786
1657638
1657667
1657629
1657552
1657533
1657542
1657502
1657558
1657569
1657563
1657573
1657584
1657635
1657654
1657688
1657702
1657833
1657884
1657911
1658022
1658099
1658154
1658169
1658293
1658328
1658495
1658500
1658602
1658746
1658797
1658882
1658986
1659068
1659226
1659221
1659454
1659466
1659551
1659694
1659719
1659650
1659522
1659154
1658885
1658371
1657926
1657442
1656960
1656582
1656033
1655702
1655360
1655020
1654780
1654546
1654337
1654206
1653921
1653765
1653586
1653446
1653351
1653138
1653058
1652993
1652844
1652823
1652789
1652687
1652836
1652793
1652807
1652784
1652810
1652838
1652843
1652862
1652841
1652724
1652725
1652723
1652716
1652630
1652620
1652691
1652633
1652728
1652692
1652634
1652680
1652647
1652715
1652754
1652768
1652851
1652907
1652945
1652991
1653093
1653136
1653249
1653373
1653431
1653512
1653526
1653595
1653847
1653927
1653995
1654076
1654202
1654214
1654416
1654476
1654519
1654650
1654810
1654932
1655028
1655099
1655210
1655099
1654963
1654782
1654400
1654039
1653536
1653050
1652648
1652176
1651853
1651446
1651099
1650791
1650666
1650439
1650121
1650010
1649882
1649654
1649590
1649494
1649294
1649186
1649087
1649016
1648977
1648821
1648835
1648891
1648839
1648884
1648921
1649032
1648961
1648985
1648999
1649026
1649004
1648969
1648900
1649000
1648854
1648849
1648818
1648886
1648799
1648886
1648949
1648893
1648912
1649025
1648972
1649104
1649168
1649251
1649273
1649449
1649534
1649588
1649643
1649739
1649826
1649916
1650056
1650211
1650376
1650469
1650569
1650619
1650769
1650946
1650990
1651180
1651218
1651306
1651471
1651587
1651807
1651918
1651971
1651973
1651841
1651650
1651268
1650940
1650454
1650019
1649684
1649196
1648824
1648579
1648260
1648024
1647859
1647753
1647561
1647443
1647330
1647277
1647187
1647107
1647095
1647069
1646983
1646984
1646955
1646955
1647072
1647117
1647183
1647266
1647308
1647373
1647329
1647297
1647443
1647447
1647492
1647454
1647456
1647452
1647474
1647358
1647392
1647439
1647400
1647500
1647460
1647586
1647551
1647743
1647666
1647772
1647845
1647897
1648042
1648169
1648240
1648299
1648391
1648532
1648607
1648704
1648909
1649000
1649086
1649169
1649222
1649374
1649424
1649683
1649806
1649892
1649868
1649907
1649762
1649494
1649131
1648772
1648362
1647889
1647578
1647224
1646852
1646575
1646311
1646165
1645953
1645801
1645634
1645514
1645424
1645331
1645339
1645238
1645200
1645208
1645015
1645129
1645128
1645213
1645176
1645260
1645325
1645429
1645384
1645460
1645597
1645620
1645668
1645664
1645697
1645688
1645651
1645643
1645687
1645644
1645676
1645755
1645768
1645803
1645786
1645958
1645920
1645922
1646102
1646161
1646233
1646280
1646411
1646571
1646610
1646705
1646821
1646857
1647070
1647125
1647295
1647417
1647568
1647585
1647694
1647869
1648011
1648119
1648224
1648380
1648323
1648226
1648018
1647630
1647236
1646811
1646420
1646028
1645527
1645146
1644848
1644610
1644360
1644199
1643962
1643787
1643623
1643551
1643348
1643344
1643240
1643186
1643106
1643000
1642868
1642892
1642872
1642832
1642843
1642830
1642976
1643021
1643128
1643131
1643158
1643162
1643238
1643290
1643291
1643282
1643252
1643291
1643303
1643379
1643352
1643351
1643414
1643344
1643441
1643480
1643627
1643624
1643711
1643877
1643827
1643941
1644078
1644191
1644276
1644359
1644500
1644608
1644694
1644793
1644938
1644938
1645118
1645246
1645414
1645554
1645624
1645733
1645862
1645931
1646162
1646278
1646440
1646549
1646563
1646463
1646251
1646008
1645570
1645143
1644705
1644197
1643808
1643449
1643174
1642844
1642561
1642343
1642134
1642017
1641861
1641659
1641509
1641467
1641227
1641171
1641209
1641035
1641000
1641039
1640843
1640736
1640862
1640965
1640909
1641000
1641049
1641129
1641205
1641263
1641268
1641297
1641262
1641329
1641341
1641288
1641355
1641330
1641372
1641482
1641419
1641463
1641508
1641601
1641597
1641692
1641731
1641775
1641953
1642022
1642025
1642235
1642324
1642418
1642538
1642621
1642732
1642907
1642940
1643124
1643213
1643332
1643448
1643555
1643705
1643860
1643995
1644137
1644182
1644369
1644485
1644661
1644797
1644853
1645019
1645160
1645330
1645528
1645489
1645531
1645314
1645100
1644818
1644381
1643918
1643445
1643014
1642512
1642240
1641868
1641564
1641449
1641188
1640982
1640845
1640630
1640603
1640510
1640331
1640248
1640193
1640170
1640097
1639972
1639963
1639937
1639884
1639980
1639966
1640053
1640050
1640136
1640172
1640204
1640239
1640382
1640388
1640348
1640367
1640413
1640467
1640435
1640439
1640419
1640534
1640559
1640503
1640579
1640588
1640687
1640790
1640687
1640901
1640924
1641052
1641237
1641289
1641396
1641497
1641652
1641674
1641762
1641948
1642045
1642144
1642328
1642408
1642573
1642705
1642818
1642893
1643086
1643215
1643313
1643465
1643545
1643651
1643841
1643965
1644149
1644265
1644399
1644462
1644642
1644707
1644740
1644512
1644192
1643853
1643446
1642953
1642510
1642149
1641699
1641429
1641133
1640815
1640644
1640440
1640252
1640088
1639912
1639845
1639772
1639736
1639703
1639532
1639532
1639454
1639394
1639439
1639316
1639347
1639445
1639427
1639564
1639583
1639638
1639767
1639769
1639904
1639877
1639851
1639841
1639919
1639898
1639848
1639931
1639857
1639899
1639936
1639983
1640019
1640086
1640066
1640139
1640229
1640266
1640396
1640434
1640601
1640701
1640720
1640916
1641018
1641134
1641221
1641370
1641476
1641561
1641699
1641842
1641907
1642061
1642159
1642260
1642448
1642596
1642637
1642761
1642952
1643043
1643197
1643306
1643458
1643674
1643702
1643781
1643720
1643556
1643414
1643142
1642671
1642254
1641867
1641450
1641084
1640769
1640492
1640241
1640107
1639919
1639749
1639649
1639513
1639472
1639453
1639359
1639284
1639353
1639388
1639292
1639269
1639324
1639372
1639378
1639484
1639550
1639735
1639730
1639673
1639822
1639855
1639834
1639967
1639932
1639904
1639968
1639952
1639969
1639889
1639949
1640031
1640015
1640098
1640140
1640205
1640196
1640267
1640450
1640469
1640557
1640587
1640739
1640863
1640956
1641089
1641152
1641293
1641384
1641529
1641592
1641733
1641805
1641959
1642054
1642211
1642384
1642438
1642559
1642765
1642833
1643017
1643174
1643226
1643266
1643188
1643057
1642800
1642475
1642036
1641564
1641218
1640847
1640568
1640038
1639885
1639729
1639478
1639240
1639193
1639033
1638961
1638788
1638733
1638691
1638571
1638589
1638491
1638467
1638464
1638462
1638415
1638455
1638563
1638652
1638689
1638665
1638735
1638785
1638889
1638922
1638850
1638995
1638959
1638956
1638975
1639000
1639060
1639030
1639086
1639095
1639099
1639121
1639214
1639257
1639427
1639398
1639523
1639550
1639693
1639740
1639794
1639938
1640086
1640205
1640266
1640396
1640548
1640643
1640740
1640868
1641009
1641102
1641178
1641354
1641527
1641594
1641744
1641851
1642035
1642072
1642229
1642384
1642495
1642626
1642785
1642903
1642853
1642765
1642461
1642117
1641760
1641307
1640799
1640402
1639957
1639612
1639380
1639137
1638784
1638651
1638471
1638286
1638187
1638054
1637937
1637892
1637839
1637678
1637665
1637570
1637561
1637537
1637501
1637483
1637528
1637464
1637574
1637629
1637761
1637787
1637739
1637843
1637972
1637861
1637902
1637918
1637867
1637939
1637912
1637975
1638080
1638132
1638069
1638135
1638098
1638214
1638256
1638298
1638371
1638443
1638530
1638610
1638723
1638771
1638934
1638885
1639083
1639233
1639373
1639445
1639577
1639693
1639760
1639925
1640020
1640150
1640338
1640487
1640633
1640735
1640790
1640858
1641056
1641217
1641294
1641492
1641502
1641698
1641819
1641981
1642119
1642230
1642286
1642359
1642149
1641865
1641596
1641169
1640799
1640284
1639846
1639481
1639135
1638817
1638704
1638353
1638029
1637959
1637816
1637676
1637691
1637467
1637406
1637304
1637329
1637199
1637148
1637131
1637067
1637087
1637037
1637026
1637146
1637240
1637288
1637305
1637346
1637412
1637398
1637471
1637492
1637627
1637596
1637583
1637565
1637580
1637591
1637557
1637646
1637691
1637708
1637714
1637801
1637862
1637907
1637969
1637970
1638140
1638307
1638336
1638434
1638537
1638666
1638689
1638891
1638990
1639099
1639206
1639332
1639518
1639535
1639733
1639796
1639905
1639995
1640225
1640369
1640403
1640595
1640650
1640834
1640889
1641052
1641217
1641379
1641472
1641561
1641635
1641800
1641689
1641577
1641297
1640999
1640678
1640187
1639760
1639344
1638882
1638540
1638274
1638125
1637928
1637761
1637509
1637416
1637310
1637242
1637187
1637080
1637020
1637014
1636936
1636908
1636881
1636834
1636821
1636827
1636904
1636855
1636986
1637086
1637132
1637091
1637187
1637186
1637200
1637262
1637332
1637275
1637245
1637427
1637406
1637467
1637518
1637568
1637587
1637707
1637778
1637913
1638007
1638136
1638303
1638423
1638565
1638655
1638617
1638747
1638819
1638884
1638998
1639079
1639180
1639169
1639331
1639451
1639550
1639695
1639829
1639984
1640035
1640152
1640300
1640324
1640471
1640554
1640696
1640840
1640964
1641112
1641222
1641306
1641486
1641643
1641675
1641865
1641959
1642107
1642105
1641905
1641698
1641367
1640972
1640436
1640052
1639600
1639196
1638861
1638539
1638307
1638185
1637985
1637790
1637624
1637516
1637485
1637506
1637450
1637344
1637394
1637335
1637389
1637407
1637486
1637627
1637709
1637831
1637896
1637941
1638021
1638144
1638241
1638201
1638170
1638218
1638202
1638242
1638202
1638184
1638145
1638137
1638101
1638116
1638032
1638153
1638171
1638100
1638255
1638264
1638308
1638425
1638532
1638525
1638680
1638701
1638743
1638849
1639013
1639111
1639184
1639290
1639311
1639448
1639568
1639622
1639826
1639836
1639984
1640066
1640158
1640344
1640438
1640510
1640640
1640806
1640863
1641030
1641128
1641282
1641450
1641508
1641699
1641630
1641418
1641112
1640865
1640427
1640178
1639648
1639255
1638875
1638657
1638327
1638145
1637921
1637825
1637611
1637502
1637415
1637227
1637051
1636874
1636475
1636155
1635614
1634937
1633864
1632972
1631749
1630870
1629867
1629001
1628126
1627430
1626752
1626208
1625655
1625196
1624961
1624746
1624582
1624490
1624548
1624600
1624711
1624791
1624782
1624959
1625108
1625175
1625343
1625544
1625628
1625907
1625954
1626197
1626379
1626516
1626799
1627000
1627270
1627451
1627647
1627957
1628216
1628443
1628562
1628730
1628791
1628981
1629206
1629307
1629663
1629925
1630074
1630358
1630441
1630625
1630748
1630789
1630840
1630943
1630875
1630536
1630075
1629545
1629227
1628812
1628456
1628088
1627731
1627372
1627088
1626806
1626405
1626012
1625757
1625382
1624959
1624503
1623961
1623352
1622640
1622118
1621607
1621012
1620777
1620766
1620727
1620778
1620905
1621156
1621335
1621485
1621896
1622303
1622810
1623285
1623703
1623958
1623692
1623526
1623430
1623513
1623715
1624066
1624554
1625008
1625585
1626273
1627092
1627776
1628519
1629371
1630317
1631180
1632205
1633236
1634239
1635322
1636341
1637148
1637781
1638529
1639238
1639605
1639517
1639525
1639348
1639153
1638857
1638519
1638322
1638117
1638043
1637898
1637783
1637735
1637659
1637677
1637583
1637610
1637610
1637608
1637731
1637911
1637999
1638122
1638080
1638298
1638198
1638332
1638229
1638110
1637808
1637432
1636995
1636430
1635846
1635369
1634820
1634384
1634043
1633741
1633427
1633181
1632983
1632703
1632602
1632602
1632399
1632177
1632028
1631899
1631827
1631665
1631610
1631517
1631372
1631321
1631294
1631239
1631269
1631380
1631317
1631442
1631404
1631396
1631329
1631419
1631420
1631336
1631338
1631302
1631303
1631215
1631201
1631121
1631054
1631074
1630999
1631016
1631126
1631119
1631184
1631287
1631237
1631136
1631257
1631377
1631385
1631468
1631570
1631688
1631727
1631762
1631861
1631952
1632101
1632195
1632264
1632395
1632472
1632571
1632641
1632783
1632818
1632942
1633081
1633070
1633243
1633385
1633436
1633608
1633635
1633796
1633819
1633983
1633979
1633976
1633732
1633389
1633003
1632561
1631992
1631492
1631104
1630716
1630283
1629905
1629709
1629484
1629328
1629209
1628950
1628944
1628689
1628694
1628602
1628457
1628385
1628167
1627879
1627518
1627017
1626412
1625842
1625294
1624956
1624557
1624400
1624208
1624135
1624107
1624156
1624255
1624322
1624622
1624701
1624880
1625018
1625220
1625485
1625672
1625824
1626035
1626217
1626395
1626539
1626731
1626873
1627027
1627185
1627489
1627599
1627715
1627838
1628022
1628193
1628357
1628455
1628488
1628680
1628854
1628965
1629056
1629133
1629266
1629444
1629512
1629658
1629782
1629891
1630022
1630173
1630299
1630475
1630546
1630727
1630799
1630943
1631103
1631212
1631310
1631430
1631425
1631292
1631013
1630520
1629969
1629391
1628926
1628448
1628051
1627668
1627355
1627003
1626820
1626631
1626415
1626191
1626130
1626030
1625932
1625832
1625766
1625618
1625548
1625487
1625469
1625366
1625341
1625334
1625347
1625340
1625488
1625419
1625497
1625661
1625620
1625669
1625717
1625712
1625723
1625681
1625752
1625695
1625684
1625598
1625715
1625645
1625697
1625707
1625765
1625812
1625849
1625857
1625891
1625983
1626117
1626170
1626333
1626356
1626469
1626518
1626568
1626781
1626837
1626893
1627080
1627132
1627277
1627373
1627410
1627616
1627720
1627793
1627977
1627979
1628218
1628304
1628392
1628555
1628714
1628802
1628870
1629026
1629138
1629302
1629343
1629545
1629589
1629695
1629552
1629333
1628889
1628525
1627915
1627438
1626870
1626423
1626157
1625681
1625436
1625214
1624995
1624793
1624721
1624523
1624357
1624306
1624321
1624145
1624140
1624116
1624016
1623999
1623983
1623979
1624014
1623979
1623999
1624078
1624127
1624243
1624225
1624305
1624361
1624368
1624391
1624410
1624452
1624374
1624353
1624389
1624331
1624325
1624318
1624324
1624419
1624416
1624527
1624601
1624592
1624589
1624677
1624756
1624795
1624952
1624978
1625149
1625171
1625314
1625472
1625567
1625689
1625807
1625936
1626026
1626098
1626263
1626378
1626536
1626639
1626702
1626890
1627033
1627063
1627245
1627266
1627464
1627618
1627695
1627864
1628049
1628013
1628112
1627902
1627697
1627238
1626873
1626214
1625837
1625300
1624938
1624574
1624232
1624081
1623852
1623574
1623493
1623411
1623293
1623307
1623270
1623175
1623123
1623140
1623036
1623119
1623166
1623097
1623069
1623064
1623168
1623296
1623376
1623503
1623517
1623598
1623583
1623671
1623622
1623711
1623642
1623686
1623664
1623707
1623613
1623688
1623601
1623633
1623702
1623688
1623778
1623878
1623894
1623948
1624021
1624157
1624200
1624339
1624423
1624547
1624682
1624746
1624900
1624982
1625130
1625206
1625256
1625396
1625559
1625652
1625778
1625969
1626053
1626117
1626300
1626410
1626597
1626614
1626773
1626952
1627008
1627187
1627154
1627056
1626852
1626504
1625970
1625460
1624913
1624454
1624073
1623695
1623359
1623107
1622839
1622642
1622507
1622362
1622281
1622113
1622004
1621972
1621888
1621777
1621677
1621724
1621681
1621656
1621649
1621583
1621640
1621721
1621689
1621797
1621869
1621915
1621963
1622012
1622021
1622137
1622101
1622055
1622040
1622054
1622057
1622061
1622092
1622065
1622132
1622174
1622198
1622308
1622290
1622407
1622418
1622468
1622647
1622720
1622792
1622833
1622966
1623005
1623174
1623264
1623468
1623483
1623714
1623655
1623889
1623966
1624126
1624247
1624352
1624529
1624574
1624733
1624817
1625018
1625042
1625205
1625378
1625439
1625591
1625753
1625884
1626126
1626101
1626090
1626056
1625787
1625326
1624752
1624368
1623786
1623273
1622851
1622472
1622177
1621855
1621553
1621401
1621296
1621138
1620881
1620863
1620731
1620602
1620569
1620458
1620404
1620396
1620327
1620295
1620278
1620258
1620299
1620366
1620304
1620409
1620503
1620563
1620595
1620656
1620691
1620692
1620716
1620811
1620675
1620768
1620714
1620641
1620746
1620781
1620697
1620783
1620856
1620893
1620907
1621042
1621046
1621108
1621189
1621231
1621441
1621551
1621567
1621647
1621767
1621948
1621966
1622123
1622296
1622407
1622474
1622539
1622783
1622842
1623035
1623086
1623290
1623369
1623468
1623554
1623774
1623889
1623954
1624103
1624221
1624434
1624496
1624723
1624861
1624916
1624966
1624932
1624843
1624528
1624048
1623557
1623091
1622539
1622035
1621652
1621289
1620932
1620658
1620475
1620234
1620157
1620017
1619806
1619733
1619656
1619636
1619566
1619500
1619460
1619328
1619329
1619340
1619259
1619361
1619267
1619359
1619357
1619478
1619591
1619639
1619750
1619764
1619742
1619793
1619765
1619818
1619845
1619820
1619837
1619776
1619775
1619854
1619880
1619884
1620010
1620012
1620005
1620105
1620158
1620286
1620409
1620440
1620526
1620639
1620719
1620863
1620971
1621171
1621178
1621219
1621445
1621525
1621673
1621866
1621936
1622054
1622194
1622306
1622371
1622612
1622708
1622900
1622971
1623093
1623072
1623333
1623400
1623525
1623838
1623832
1624003
1624173
1624332
1624311
1624376
1624214
1623941
1623502
1622922
1622442
1621910
1621419
1621009
1620593
1620352
1620034
1619789
1619667
1619465
1619396
1619211
1619200
1619171
1619051
1619028
1618927
1618955
1618891
1618836
1618784
1618818
1618772
1618867
1618898
1619037
1619063
1619092
1619152
1619191
1619315
1619377
1619429
1619409
1619433
1619399
1619348
1619349
1619398
1619355
1619437
1619490
1619523
1619480
1619584
1619590
1619771
1619744
1619838
1619947
1620017
1620183
1620276
1620313
1620521
1620616
1620739
1620739
1620839
1621036
1621208
1621255
1621378
1621551
1621664
1621742
1621872
1621966
1622093
1622319
1622332
1622547
1622610
1622735
1622847
1623001
1623091
1623317
1623416
1623530
1623679
1623718
1623502
1623203
1622811
1622310
1621819
1621324
1620816
1620465
1620141
1619873
1619530
1619403
1619183
1619130
1618954
1618907
1618803
1618777
1618715
1618672
1618668
1618671
1618646
1618654
1618622
1618632
1618619
1618725
1618791
1618881
1618998
1619058
1619030
1619189
1619221
1619235
1619213
1619296
1619291
1619239
1619269
1619239
1619237
1619267
1619265
1619296
1619380
1619436
1619520
1619526
1619659
1619669
1619770
1619842
1620029
1620065
1620141
1620285
1620351
1620522
1620640
1620710
1620853
1620947
1621067
1621224
1621283
1621461
1621565
1621688
1621769
1621895
1622016
1622200
1622311
1622419
1622584
1622600
1622837
1622979
1623051
1623124
1623078
1622958
1622610
1622120
1621612
1621096
1620696
1620211
1619796
1619454
1619278
1618990
1618828
1618715
1618594
1618599
1618466
1618420
1618255
1618316
1618289
1618290
1618257
1618229
1618218
1618237
1618197
1618200
1618406
1618405
1618585
1618575
1618733
1618712
1618890
1618755
1618934
1618835
1618806
1618915
1618820
1618932
1618954
1618905
1618912
1619006
1619000
1619028
1619173
1619226
1619294
1619361
1619474
1619574
1619625
1619679
1619796
1619990
1620075
1620175
1620249
1620357
1620468
1620676
1620749
1620777
1620935
1621122
1621268
1621427
1621513
1621562
1621721
1621808
1621950
1622088
1622199
1622364
1622484
1622571
1622754
1622852
1623028
1623149
1623352
1623393
1623322
1623018
1622645
1622130
1621630
1621186
1620668
1620139
1619750
1619471
1619084
1618933
1618753
1618555
1618478
1618282
1618288
1618129
1618088
1618069
1618020
1617897
1617903
1617882
1617829
1617757
1617782
1617839
1617829
1617818
1617965
1617988
1618120
1618157
1618216
1618287
1618284
1618308
1618365
1618309
1618338
1618307
1618327
1618374
1618412
1618387
1618396
1618526
1618568
1618538
1618700
1618721
1618819
1618874
1618962
1619004
1619138
1619241
1619373
1619416
1619650
1619693
1619810
1619859
1619991
1620120
1620294
1620389
1620587
1620637
1620769
1620964
1621029
1621207
1621275
1621394
1621524
1621657
1621848
1621934
1622057
1622136
1622368
1622432
1622532
1622671
1622822
1623003
1623150
1623131
1623045
1622796
1622370
1621910
1621370
1620798
1620345
1619954
1619533
1619207
1618902
1618621
1618445
1618413
1618188
1618175
1618099
1618007
1617889
1617887
1617836
1617825
1617759
1617760
1617724
1617711
1617658
1617633
1617752
1617787
1617847
1617961
1618006
1618090
1618152
1618203
1618212
1618265
1618192
1618250
1618246
1618281
1618253
1618219
1618320
1618298
1618368
1618499
1618508
1618447
1618508
1618673
1618728
1618841
1618843
1618970
1619117
1619107
1619241
1619469
1619469
1619568
1619685
1619857
1619969
1620058
1620216
1620410
1620434
1620539
1620779
1620747
1620953
1620994
1621225
1621306
1621452
1621657
1621719
1621853
1621951
1622043
1622121
1622214
1622436
1622585
1622707
1622943
1622946
1622975
1622902
1622583
1622226
1621691
1621111
1620668
1620212
1619750
1619434
1619060
1618812
1618648
1618428
1618357
1618230
1618115
1618079
1617975
1618007
1617904
1617904
1617953
1617873
1617794
1617753
1617776
1617727
1617805
1617932
1617934
1618090
1618178
1618162
1618301
1618402
1618408
1618392
1618413
1618390
1618432
1618329
1618328
1618403
1618329
1618483
1618462
1618486
1618568
1618598
1618627
1618734
1618926
1618783
1618914
1619022
1619243
1619279
1619354
1619515
1619624
1619638
1619807
1619973
1620051
1620172
1620280
1620393
1620546
1620644
1620715
1620846
1620965
1621079
1621210
1621397
1621427
1621535
1621668
1621809
1621963
1622104
1622305
1622382
1622509
1622598
1622590
1622451
1622119
1621647
1621249
1620694
1620095
1619806
1619377
1619090
1618824
1618573
1618460
1618357
1618235
1618111
1618141
1618022
1618024
1618040
1618038
1617961
1618002
1617938
1617970
1617979
1618034
1618115
1618092
1618261
1618312
1618394
1618419
1618578
1618561
1618598
1618589
1618652
1618635
1618659
1618676
1618597
1618613
1618653
1618638
1618709
1618677
1618751
1618887
1618871
1618998
1619055
1619151
1619223
1619322
1619439
1619603
1619710
1619696
1619766
1619948
1620055
1620162
1620325
1620434
1620539
1620732
1620764
1620886
1620994
1621191
1621220
1621329
1621550
1621628
1621763
1621851
1621976
1622087
1622278
1622405
1622541
1622623
1622772
1622856
1622859
1622736
1622352
1621867
1621355
1620814
1620336
1619875
1619389
1619136
1618885
1618635
1618381
1618258
1618078
1618023
1617828
1617869
1617747
1617702
1617580
1617653
1617577
1617546
1617492
1617361
1617535
1617467
1617434
1617505
1617572
1617655
1617763
1617769
1617843
1617936
1618042
1618004
1618009
1617956
1617984
1618019
1618003
1617984
1617973
1618127
1618122
1618078
1618137
1618202
1618223
1618274
1618417
1618402
1618656
1618625
1618782
1618852
1618906
1619055
1619241
1619210
1619382
1619453
1619590
1619759
1619761
1619975
1620112
1620181
1620316
1620508
1620572
1620646
1620757
1620937
1620994
1621163
1621317
1621303
1621590
1621693
1621800
1621948
1621956
1622121
1622019
1621848
1621419
1620976
1620375
1619914
1619439
1619054
1618626
1618384
1618016
1617812
1617722
1617555
1617368
1617341
1617185
1617162
1617055
1617060
1616987
1616930
1616936
1616822
1616804
1616819
1616879
1616816
1616844
1616925
1616931
1617051
1617067
1617222
1617264
1617296
1617400
1617314
1617300
1617436
1617386
1617351
1617406
1617287
1617438
1617433
1617422
1617484
1617545
1617627
1617613
1617666
1617819
1617871
1618020
1618079
1618226
1618287
1618418
1618486
1618653
1618671
1618812
1618923
1619060
1619168
1619306
1619411
1619515
1619629
1619785
1619867
1619992
1620151
1620254
1620333
1620556
1620585
1620769
1620906
1621106
1621266
1621308
1621392
1621378
1621310
1621023
1620544
1620056
1619551
1619032
1618606
1618188
1617869
1617634
1617354
1617187
1617019
1616940
1616834
1616748
1616621
1616654
1616491
1616518
1616434
1616403
1616458
1616316
1616379
1616328
1616363
1616364
1616429
1616509
1616556
1616713
1616710
1616726
1616862
1616871
1616976
1616912
1616984
1616884
1616980
1616868
1616918
1616986
1616999
1617043
1617010
1617103
1617198
1617239
1617301
1617436
1617471
1617488
1617675
1617822
1617786
1617948
1618047
1618180
1618245
1618321
1618533
1618601
1618714
1618838
1618994
1619067
1619160
1619324
1619528
1619570
1619727
1619884
1620024
1620174
1620204
1620326
1620468
1620578
1620743
1620769
1621059
1621081
1621223
1621118
1621025
1620645
1620179
1619683
1619164
1618714
1618280
1617933
1617567
1617303
1617165
1616986
1616858
1616680
1616689
1616560
1616477
1616492
1616413
1616433
1616309
1616329
1616262
1616243
1616230
1616281
1616175
1616218
1616286
1616496
1616544
1616648
1616600
1616660
1616848
1616819
1616858
1616840
1616830
1616899
1616903
1616877
1616843
1616945
1616907
1617002
1617043
1617086
1617162
1617222
1617229
1617369
1617417
1617537
1617664
1617712
1617911
1617941
1618100
1618181
1618275
1618493
1618539
1618658
1618757
1618974
1619039
1619190
1619240
1619379
1619493
1619633
1619734
1619883
1619980
1620191
1620162
1620363
1620533
1620649
1620778
1620978
1620904
1620881
1620622
1620235
1619777
1619308
1618819
1618318
1618040
1617655
1617404
1617301
1617060
1617007
1616861
1616778
1616734
1616713
1616657
1616637
1616688
1616623
1616587
1616596
1616656
1616648
1616633
1616675
1616825
1616986
1617070
1617102
1617187
1617379
1617376
1617416
1617390
1617416
1617428
1617471
1617415
1617523
1617450
1617509
1617445
1617556
1617523
1617692
1617695
1617758
