1613852
1613936
1614046
1614177
1614289
1614248
1614287
1614428
1614594
1614670
1614759
1614886
1614940
1614945
1615060
1615158
1615223
1615321
1615407
1615561
1615583
1615663
1615836
1615913
1615983
1615971
1616156
1616240
1616405
1616403
1616374
1616240
1616026
1615766
1615367
1615061
1614697
1614431
1614161
1614014
1613785
1613720
1613526
1613466
1613425
1613447
1613440
1613446
1613320
1613403
1613324
1613349
1613362
1613407
1613439
1613351
1613497
1613449
1613453
1613598
1613668
1613665
1613738
1613726
1613750
1613782
1613820
1613843
1613810
1613799
1613764
1613753
1613769
1613738
1613770
1613820
1613810
1613824
1613907
1613889
1613987
1614029
1614128
1614111
1614258
1614303
1614412
1614458
1614491
1614566
1614577
1614782
1614845
1614896
1614955
1615002
1615214
1615236
1615309
1615336
1615407
1615551
1615698
1615691
1615801
1615853
1615931
1616108
1616145
1616223
1616331
1616372
1616490
1616535
1616633
1616789
1616750
1616774
1616680
1616462
1616144
1615816
1615472
1615070
1614724
1614475
1614247
1614055
1613844
1613773
1613732
1613652
1613517
1613475
1613491
1613448
1613406
1613354
1613345
1613317
1613329
1613283
1613337
1613242
1613190
1613239
1613361
1613363
1613387
1613460
1613481
1613475
1613536
1613580
1613540
1613537
1613514
1613571
1613517
1613519
1613534
1613564
1613517
1613581
1613543
1613610
1613623
1613648
1613698
1613750
1613830
1613829
1613963
1613992
1614042
1614064
1614145
1614194
1614288
1614433
1614484
1614542
1614661
1614741
1614848
1614824
1614920
1615035
1615111
1615084
1615293
1615351
1615412
1615527
1615650
1615760
1615759
1615971
1615856
1616114
1616050
1616251
1616295
1616437
1616489
1616588
1616702
1616765
1616693
1616566
1616311
1615933
1615593
1615164
1614860
1614534
1614282
1614098
1613868
1613730
1613588
1613453
1613427
1613316
1613277
1613275
1613221
1613216
1613171
1613086
1613080
1613083
1613130
1613105
1613027
1613020
1613000
1613163
1613161
1613236
1613252
1613346
1613392
1613340
1613390
1613387
1613369
1613355
1613321
1613347
1613307
1613289
1613388
1613338
1613354
1613339
1613375
1613371
1613496
1613518
1613558
1613695
1613726
1613751
1613840
1613887
1613942
1614016
1614083
1614196
1614178
1614280
1614434
1614480
1614609
1614690
1614717
1614793
1614858
1615063
1615056
1615144
1615245
1615291
1615373
1615421
1615532
1615624
1615757
1615804
1615907
1615981
1616048
1616160
1616224
1616357
1616360
1616545
1616558
1616484
1616265
1615933
1615622
1615180
1614935
1614614
1614248
1613929
1613746
1613571
1613462
1613358
1613209
1613060
1613095
1612981
1613093
1613044
1612947
1613034
1613009
1612987
1612968
1612945
1612931
1612921
1612960
1613035
1613086
1613123
1613196
1613216
1613301
1613241
1613278
1613335
1613395
1613395
1613324
1613366
1613371
1613319
1613281
1613294
1613328
1613331
1613435
1613406
1613396
1613482
1613569
1613588
1613673
1613707
1613755
1613879
1613911
1613948
1614043
1614215
1614209
1614280
1614392
1614400
1614553
1614576
1614705
1614867
1614889
1615007
1614991
1615138
1615160
1615334
1615361
1615382
1615526
1615690
1615655
1615801
1615844
1615885
1616064
1616126
1616174
1616289
1616413
1616498
1616563
1616609
1616523
1616407
1616127
1615732
1615357
1615066
1614722
1614409
1614122
1613941
1613682
1613629
1613489
1613321
1613343
1613367
1613316
1613355
1613351
1613250
1613372
1613311
1613337
1613375
1613335
1613406
1613331
1613379
1613465
1613570
1613528
1613618
1613590
1613677
1613722
1613714
1613729
1613709
1613762
1613707
1613701
1613656
1613676
1613645
1613721
1613752
1613733
1613740
1613762
1613855
1613927
1613956
1614003
1614096
1614134
1614236
1614252
1614317
1614420
1614470
1614521
1614586
1614642
1614840
1614830
1614920
1615070
1615084
1615182
1615234
1615285
1615434
1615542
1615596
1615656
1615685
1615805
1615961
1616004
1616019
1616146
1616283
1616309
1616414
1616473
1616600
1616663
1616727
1616771
1616909
1616822
1616577
1616392
1615947
1615594
1615303
1614854
1614578
1614334
1614038
1613803
1613674
1613528
1613491
1613414
1613405
1613419
1613381
1613343
1613461
1613419
1613290
1613291
1613331
1613307
1613279
1613267
1613349
1613417
1613429
1613456
1613548
1613505
1613637
1613625
1613629
1613684
1613692
1613702
1613728
1613600
1613665
1613586
1613583
1613623
1613590
1613604
1613633
1613648
1613745
1613731
1613736
1613806
1613896
1614009
1614014
1614110
1614171
1614197
1614312
1614344
1614456
1614550
1614604
1614724
1614731
1614773
1614920
1614983
1615091
1615193
1615270
1615360
1615328
1615464
1615456
1615578
1615728
1615781
1615882
1615940
1616063
1616070
1616196
1616306
1616384
1616537
1616612
1616660
1616674
1616770
1616517
1616328
1615921
1615567
1615200
1614839
1614538
1614270
1613981
1613770
1613613
1613473
1613433
1613383
1613197
1613254
1613261
1613233
1613250
1613280
1613231
1613232
1613242
1613220
1613191
1613185
1613203
1613261
1613348
1613395
1613416
1613451
1613510
1613534
1613608
1613563
1613563
1613662
1613552
1613468
1613563
1613531
1613468
1613534
1613524
1613491
1613555
1613624
1613626
1613637
1613784
1613718
1613888
1613854
1613944
1614013
1614077
1614160
1614284
1614302
1614395
1614366
1614554
1614646
1614645
1614697
1614848
1614844
1614964
1615067
1615112
1615312
1615236
1615372
1615487
1615565
1615685
1615658
1615725
1615912
1616008
1616051
1616148
1616146
1616245
1616407
1616470
1616613
1616657
1616724
1616730
1616563
1616304
1615950
1615621
1615280
1614937
1614603
1614255
1613952
1613808
1613656
1613517
1613442
1613334
1613291
1613277
1613291
1613223
1613247
1613156
1613235
1613287
1613245
1613182
1613179
1613313
1613267
1613258
1613292
1613480
1613383
1613500
1613524
1613565
1613593
1613577
1613541
1613576
1613567
1613491
1613559
1613584
1613625
1613612
1613572
1613588
1613593
1613602
1613650
1613658
1613770
1613750
1613808
1613945
1614007
1613991
1614078
1614257
1614143
1614348
1614380
1614480
1614573
1614639
1614759
1614726
1614883
1614999
1615031
1615116
1615197
1615252
1615415
1615453
1615482
1615647
1615669
1615690
1615818
1615882
1616031
1616079
1616152
1616290
1616430
1616535
1616569
1616674
1616700
1616598
1616408
1616038
1615775
1615367
1614927
1614619
1614304
1613989
1613758
1613566
1613440
1613315
1613219
1613207
1613146
1613069
1612999
1613044
1613040
1613051
1612989
1613021
1613078
1613005
1612993
1613045
1613001
1613134
1613130
1613225
1613209
1613266
1613383
1613310
1613331
1613377
1613387
1613375
1613323
1613333
1613283
1613359
1613281
1613294
1613218
1613310
1613283
1613368
1613300
1613420
1613478
1613551
1613581
1613675
1613717
1613818
1613860
1613937
1614050
1614129
1614165
1614233
1614315
1614412
1614498
1614539
1614676
1614776
1614740
1614914
1615018
1615110
1615135
1615204
1615311
1615398
1615450
1615504
1615635
1615686
1615801
1615870
1616019
1616056
1616177
1616240
1616342
1616506
1616574
1616517
1616464
1616255
1616071
1615634
1615340
1614909
1614454
1614236
1613856
1613702
1613512
1613319
1613217
1613028
1612953
1612957
1612856
1612881
1612864
1612911
1612811
1612886
1612916
1612866
1612854
1612800
1612725
1612863
1612889
1612971
1612999
1612971
1613092
1613156
1613103
1613173
1613190
1613131
1613232
1613139
1613182
1613162
1613123
1613113
1613194
1613106
1613191
1613168
1613139
1613159
1613193
1613346
1613337
1613468
1613525
1613523
1613610
1613691
1613701
1613857
1613890
1613920
1614062
1614149
1614234
1614186
1614365
1614510
1614630
1614637
1614658
1614789
1614877
1615025
1615094
1615140
1615192
1615352
1615337
1615506
1615629
1615688
1615716
1615798
1615889
1616056
1616097
1616214
1616273
1616421
1616335
1616302
1616059
1615742
1615404
1614994
1614536
1614283
1613937
1613667
1613480
1613187
1613108
1613037
1612878
1612745
1612773
1612761
1612732
1612651
1612705
1612717
1612685
1612719
1612715
1612736
1612708
1612760
1612661
1612643
1612767
1612862
1612871
1612907
1612963
1613016
1613049
1613010
1613088
1613027
1613059
1613020
1613072
1613008
1612993
1613072
1613088
1613099
1613075
1613170
1613154
1613305
1613249
1613326
1613281
1613462
1613459
1613585
1613596
1613684
1613738
1613889
1613936
1613975
1614161
1614128
1614349
1614353
1614376
1614553
1614675
1614636
1614833
1614906
1614923
1614994
1615175
1615286
1615298
1615409
1615470
1615562
1615670
1615783
1615804
1616017
1616087
1616147
1616288
1616345
1616442
1616327
1616240
1615955
1615673
1615254
1614903
1614541
1614199
1613935
1613632
1613430
1613234
1613179
1612949
1612968
1612868
1612900
1612852
1612749
1612768
1612777
1612819
1612747
1612737
1612745
1612730
1612801
1612759
1612784
1612874
1612901
1612892
1613044
1612976
1613056
1613187
1613148
1613146
1613087
1613190
1613215
1613142
1613114
1613205
1613173
1613142
1613178
1613138
1613171
1613273
1613296
1613353
1613385
1613495
1613572
1613530
1613684
1613765
1613812
1613864
1613947
1613966
1614083
1614199
1614219
1614285
1614464
1614545
1614559
1614722
1614802
1614907
1614985
1615042
1615187
1615274
1615352
1615478
1615553
1615625
1615692
1615802
1615850
1616006
1616093
1616166
1616290
1616440
1616480
1616533
1616506
1616415
1616294
1616012
1615525
1615158
1614847
1614464
1614252
1613903
1613729
1613456
1613384
1613239
1613135
1613150
1613084
1613102
1613014
1612974
1613038
1613058
1612985
1613040
1612993
1613011
1613008
1612990
1612984
1613104
1613132
1613176
1613277
1613312
1613313
1613387
1613386
1613436
1613442
1613439
1613389
1613448
1613455
1613372
1613462
1613449
1613496
1613429
1613508
1613472
1613551
1613629
1613616
1613774
1613797
1613868
1613959
1614028
1614132
1614118
1614253
1614291
1614392
1614496
1614536
1614639
1614748
1614840
1614910
1615034
1615091
1615169
1615221
1615356
1615443
1615564
1615632
1615718
1615759
1615908
1616041
1616157
1616172
1616233
1616294
1616540
1616632
1616704
1616739
1616847
1616881
1616790
1616484
1616196
1615835
1615490
1615153
1614773
1614414
1614169
1613955
1613767
1613630
1613551
1613493
1613387
1613351
1613337
1613321
1613319
1613316
1613273
1613335
1613239
1613258
1613344
1613339
1613349
1613273
1613389
1613367
1613483
1613524
1613644
1613627
1613725
1613673
1613674
1613705
1613697
1613767
1613647
1613617
1613691
1613709
1613692
1613698
1613805
1613826
1613751
1613834
1613797
1613954
1614084
1614070
1614124
1614246
1614294
1614247
1614427
1614478
1614548
1614647
1614706
1614778
1614947
1614935
1615074
1615187
1615258
1615337
1615461
1615506
1615586
1615690
1615839
1615835
1615925
1616013
1616160
1616155
1616247
1616342
1616518
1616612
1616706
1616765
1616856
1616992
1617060
1617025
1616905
1616701
1616394
1616004
1615626
1615267
1614923
1614554
1614353
1614044
1613897
1613785
1613747
1613693
1613588
1613631
1613536
1613503
1613459
1613470
1613457
1613522
1613574
1613545
1613503
1613497
1613489
1613596
1613599
1613658
1613724
1613749
1613850
1613855
1613958
1613923
1613864
1614008
1613965
1613948
1613861
1614002
1613948
1613894
1613916
1613912
1613914
1613911
1613969
1614062
1614131
1614061
1614252
1614193
1614369
1614445
1614387
1614574
1614682
1614678
1614780
1614855
1614930
1615059
1615151
1615195
1615317
1615344
1615402
1615501
1615733
1615748
1615790
1615907
1616029
1616104
1616136
1616245
1616358
1616459
1616522
1616658
1616725
1616922
1616865
1616798
1616683
1616468
1616133
1615726
1615396
1614986
1614722
1614344
1614154
1613934
1613803
1613625
1613597
1613474
1613449
1613551
1613416
1613417
1613427
1613428
1613408
1613390
1613323
1613407
1613431
1613359
1613421
1613406
1613462
1613528
1613578
1613650
1613690
1613708
1613746
1613790
1613772
1613774
1613765
1613762
1613688
1613730
1613749
1613699
1613721
1613804
1613788
1613810
1613856
1613827
1613952
1613956
1614128
1614135
1614164
1614254
1614342
1614406
1614479
1614571
1614686
1614722
1614807
1614823
1614921
1615063
1615176
1615171
1615341
1615362
1615486
1615527
1615616
1615705
1615755
1615804
1615968
1616107
1616118
1616228
1616352
1616406
1616420
1616551
1616537
1616405
1616084
1615829
1615404
1615148
1614736
1614339
1614030
1613738
1613595
1613413
1613263
1613190
1613040
1613033
1613093
1612962
1612914
1612885
1612934
1612957
1612891
1612934
1612822
1612893
1612765
1612804
1612865
1612937
1612914
1612989
1613063
1613093
1613160
1613135
1613147
1613183
1613145
1613146
1613162
1613224
1613153
1613125
1613029
1613081
1613148
1613168
1613182
1613186
1613245
1613311
1613345
1613344
1613407
1613383
1613543
1613629
1613603
1613705
1613840
1613891
1613892
1614099
1614039
1614184
1614242
1614339
1614450
1614501
1614640
1614691
1614749
1614811
1614914
1614993
1614964
1615148
1615164
1615315
1615368
1615478
1615540
1615698
1615559
1615550
1615370
1615100
1614787
1614336
1613931
1613650
1613341
1613029
1612805
1612618
1612496
1612340
1612278
1612257
1612162
1612161
1612072
1612144
1611984
1611989
1611964
1612034
1611992
1611943
1611910
1611994
1611940
1612046
1611979
1612004
1612113
1612145
1612199
1612221
1612170
1612115
1612228
1612157
1612254
1612158
1612121
1612205
1612113
1612133
1612107
1612136
1612141
1612177
1612259
1612271
1612311
1612354
1612409
1612426
1612540
1612607
1612668
1612733
1612797
1612869
1612877
1612973
1613078
1613199
1613166
1613268
1613386
1613452
1613541
1613564
1613681
1613764
1613857
1613899
1613976
1614080
1614152
1614212
1614336
1614402
1614570
1614548
1614508
1614337
1614212
1613908
1613537
1613201
1612776
1612517
1612247
1611996
1611777
1611571
1611411
1611365
1611278
1611247
1611181
1611173
1611167
1611176
1611128
1611110
1611073
1611070
1611068
1611034
1611056
1611048
1611063
1611105
1611186
1611161
1611266
1611297
1611322
1611302
1611267
1611263
1611321
1611250
1611283
1611326
1611219
1611248
1611256
1611229
1611286
1611268
1611330
1611369
1611355
1611371
1611521
1611494
1611585
1611688
1611792
1611752
1611857
1611940
1612010
1612130
1612163
1612305
1612302
1612340
1612579
1612551
1612664
1612675
1612739
1612824
1612960
1613025
1613068
1613141
1613233
1613389
1613457
1613589
1613550
1613549
1613436
1613248
1613007
1612624
1612331
1611946
1611612
1611404
1611153
1610980
1610859
1610701
1610592
1610594
1610554
1610455
1610447
1610397
1610377
1610410
1610367
1610247
1610299
1610286
1610236
1610259
1610204
1610251
1610260
1610354
1610452
1610461
1610481
1610537
1610486
1610484
1610563
1610523
1610570
1610515
1610395
1610430
1610513
1610429
1610542
1610531
1610572
1610579
1610598
1610636
1610639
1610744
1610743
1610767
1610940
1610911
1610996
1611072
1611089
1611194
1611226
1611346
1611390
1611509
1611573
1611584
1611706
1611727
1611916
1611923
1612029
1612093
1612158
1612220
1612323
1612416
1612502
1612532
1612692
1612698
1612890
1612846
1612892
1612850
1612631
1612434
1612059
1611771
1611431
1611118
1610871
1610694
1610452
1610326
1610251
1610180
1610054
1609994
1610066
1609933
1609983
1609826
1609967
1609861
1609912
1609886
1609858
1609789
1609830
1609783
1609890
1609953
1609937
1610007
1610063
1610111
1610118
1610108
1610212
1610175
1610118
1610112
1610148
1610108
1610175
1610183
1610163
1610104
1610128
1610163
1610175
1610210
1610221
1610377
1610310
1610408
1610532
1610510
1610590
1610664
1610734
1610734
1610875
1610899
1611031
1611086
1611128
1611256
1611260
1611386
1611481
1611492
1611569
1611660
1611726
1611796
1611847
1611936
1612074
1612152
1612219
1612340
1612517
1612421
1612542
1612618
1612414
1612189
1612013
1611589
1611293
1610998
1610742
1610491
1610326
1610106
1610009
1609997
1609817
1609752
1609758
1609674
1609647
1609692
1609703
1609679
1609659
1609617
1609610
1609609
1609586
1609569
1609737
1609694
1609655
1609715
1609770
1609829
1609947
1609896
1609906
1609978
1609951
1609906
1609890
1609867
1609863
1609807
1609869
1609890
1609877
1609958
1609941
1610035
1610050
1610098
1610086
1610178
1610262
1610287
1610338
1610385
1610444
1610603
1610599
1610645
1610774
1610862
1610873
1611019
1611089
1611150
1611233
1611286
1611374
1611451
1611487
1611616
1611662
1611773
1611840
1611900
1611980
1612098
1612131
1612254
1612341
1612444
1612528
1612565
1612503
1612430
1612259
1611909
1611639
1611334
1610939
1610722
1610474
1610273
1610082
1609971
1609885
1609787
1609724
1609701
1609678
1609594
1609616
1609571
1609542
1609589
1609566
1609546
1609557
1609474
1609453
1609547
1609447
1609520
1609505
1609621
1609702
1609607
1609655
1609760
1609755
1609735
1609785
1609793
1609768
1609652
1609729
1609734
1609731
1609737
1609715
1609763
1609844
1609881
1609848
1609938
1609949
1609989
1610036
1610143
1610194
1610252
1610302
1610446
1610505
1610545
1610652
1610657
1610793
1610901
1610991
1611039
1611077
1611186
1611275
1611353
1611392
1611442
1611514
1611661
1611693
1611804
1611887
1612013
1612074
1612175
1612270
1612384
1612476
1612524
1612465
1612373
1612242
1611928
1611635
1611346
1611020
1610691
1610454
1610219
1610128
1609962
1609909
1609767
1609728
1609623
1609615
1609625
1609561
1609565
1609651
1609605
1609536
1609537
1609470
1609491
1609373
1609489
1609471
1609582
1609632
1609672
1609715
1609732
1609722
1609758
1609882
1609771
1609874
1609710
1609759
1609716
1609726
1609696
1609838
1609830
1609857
1609891
1609925
1609960
1609995
1610044
1610081
1610080
1610206
1610234
1610349
1610366
1610432
1610555
1610583
1610641
1610773
1610797
1610886
1610993
1611086
1611140
1611198
1611293
1611330
1611460
1611493
1611684
1611700
1611713
1611877
1611911
1612004
1612067
1612200
1612345
1612324
1612457
1612337
1612256
1611947
1611730
1611433
1611125
1610801
1610531
1610252
1610182
1609956
1609798
1609812
1609648
1609692
1609605
1609605
1609487
1609573
1609503
1609515
1609465
1609450
1609418
1609489
1609409
1609440
1609454
1609518
1609505
1609544
1609610
1609717
1609683
1609728
1609826
1609836
1609738
1609698
1609759
1609726
1609749
1609683
1609752
1609737
1609792
1609839
1609847
1609890
1609840
1609948
1609999
1610020
1610074
1610174
1610203
1610192
1610339
1610478
1610541
1610512
1610636
1610730
1610787
1610874
1610986
1611044
1611058
1611285
1611279
1611346
1611419
1611477
1611584
1611715
1611751
1611798
1611937
1612068
1612107
1612248
1612377
1612361
1612445
1612402
1612253
1612129
1611811
1611494
1611207
1610922
1610597
1610460
1610227
1610071
1609949
1609782
1609740
1609649
1609698
1609618
1609687
1609622
1609634
1609631
1609581
1609611
1609568
1609530
1609474
1609489
1609537
1609574
1609594
1609651
1609794
1609797
1609869
1609785
1609871
1609860
1609867
1609852
1609878
1609813
1609822
1609867
1609858
1609889
1609907
1609886
1609913
1609977
1609993
1610087
1610114
1610208
1610147
1610328
1610372
1610470
1610491
1610561
1610703
1610645
1610755
1610792
1610990
1610988
1611056
1611261
1611263
1611337
1611374
1611506
1611499
1611615
1611786
1611859
1611919
1612011
1612005
1612133
1612301
1612383
1612466
1612510
1612527
1612470
1612333
1612070
1611778
1611454
1611198
1610881
1610681
1610441
1610272
1610096
1609973
1609973
1609876
1609800
1609838
1609836
1609782
1609779
1609789
1609749
1609832
1609783
1609764
1609715
1609740
1609804
1609811
1609836
1609901
1609919
1609947
1610007
1610053
1610081
1610104
1610068
1610105
1610159
1610067
1610081
1610138
1610111
1610037
1610162
1610208
1610129
1610196
1610259
1610288
1610327
1610360
1610468
1610468
1610558
1610609
1610672
1610736
1610804
1610885
1610852
1610947
1611093
1611187
1611238
1611277
1611490
1611536
1611601
1611664
1611719
1611753
1611933
1611930
1612067
1612119
1612212
1612323
1612400
1612544
1612679
1612642
1612646
1612463
1612242
1611888
1611666
1611355
1611120
1610870
1610676
1610453
1610369
1610282
1610190
1610069
1610037
1610026
1610037
1610051
1610073
1609956
1610029
1609980
1609962
1609935
1609892
1609897
1609880
1610007
1609958
1609993
1610043
1610085
1610158
1610213
1610239
1610254
1610244
1610206
1610245
1610286
1610208
1610244
1610203
1610228
1610305
1610288
1610301
1610276
1610401
1610429
1610476
1610489
1610603
1610699
1610742
1610851
1610955
1610916
1611031
1611118
1611126
1611228
1611340
1611400
1611403
1611489
1611614
1611667
1611781
1611758
1611930
1611967
1612040
1612114
1612181
1612362
1612339
1612469
1612407
1612443
1612215
1612112
1611874
1611547
1611305
1611019
1610818
1610564
1610369
1610171
1610168
1610093
1610029
1610070
1610020
1609934
1609971
1609934
1609960
1609905
1609815
1609909
1609799
1609807
1609854
1609871
1609909
1609928
1610030
1610039
1610046
1610135
1610044
1610105
1610118
1610123
1610114
1610059
1610106
1610124
1610111
1610084
1610109
1610147
1610135
1610157
1610279
1610335
1610332
1610342
1610423
1610511
1610555
1610610
1610660
1610714
1610843
1610919
1610937
1610974
1611107
1611142
1611196
1611280
1611333
1611443
1611593
1611565
1611644
1611727
1611838
1612010
1612071
1612021
1612190
1612137
1612009
1611817
1611575
1611271
1611034
1610761
1610518
1610381
1610137
1610074
1609899
1609828
1609759
1609682
1609800
1609587
1609627
1609609
1609569
1609566
1609674
1609576
1609483
1609507
1609500
1609530
1609573
1609618
1609594
1609571
1609678
1609732
1609704
1609785
1609778
1609755
1609778
1609746
1609831
1609777
1609709
1609812
1609846
1609820
1609922
1609840
1609829
1609939
1609997
1609937
1610152
1610083
1610176
1610222
1610357
1610407
1610382
1610494
1610551
1610607
1610749
1610780
1610866
1610891
1610990
1611061
1611108
1611211
1611264
1611378
1611409
1611443
1611536
1611530
1611461
1611277
1611084
1610784
1610527
1610264
1609988
1609864
1609696
1609451
1609435
1609365
1609361
1609253
1609202
1609189
1609180
1609060
1609092
1609049
1609035
1609035
1609106
1609052
1608989
1608957
1608975
1608972
1609080
1609155
1609124
1609252
1609279
1609217
1609246
1609260
1609205
1609184
1609191
1609223
1609263
1609191
1609270
1609205
1609222
1609359
1609360
1609268
1609338
1609482
1609487
1609552
1609625
1609687
1609727
1609858
1609904
1610008
1609917
1610033
1610130
1610207
1610274
1610348
1610478
1610512
1610557
1610695
1610688
1610837
1610834
1610823
1610896
1610767
1610488
1610276
1610053
1609744
1609544
1609326
1609232
1609013
1608924
1608864
1608654
1608730
1608657
1608621
1608590
1608613
1608520
1608467
1608485
1608399
1608433
1608374
1608395
1608327
1608548
1608676
1609102
1609481
1609840
1610114
1610380
1610451
1610648
1610638
1610730
1610675
1610659
1610564
1610417
1610359
1610258
1610126
1610049
1609966
1609887
1609721
1609728
1609679
1609651
1609655
1609598
1609631
1609657
1609706
1609695
1609667
1609786
1609776
1609891
1609774
1609968
1609941
1610000
1610048
1610197
1610190
1610348
1610365
1610383
1610462
1610292
1610248
1609986
1609807
1609524
1609306
1609189
1608882
1608660
1608559
1608470
1608419
1608323
1608283
1608290
1608217
1608175
1608187
1608119
1608118
1608005
1608047
1608028
1608032
1608031
1607967
1608003
1607992
1608150
1608120
1608179
1608193
1608191
1608362
1608234
1608245
1608251
1608219
1608321
1608251
1608326
1608233
1608369
1608406
1608372
1608373
1608453
1608440
1608568
1608629
1608653
1608705
1608802
1608851
1608865
1608929
1609069
1609101
1609141
1609215
1609285
1609331
1609387
1609543
1609621
1609558
1609746
1609840
1609893
1610012
1610059
1610147
1610271
1610421
1610398
1610512
1610441
1610453
1610400
1610214
1609980
1609656
1609418
1609233
1609042
1608909
1608728
1608676
1608684
1608584
1608474
1608526
1608420
1608356
1608426
1608376
1608321
1608296
1608310
1608354
1608298
1608243
1608220
1608258
1608252
1608386
1608428
1608473
1608449
1608502
1608556
1608521
1608507
1608633
1608530
1608507
1608602
1608602
1608613
1608606
1608602
1608644
1608657
1608675
1608759
1608852
1608888
1608904
1609016
1609090
1609201
1609134
1609195
1609303
1609339
1609468
1609476
1609553
1609628
1609718
1609770
1609917
1609944
1610075
1610150
1610233
1610276
1610411
1610385
1610355
1610347
1610132
1610003
1609707
1609468
1609328
1609138
1608885
1608811
1608652
1608668
1608642
1608478
1608449
1608415
1608377
1608369
1608375
1608350
1608344
1608321
1608331
1608243
1608312
1608322
1608361
1608291
1608421
1608407
1608460
1608554
1608579
1608604
1608636
1608557
1608712
1608646
1608617
1608619
1608616
1608544
1608592
1608714
1608640
1608688
1608775
1608790
1608891
1608865
1608921
1609005
1609099
1609096
1609148
1609312
1609312
1609471
1609483
1609546
1609616
1609612
1609729
1609811
1609922
1609899
1610046
1610094
1610237
1610318
1610302
1610425
1610492
1610622
1610632
1610588
1610684
1610579
1610377
1610097
1609931
1609724
1609443
1609320
1609110
1609015
1608897
1608916
1608751
1608754
1608714
1608673
1608647
1608627
1608630
1608572
1608622
1608622
1608564
1608536
1608522
1608531
1608470
1608576
1608649
1608626
1608707
1608813
1608807
1608900
1608858
1608778
1608832
1608831
1608771
1608819
1608814
1608808
1608931
1608882
1608905
1608968
1609041
1609035
1609097
1609088
1609204
1609250
1609349
1609346
1609496
1609632
1609584
1609686
1609810
1609740
1609777
1609907
1609957
1610084
1610106
1610276
1610335
1610354
1610469
1610513
1610628
1610730
1610834
1610866
1610859
1610798
1610726
1610624
1610348
1610149
1609958
1609742
1609630
1609380
1609292
1609133
1609034
1609065
1609017
1608932
1608991
1608829
1608861
1608861
1608888
1608881
1608806
1608754
1608747
1608756
1608682
1608710
1608822
1608842
1608865
1608918
1608931
1609027
1609009
1608952
1609015
1609002
1609018
1609042
1609050
1609137
1609110
1609049
1609120
1609182
1609183
1609226
1609291
1609242
1609284
1609370
1609399
1609538
1609611
1609679
1609681
1609732
1609879
1609868
1609987
1610025
1610029
1610139
1610191
1610266
1610405
1610449
1610532
1610534
1610635
1610760
1610824
1610891
1611001
1610825
1610834
1610604
1610339
1610104
1609936
1609723
1609558
1609431
1609351
1609279
1609151
1609169
1609037
1609030
1609030
1608978
1608946
1608909
1608903
1608841
1608809
1608842
1608705
1608761
1608716
1608864
1608866
1608870
1609025
1608987
1608983
1609040
1608995
1609050
1609052
1609070
1609084
1609078
1609036
1609072
1609143
1609086
1609118
1609099
1609153
1609257
1609227
1609295
1609323
1609400
1609474
1609536
1609523
1609635
1609716
1609750
1609834
1609900
1609938
1610056
1610140
1610188
1610305
1610365
1610338
1610511
1610558
1610642
1610667
1610767
1610893
1610860
1610854
1610827
1610881
1610665
1610452
1610091
1610009
1609847
1609583
1609481
1609350
1609315
1609226
1609061
1609068
1608994
1608983
1608892
1608955
1608965
1608915
1608897
1608887
1608896
1608899
1608822
1608883
1608807
1608852
1608938
1608948
1609010
1609115
1609083
1609068
1609217
1609162
1609107
1609114
1609057
1609158
1609128
1609135
1609203
1609164
1609205
1609253
1609323
1609248
1609327
1609445
1609545
1609565
1609553
1609557
1609767
1609732
1609847
1609911
1609901
1610037
1610027
1610168
1610302
1610304
1610400
1610492
1610580
1610618
1610724
1610876
1610909
1610990
1611013
1610940
1610885
1610746
1610588
1610402
1610126
1610014
1609887
1609628
1609580
1609437
1609340
1609215
1609230
1609235
1609183
1609043
1609133
1609108
1609106
1609029
1608910
1608970
1608929
1608945
1608956
1608983
1608934
1609026
1609140
1609117
1609201
1609191
1609210
1609262
1609304
1609265
1609260
1609237
1609265
1609247
1609265
1609294
1609315
1609245
1609358
1609333
1609440
1609451
1609563
1609599
1609572
1609802
1609853
1609861
1609895
1609932
1610083
1610159
1610162
1610224
1610280
1610412
1610382
1610481
1610538
1610659
1610736
1610855
1610892
1610986
1611050
1611089
1611118
1611058
1610993
1610857
1610679
1610418
1610196
1609953
1609825
1609655
1609602
1609517
1609385
1609384
1609328
1609324
1609265
1609261
1609290
1609188
1609158
1609176
1609065
1609058
1609034
1609041
1609003
1609108
1609127
1609107
1609090
1609254
1609315
1609299
1609449
1609356
1609360
1609329
1609294
1609384
1609365
1609290
1609432
1609360
1609451
1609485
1609564
1609560
1609503
1609602
1609639
1609584
1609753
1609820
1609906
1609930
1609969
1610025
1610051
1610148
1610234
1610285
1610372
1610424
1610525
1610511
1610656
1610730
1610833
1610855
1611009
1611071
1611122
1611120
1611163
1611165
1611205
1610960
1610680
1610611
1610356
1610144
1609964
1609795
1609748
1609560
1609456
1609495
1609430
1609377
1609314
1609289
1609281
1609256
1609173
1609213
1609112
1609156
1609218
1609060
1609088
1609045
1609244
1609286
1609185
1609261
1609350
1609296
1609356
1609374
1609385
1609320
1609295
1609353
1609311
1609279
1609294
1609360
1609306
1609364
1609422
1609457
1609511
1609524
1609526
1609614
1609730
1609786
1609805
1609902
1609966
1610020
1610121
1610120
1610153
1610252
1610399
1610350
1610480
1610506
1610534
1610677
1610746
1610870
1610830
1610929
1611034
1611082
1611119
1611165
1611044
1610880
1610723
1610494
1610227
1610090
1609927
1609731
1609636
1609594
1609484
1609476
1609412
1609353
1609309
1609328
1609260
1609214
1609153
1609165
1609110
1609156
1609155
1609128
1609070
1609032
1609126
1609206
1609229
1609273
1609272
1609298
1609353
1609331
1609353
1609280
1609312
1609253
1609387
1609305
1609240
1609414
1609335
1609415
1609426
1609416
1609498
1609495
1609539
1609644
1609677
1609744
1609780
1609816
1609919
1610034
1610063
1610151
1610164
1610146
1610290
1610378
1610402
1610489
1610543
1610700
1610679
1610791
1610881
1610906
1610924
1610970
1610935
1610824
1610624
1610481
1610246
1610142
1609962
1609841
1609654
1609570
1609480
1609461
1609392
1609219
1609284
1609230
1609193
1609231
1609108
1609212
1609104
1609114
1609067
1609030
1609026
1609043
1609048
1609081
1609160
1609212
1609239
1609314
1609232
1609303
1609234
1609242
1609230
1609265
1609282
1609248
1609274
1609283
1609264
1609337
1609349
1609427
1609406
1609442
1609449
1609576
1609601
1609674
1609769
1609749
1609819
1609849
1609975
1610005
1610060
1610124
1610165
1610212
1610276
1610441
1610439
1610526
1610655
1610670
1610712
1610798
1610892
1610971
1611003
1611167
1611074
1611142
1610935
1610768
1610580
1610376
1610141
1610132
1609816
1609777
1609672
1609590
1609485
1609461
1609414
1609356
1609318
1609394
1609253
1609246
1609325
1609245
1609196
1609103
1609102
1609060
1609094
1609160
1609185
1609246
1609319
1609303
1609346
1609340
1609413
1609284
1609328
1609407
1609298
1609311
1609286
1609238
1609335
1609345
1609301
1609302
1609403
1609509
1609486
1609594
1609589
1609653
1609680
1609803
1609840
1609887
1609919
1609969
1610045
1610100
1610144
1610230
1610334
1610331
1610395
1610652
1610542
1610730
1610777
1610866
1610933
1610992
1611037
1611047
1611017
1610936
1610808
1610634
1610463
1610255
1610130
1609934
1609783
1609699
1609662
1609618
1609501
1609443
1609437
1609433
1609419
1609328
1609234
1609312
1609172
1609216
1609214
1609153
1609181
1609134
1609205
1609196
1609348
1609298
1609393
1609323
1609276
1609404
1609450
1609370
1609335
1609268
1609323
1609377
1609362
1609382
1609332
1609439
1609405
1609474
1609473
1609580
1609589
1609688
1609676
1609822
1609848
1609832
1609980
1609964
1610027
1610124
1610175
1610328
1610316
1610357
1610415
1610424
1610553
1610591
1610647
1610755
1610907
1610924
1611007
1611029
1611131
1611186
1611182
1611129
1611017
1610865
1610668
1610487
1610372
1610201
1609944
1609847
1609830
1609808
1609717
1609662
1609640
1609661
1609578
1609527
1609489
1609530
1609386
1609403
1609332
1609359
1609293
1609335
1609280
1609278
1609416
1609477
1609540
1609441
1609542
1609585
1609609
1609516
1609457
1609554
1609449
1609447
1609434
1609527
1609493
1609579
1609497
1609528
1609607
1609648
1609695
1609670
1609821
1609873
1609970
1609987
1610020
1610208
1610156
1610228
1610286
1610264
1610414
1610419
1610590
1610599
1610740
1610801
1610789
1610826
1610976
1611036
1611167
1611187
1611285
1611313
1611300
1611336
1611400
1611260
1611114
1611009
1610759
1610473
1610403
1610159
1610088
1610014
1609923
1609953
1609788
1609849
1609835
1609743
1609668
1609708
1609587
1609615
1609480
1609513
1609494
1609442
1609401
1609411
1609400
1609540
1609535
1609611
1609650
1609664
1609638
1609675
1609647
1609666
1609695
1609625
1609635
1609683
1609743
1609675
1609690
1609744
1609698
1609783
1609786
1609809
1609964
1609986
1609989
1610078
1610141
1610235
1610224
1610285
1610309
1610358
1610540
1610596
1610651
1610620
1610708
1610813
1610859
1610912
1610964
1610972
1611133
1611092
1611281
1611365
1611448
1611523
1611470
1611570
1611411
1611340
1611081
1610945
1610799
1610680
1610539
1610428
1610305
1610276
1610181
1610162
1610147
1610101
1610073
1610128
1610024
1609990
1609926
1609836
1609866
1609878
1609834
1609887
1609806
1609849
1609936
1609922
1610034
1610014
1610090
1610115
1610127
1610114
1610107
1610186
1610159
1610143
1610118
1610153
1610139
1610086
1610162
1610214
1610209
1610336
1610343
1610390
1610415
1610518
1610547
1610668
1610667
1610704
1610809
1610816
1610907
1610970
1611079
1611140
1611114
1611204
1611334
1611381
1611471
1611496
1611589
1611818
1611745
1611822
1611931
1612025
1612061
1612108
1612044
1612019
1611876
1611709
1611626
1611398
1611310
1611110
1610964
1610892
1610874
1610819
1610714
1610734
1610623
1610606
1610596
1610622
1610487
1610546
1610483
1610463
1610350
1610327
1610314
1610327
1610300
1610422
1610486
1610439
1610581
1610505
1610631
1610581
1610564
1610497
1610514
1610544
1610521
1610475
1610508
1610450
1610571
1610560
1610478
1610581
1610562
1610639
1610749
1610722
1610848
1610886
1610873
1610974
1611025
1611206
1611156
1611145
1611203
1611249
1611316
1611344
1611422
1611410
1611539
1611593
1611630
1611625
1611752
1611900
1612006
1612048
1612168
1612140
1612232
1612214
1612124
1611997
