1390562
1390389
1390149
1390133
1390047
1389953
1389871
1389779
1389806
1389782
1389710
1389657
1389729
1389588
1389638
1389729
1389636
1389718
1389744
1389861
1389898
1389905
1389892
1389982
1389930
1390013
1390044
1390134
1390125
1390185
1390132
1390196
1390232
1390186
1390249
1390263
1390192
1390295
1390210
1390285
1390307
1390444
1390443
1390589
1390583
1390682
1390809
1390867
1391061
1391075
1391196
1391333
1391330
1391570
1391586
1391752
1391880
1391903
1392100
1392247
1392371
1392433
1392543
1392593
1392772
1392898
1393091
1393219
1393268
1393213
1393011
1392748
1392533
1392128
1391846
1391668
1391416
1391311
1391178
1391196
1391091
1391055
1390904
1390943
1390839
1390774
1390801
1390740
1390749
1390824
1390874
1390883
1390921
1390945
1391060
1391105
1391203
1391354
1391465
1391477
1391591
1391709
1391707
1391737
1391811
1391860
1391731
1391797
1391771
1391837
1391864
1391782
1391872
1391847
1391855
1391865
1392015
1392046
1392075
1392172
1392276
1392423
1392464
1392481
1392583
1392661
1392797
1392820
1393026
1393081
1393166
1393206
1393367
1393488
1393628
1393681
1393846
1393991
1394039
1394172
1394187
1394104
1394036
1393704
1393306
1393012
1392689
1392557
1392313
1392209
1392002
1391978
1391822
1391775
1391676
1391572
1391462
1391487
1391494
1391388
1391428
1391466
1391402
1391377
1391498
1391523
1391594
1391664
1391701
1391714
1391796
1391787
1391841
1391791
1391875
1391858
1391941
1391857
1391851
1391869
1391865
1391856
1391778
1391818
1391788
1391779
1391751
1391809
1391893
1391879
1391872
1391974
1392054
1392138
1392173
1392244
1392272
1392271
1392396
1392515
1392518
1392638
1392647
1392705
1392865
1392933
1392986
1393041
1393141
1393255
1393333
1393430
1393597
1393564
1393456
1393224
1392851
1392439
1392189
1391850
1391536
1391346
1391142
1391040
1390894
1390887
1390715
1390682
1390461
1390469
1390384
1390288
1390245
1390234
1390109
1390092
1390090
1390060
1390015
1390012
1389954
1390084
1389997
1390051
1389992
1390013
1389981
1390055
1390001
1389934
1389951
1389861
1389818
1389831
1389813
1389781
1389727
1389730
1389671
1389609
1389618
1389653
1389667
1389601
1389610
1389715
1389748
1389677
1389761
1389826
1389907
1389890
1389997
1389944
1390010
1390074
1390101
1390242
1390287
1390380
1390553
1390546
1390678
1390765
1390798
1390927
1390867
1390720
1390477
1390156
1389810
1389442
1389173
1388979
1388770
1388587
1388493
1388397
1388363
1388293
1388203
1387952
1387898
1387818
1387696
1387626
1387460
1387474
1387451
1387367
1387386
1387294
1387284
1387249
1387281
1387296
1387336
1387358
1387320
1387356
1387243
1387345
1387322
1387263
1387278
1387196
1387170
1387231
1387174
1387148
1387161
1387035
1387000
1386991
1386996
1387026
1387047
1387149
1387133
1387290
1387297
1387301
1387357
1387440
1387492
1387559
1387680
1387768
1387818
1387889
1387999
1388105
1388261
1388325
1388443
1388544
1388636
1388738
1388925
1388918
1388926
1388792
1388629
1388244
1387895
1387592
1387327
1387141
1386981
1386818
1386799
1386714
1386514
1386525
1386496
1386403
1386212
1386130
1386098
1386034
1385912
1385927
1385888
1385794
1385784
1385753
1385683
1385760
1385856
1385840
1385864
1385908
1385963
1385936
1386043
1386045
1385996
1386065
1386018
1386080
1386110
1386024
1386064
1386011
1386011
1386020
1386045
1386096
1386075
1386048
1386140
1386084
1386218
1386333
1386378
1386469
1386481
1386550
1386646
1386873
1386952
1387082
1387201
1387328
1387381
1387395
1387532
1387654
1387691
1387884
1387958
1388139
1388213
1388241
1388276
1388241
1387892
1387619
1387272
1387012
1386661
1386545
1386395
1386312
1386219
1386249
1386233
1386122
1386046
1385976
1385951
1385822
1385794
1385767
1385834
1385765
1385746
1385804
1385854
1385853
1385938
1386003
1386051
1386039
1386144
1386106
1386241
1386177
1386197
1386185
1386192
1386300
1386242
1386243
1386281
1386259
1386204
1386216
1386162
1386222
1386198
1386227
1386291
1386348
1386425
1386522
1386552
1386561
1386699
1386759
1386790
1386843
1386886
1386995
1387072
1387149
1387228
1387310
1387502
1387554
1387719
1387792
1387920
1388019
1388114
1388184
1388108
1387967
1387713
1387416
1387118
1386882
1386639
1386528
1386399
1386249
1386128
1386158
1386002
1386000
1385862
1385760
1385771
1385605
1385581
1385578
1385560
1385521
1385503
1385540
1385494
1385551
1385595
1385653
1385684
1385737
1385794
1385775
1385774
1385849
1385801
1385818
1385844
1385807
1385805
1385767
1385790
1385683
1385728
1385703
1385780
1385633
1385655
1385666
1385741
1385769
1385758
1385795
1385832
1385945
1385996
1386092
1386131
1386264
1386302
1386368
1386405
1386579
1386620
1386704
1386662
1386882
1386884
1387086
1387183
1387198
1387272
1387439
1387533
1387664
1387485
1387442
1387149
1386860
1386591
1386296
1386100
1385797
1385695
1385454
1385361
1385341
1385337
1385257
1385161
1385124
1384990
1384977
1384867
1384732
1384732
1384667
1384568
1384503
1384471
1384449
1384583
1384586
1384551
1384597
1384564
1384597
1384561
1384593
1384554
1384588
1384533
1384555
1384481
1384513
1384553
1384498
1384523
1384504
1384451
1384425
1384410
1384414
1384372
1384422
1384440
1384473
1384587
1384646
1384659
1384800
1384867
1384864
1385067
1385074
1385177
1385316
1385276
1385405
1385522
1385567
1385711
1385747
1385910
1386016
1386205
1386345
1386370
1386563
1386703
1386856
1386931
1387016
1387072
1386958
1386701
1386467
1386098
1385829
1385607
1385478
1385260
1385333
1385246
1385235
1385171
1385167
1385142
1385051
1384909
1384944
1384907
1384924
1384896
1384868
1384878
1384959
1385038
1385024
1385052
1385129
1385210
1385273
1385365
1385381
1385513
1385525
1385549
1385564
1385615
1385657
1385753
1385670
1385637
1385712
1385703
1385773
1385729
1385870
1385874
1385820
1385870
1385957
1385921
1386060
1386137
1386188
1386241
1386451
1386463
1386576
1386650
1386857
1386893
1386878
1387038
1387131
1387273
1387318
1387356
1387525
1387736
1387790
1387985
1388075
1388231
1388352
1388424
1388441
1388413
1388276
1388076
1387839
1387550
1387377
1387236
1387110
1386936
1386957
1386953
1386867
1386774
1386807
1386818
1386794
1386767
1386682
1386803
1386841
1386877
1386832
1386866
1386905
1386962
1387080
1387181
1387198
1387319
1387320
1387428
1387459
1387480
1387545
1387533
1387580
1387545
1387566
1387545
1387561
1387559
1387674
1387611
1387630
1387606
1387682
1387711
1387742
1387753
1387867
1387901
1387996
1388124
1388136
1388307
1388307
1388328
1388452
1388603
1388704
1388707
1388810
1388879
1389011
1389154
1389261
1389318
1389476
1389572
1389698
1389836
1389954
1390083
1390032
1390169
1390108
1389930
1389600
1389326
1389011
1388750
1388621
1388466
1388340
1388399
1388375
1388343
1388194
1388194
1388117
1388113
1388065
1388082
1388094
1388090
1388088
1388095
1388107
1387975
1388156
1388155
1388181
1388331
1388316
1388398
1388386
1388427
1388416
1388401
1388376
1388362
1388380
1388365
1388431
1388443
1388371
1388382
1388370
1388332
1388329
1388387
1388347
1388339
1388363
1388412
1388462
1388522
1388454
1388593
1388665
1388797
1388714
1388766
1388911
1389001
1389100
1389089
1389233
1389323
1389411
1389518
1389521
1389674
1389742
1389840
1389906
1390102
1390242
1390269
1390469
1390621
1390614
1390673
1390629
1390404
1390116
1389730
1389457
1389187
1389013
1388839
1388771
1388648
1388602
1388583
1388482
1388510
1388441
1388353
1388323
1388325
1388333
1388255
1388236
1388257
1388242
1388202
1388233
1388228
1388283
1388330
1388357
1388479
1388500
1388481
1388472
1388560
1388596
1388551
1388655
1388608
1388575
1388610
1388627
1388616
1388676
1388553
1388567
1388637
1388640
1388623
1388738
1388715
1388891
1388856
1388929
1389061
1389044
1389122
1389227
1389318
1389487
1389528
1389605
1389730
1389838
1389906
1389996
1390111
1390228
1390325
1390399
1390465
1390666
1390958
1390924
1391026
1391152
1391304
1391367
1391453
1391514
1391413
1391135
1390896
1390512
1390245
1390149
1389898
1389794
1389692
1389641
1389608
1389472
1389544
1389496
1389385
1389402
1389425
1389371
1389359
1389350
1389319
1389283
1389277
1389298
1389281
1389441
1389468
1389505
1389485
1389561
1389609
1389720
1389691
1389731
1389685
1389802
1389826
1389857
1389755
1389736
1389866
1389771
1389796
1389759
1389766
1389764
1389803
1389852
1389852
1389864
1390016
1390085
1390025
1390112
1390216
1390294
1390393
1390467
1390581
1390635
1390770
1390864
1390972
1391017
1391164
1391256
1391398
1391430
1391568
1391761
1391798
1391969
1392079
1392171
1392276
1392296
1392367
1392352
1392217
1391821
1391505
1391360
1391035
1390909
1390748
1390686
1390605
1390604
1390518
1390496
1390447
1390436
1390375
1390418
1390336
1390296
1390335
1390393
1390309
1390383
1390382
1390394
1390431
1390484
1390526
1390687
1390703
1390674
1390791
1390794
1390864
1390857
1390924
1390997
1390990
1390968
1390956
1390984
1390927
1390928
1390978
1390942
1390968
1390990
1391047
1391151
1391184
1391200
1391361
1391465
1391496
1391545
1391647
1391661
1391859
1391882
1391995
1392058
1392056
1392190
1392341
1392479
1392578
1392714
1392886
1392907
1392992
1393054
1393144
1393290
1393446
1393523
1393462
1393327
1392984
1392746
1392401
1392142
1392086
1391789
1391773
1391622
1391531
1391479
1391449
1391413
1391386
1391293
1391294
1391241
1391257
1391259
1391303
1391260
1391329
1391261
1391381
1391342
1391342
1391443
1391544
1391597
1391644
1391596
1391670
1391627
1391844
1391824
1391804
1391887
1391909
1391895
1391801
1391774
1391838
1391847
1391838
1391853
1391873
1391908
1391894
1391919
1392095
1392192
1392210
1392256
1392328
1392365
1392458
1392541
1392661
1392783
1392787
1392872
1392990
1393086
1393203
1393320
1393494
1393557
1393648
1393787
1393931
1394031
1394133
1394174
1394175
1394060
1393822
1393476
1393220
1392909
1392627
1392566
1392466
1392339
1392308
1392161
1392183
1392065
1392065
1392035
1391975
1391950
1391907
1391919
1391932
1391987
1391855
1391956
1391966
1391991
1392049
1392185
1392157
1392251
1392214
1392388
1392355
1392308
1392428
1392516
1392438
1392537
1392486
1392486
1392447
1392491
1392480
1392482
1392527
1392578
1392610
1392693
1392756
1392767
1392839
1392868
1392958
1393070
1393159
1393282
1393322
1393457
1393554
1393541
1393602
1393800
1393924
1393984
1394141
1394323
1394344
1394502
1394619
1394733
1394909
1394931
1394935
1394991
1394827
1394579
1394276
1394000
1393802
1393662
1393485
1393381
1393319
1393327
1393229
1393220
1393217
1393064
1393074
1393090
1393122
1393134
1393171
1393179
1393216
1393261
1393286
1393391
1393455
1393491
1393591
1393725
1393757
1393730
1393841
1393990
1393955
1394070
1394114
1394106
1394127
1394159
1394118
1394127
1394097
1394002
1394123
1394113
1394169
1394137
1394275
1394312
1394386
1394432
1394536
1394634
1394647
1394694
1394724
1394935
1394911
1395096
1395210
1395263
1395332
1395406
1395477
1395725
1395797
1395978
1395978
1395956
1395873
1395691
1395447
1395063
1394889
1394775
1394640
1394489
1394422
1394384
1394395
1394314
1394249
1394293
1394267
1394349
1394275
1394297
1394304
1394330
1394320
1394347
1394430
1394448
1394502
1394584
1394638
1394630
1394661
1394734
1394720
1394739
1394788
1394772
1394785
1394844
1394813
1394772
1394776
1394770
1394772
1394758
1394716
1394761
1394794
1394887
1394943
1394895
1394980
1395049
1395118
1395125
1395152
1395258
1395298
1395355
1395430
1395439
1395555
1395583
1395673
1395821
1395872
1396033
1396039
1396244
1396308
1396412
1396478
1396549
1396571
1396426
1396058
1395783
1395540
1395281
1394983
1394861
1394804
1394724
1394662
1394671
1394533
1394519
1394472
1394459
1394435
1394441
1394332
1394241
1394323
1394240
1394292
1394226
1394204
1394259
1394311
1394330
1394336
1394369
1394332
1394400
1394425
1394442
1394367
1394356
1394378
1394322
1394381
1394293
1394261
1394257
1394257
1394220
1394206
1394209
1394203
1394225
1394227
1394140
1394133
1394310
1394200
1394381
1394404
1394436
1394438
1394597
1394594
1394622
1394716
1394761
1394824
1394832
1394914
1394993
1395086
1395141
1395313
1395445
1395462
1395602
1395750
1395846
1395855
1395906
1395780
1395401
1395223
1394871
1394706
1394493
1394382
1394227
1394298
1394195
1394159
1394160
1394114
1394073
1394026
1394055
1393939
1394024
1393921
1393903
1393861
1393835
1393820
1393833
1393895
1393939
1393897
1393928
1394096
1394014
1394005
1394017
1393974
1394020
1393938
1393990
1393952
1393998
1393858
1393891
1393792
1393859
1393837
1393813
1393843
1393865
1393861
1393840
1393910
1393852
1393871
1394037
1393995
1394065
1394083
1394241
1394260
1394338
1394388
1394451
1394537
1394624
1394727
1394770
1394811
1394948
1395044
1395119
1395140
1395286
1395377
1395561
1395567
1395724
1395864
1395927
1396078
1396135
1396121
1396053
1395592
1395243
1394994
1394867
1394734
1394610
1394646
1394502
1394479
1394469
1394372
1394294
1394229
1394246
1394249
1394221
1394225
1394219
1394205
1394253
1394158
1394190
1394207
1394259
1394326
1394333
1394365
1394392
1394416
1394489
1394530
1394526
1394504
1394583
1394454
1394534
1394431
1394493
1394441
1394535
1394479
1394454
1394483
1394418
1394456
1394437
1394576
1394536
1394489
1394641
1394686
1394760
1394859
1394868
1394934
1394942
1395092
1395137
1395143
1395250
1395220
1395393
1395507
1395600
1395616
1395700
1395823
1395888
1396026
1396124
1396144
1396286
1396391
1396576
1396567
1396678
1396771
1396652
1396539
1396316
1396100
1395764
1395638
1395470
1395383
1395360
1395225
1395222
1395151
1395071
1395075
1395061
1395056
1394998
1395021
1395013
1394979
1395087
1395062
1395018
1395070
1395101
1395155
1395216
1395268
1395207
1395326
1395407
1395431
1395470
1395551
1395585
1395522
1395636
1395602
1395686
1395682
1395587
1395656
1395657
1395601
1395552
1395674
1395664
1395723
1395692
1395725
1395784
1395886
1395978
1395927
1396067
1396172
1396168
1396279
1396334
1396447
1396507
1396591
1396627
1396761
1396860
1396949
1396965
1397080
1397191
1397235
1397363
1397378
1397502
1397632
1397733
1397820
1397818
1397822
1397686
1397501
1397124
1396956
1396813
1396624
1396524
1396417
1396352
1396219
1396246
1396192
1396140
1396085
1396044
1396002
1396024
1396031
1396008
1396021
1396036
1396051
1396060
1396102
1396105
1396261
1396234
1396349
1396310
1396416
1396287
1396335
1396277
1396218
1396230
1396078
1396102
1396035
1395959
1395945
1395981
1395947
1395976
1395973
1395976
1395947
1395965
1396036
1396024
1396093
1396205
1396278
1396367
1396390
1396483
1396499
1396586
1396615
1396761
1396835
1396964
1397034
1397122
1397190
1397273
1397301
1397332
1397481
1397667
1397779
1397811
1397915
1398054
1398134
1398186
1398352
1398405
1398292
1398126
1397833
1397520
1397332
1397082
1396900
1396767
1396678
1396640
1396523
1396434
1396454
1396452
1396323
1396331
1396324
1396214
1396215
1396189
1396175
1396189
1396121
1396129
1396167
1396126
1396209
1396232
1396237
1396337
1396237
1396319
1396325
1396355
1396360
1396389
1396353
1396347
1396319
1396382
1396351
1396316
1396272
1396293
1396300
1396284
1396290
1396299
1396224
1396296
1396321
1396403
1396357
1396460
1396538
1396557
1396642
1396720
1396845
1396931
1396943
1396967
1397004
1397152
1397176
1397257
1397309
1397366
1397447
1397650
1397723
1397818
1397915
1398059
1398085
1398166
1398285
1398419
1398408
1398565
1398524
1398394
1398113
1397824
1397575
1397331
1397060
1396850
1396770
1396695
1396612
1396543
1396435
1396354
1396363
1396410
1396360
1396328
1396300
1396157
1396155
1396111
1396124
1396134
1396179
1396138
1396178
1396115
1396185
1396156
1396342
1396290
1396259
1396354
1396310
1396301
1396384
1396313
1396297
1396289
1396392
1396366
1396281
1396286
1396259
1396239
1396270
1396293
1396245
1396323
1396351
1396340
1396358
1396493
1396508
1396544
1396713
1396698
1396832
1396932
1396993
1397038
1397126
1397221
1397374
1397494
1397604
1397697
1397780
1397840
1397967
1398012
1398212
1398318
1398492
1398642
1398692
1398736
1398867
1398751
1398593
1398312
1398100
1397798
1397480
1397297
1397209
1397056
1396897
1396912
1396749
1396648
1396554
1396518
1396438
1396480
1396433
1396473
1396433
1396350
1396367
1396355
1396412
1396331
1396422
1396427
1396488
1396722
1396696
1396704
1396854
1396780
1396825
1396838
1396885
1396940
1396947
1396944
1396977
1396912
1396870
1396822
1396807
1396894
1396705
1396740
1396790
1396774
1396854
1396989
1396937
1397019
1397038
1397069
1397234
1397256
1397272
1397281
1397367
1397546
1397535
1397601
1397712
1397790
1397828
1397963
1398109
1398187
1398331
1398344
1398465
1398672
1398713
1398767
1398851
1398779
1398767
1398560
1398318
1398042
1397739
1397478
1397341
1397200
1397083
1396898
1396825
1396742
1396601
1396569
1396558
1396430
1396445
1396380
1396316
1396239
1396339
1396257
1396282
1396225
1396257
1396282
1396309
1396406
1396359
1396442
1396475
1396518
1396531
1396536
1396608
1396593
1396652
1396622
1396595
1396646
1396584
1396570
1396548
1396535
1396466
1396588
1396569
1396582
1396581
1396706
1396674
1396826
1396784
1396807
1397020
1396960
1397075
1397138
1397145
1397297
1397371
1397402
1397521
1397553
1397663
1397870
1397862
1398046
1398100
1398133
1398272
1398356
1398407
1398620
1398624
1398580
1398419
1398123
1397853
1397600
1397335
1397091
1397119
1396932
1396872
1396672
1396722
1396711
1396551
1396582
1396555
1396553
1396444
1396417
1396481
1396499
1396574
1396627
1396611
1396706
1396748
1396816
1396791
1396818
1396842
1396941
1396938
1396983
1396955
1396924
1397025
1397029
1397007
1397047
1396930
1396954
1397017
1396949
1397026
1396858
1396940
1396915
1396998
1396988
1397114
1397152
1397229
1397294
1397332
1397372
1397418
1397480
1397535
1397571
1397646
1397748
1397811
1397953
1398019
1398204
1398248
1398285
1398392
1398540
1398613
1398610
1398641
1398488
1398276
1397955
1397695
1397513
1397285
1397221
1397059
1396928
1396901
1396865
1396819
1396722
1396713
1396718
1396647
1396658
1396749
1396634
1396710
1396714
1396745
1396809
1396854
1396968
1396968
1396984
1396942
1397049
1397054
1397176
1397101
1397154
1397139
1397090
1397143
1397186
1397179
1397097
1397115
1397143
1397063
1397022
1396969
1396966
1397084
1397009
1397089
1397107
1397157
1397211
1397323
1397335
1397351
1397445
1397465
1397559
1397517
1397559
1397711
1397715
1397751
1397890
1397978
1398116
1398142
1398240
1398359
1398440
1398574
1398574
1398565
1398456
1398380
1398022
1397796
1397523
1397260
1397122
1396978
1396875
1396824
1396800
1396752
1396731
1396597
1396659
1396613
1396558
1396560
1396569
1396524
1396553
1396545
1396568
1396511
1396595
1396638
1396662
1396644
1396721
1396788
1396810
1396863
1396801
1396858
1396867
1396856
1396759
1396755
1396824
1396854
1396733
1396771
1396719
1396650
1396670
1396675
1396613
1396605
1396638
1396727
1396768
1396737
1396725
1396840
1396780
1396911
1396901
1396964
1396870
1396993
1397024
1397050
1397143
1397242
1397334
1397335
1397459
1397495
1397702
1397727
1397808
1397857
1397907
1397956
1398083
1398183
1398031
1397885
1397602
1397286
1397069
1396935
1396719
1396546
1396525
1396369
1396439
1396433
1396346
1396367
1396267
1396242
1396221
1396138
1396164
1396124
1396041
1395995
1396012
1396032
1396010
1396008
1396041
1396115
1396045
1396161
1396123
1396173
1396250
1396177
1396114
1396202
1396153
1396198
1396173
1396102
1396153
1396030
1396053
1395991
1396054
1396004
1396032
1396052
1395961
1396022
1396042
1396167
1396085
1396229
1396237
1396238
1396343
1396400
1396491
1396456
1396703
1396694
1396712
1396830
1396859
1396875
1397094
1397117
1397144
1397283
1397405
1397440
1397545
1397597
1397742
1397826
1397834
1397777
1397695
1397581
1397217
1396971
1396835
1396739
1396748
1396602
1396567
1396495
1396530
1396569
1396563
1396429
1396416
1396408
1396417
1396471
1396348
1396436
1396473
1396299
1396421
1396449
1396393
1396420
1396480
1396590
1396675
1396707
1396676
1396764
1396708
1396760
1396846
1396791
1396781
1396795
1396789
1396783
1396772
1396761
1396791
1396767
1396719
1396697
1396660
1396689
1396725
1396763
1396798
1396828
1396899
1396858
1396997
1396982
1397048
1397080
1397223
1397240
1397404
1397467
1397455
1397522
1397633
1397774
1397843
1397859
1398018
1398113
1398245
1398315
1398455
1398440
1398648
1398635
1398613
1398715
1398575
1398339
1398137
1397940
1397677
1397530
1397451
1397409
1397359
1397401
1397467
1397373
1397385
1397348
1397286
1397305
1397311
1397260
1397284
1397284
1397367
1397374
1397309
1397394
1397439
1397480
1397578
1397558
1397580
1397712
1397780
1397816
1397939
1397858
1397999
1397911
1397978
1397949
1397988
1398008
1397849
1397942
1397872
1397979
1397965
1397963
1398001
1397943
1398063
1398044
1398125
1398228
1398372
1398274
1398458
1398463
1398526
1398527
1398728
1398794
1398896
1398969
1399025
1399182
1399352
1399323
1399542
1399607
1399731
1399873
1400021
1400198
1400224
1400336
1400317
1400275
1400289
1400091
1399922
1399656
1399483
1399428
1399260
1399160
1399164
1399031
1399124
1399087
1399113
1398908
1398882
1398889
1398825
1398705
1398817
1398763
1398802
1398826
1398893
1398937
1398961
1399011
1399142
1399206
1399294
1399321
1399329
1399342
1399294
1399416
1399486
1399391
1399440
1399472
1399503
1399496
1399474
1399489
1399446
1399480
1399471
1399604
1399580
1399546
1399659
1399666
1399692
1399774
1399826
1399903
1399938
1399956
1400091
1400122
1400262
1400268
1400290
1400426
1400568
1400652
1400680
1400880
1400927
1401038
1401126
1401268
1401314
1401396
1401415
1401348
1401355
1401151
1400881
1400627
1400538
1400308
1400185
1400173
1400070
1400061
1400046
1399991
1399923
1400002
1399876
1399941
1400024
1399988
1400015
1400050
1399951
1400055
1400099
1400109
1400152
1400286
1400248
1400377
1400363
1400284
1400413
1400393
1400505
1400400
1400495
1400413
1400549
1400422
1400480
1400484
1400441
1400478
1400383
1400462
1400433
1400418
1400384
1400504
1400535
1400532
1400560
1400599
1400594
1400603
1400677
1400776
1400757
1400838
1400898
1401038
1401034
1401132
1401172
1401211
1401322
1401327
1401486
1401596
1401681
1401751
1401799
1401883
1402029
1402126
1402203
1402263
1402059
1401991
1401684
1401477
1401130
1400927
1400629
1400644
1400511
1400426
1400344
1400303
1400144
1400177
1400123
1400087
1400060
1400054
1400053
1400040
1399980
1399929
1399923
1399953
1399828
1399902
1399943
1399851
1399991
1399925
1399956
1399986
1399969
1399984
1399962
1399942
1399891
1399897
1399806
1399741
1399718
1399679
1399694
1399657
1399641
1399605
1399606
1399542
1399605
1399496
1399575
1399568
1399612
1399624
1399641
1399659
1399714
1399680
1399837
1399867
1399906
1399917
1400075
1400031
1400125
1400152
1400165
1400332
1400355
1400466
1400594
1400645
1400764
1400819
1400899
1401143
1401145
1401122
1401057
1400982
1400729
1400405
1400200
1399920
1399718
1399593
1399515
1399331
1399308
1399221
1399145
1399115
1399110
1399085
1398961
1399023
1398960
1398866
1398891
1398810
1398814
1398741
1398808
1398886
1398887
1398845
1398905
1398926
1398899
1398882
1398968
1398969
1398991
1399009
1398999
1399027
1398937
1398893
1398925
1398991
1398916
1398893
1398891
1398927
1398887
1398943
1398837
1398843
1398876
1398877
1398919
1398971
1399070
1399135
1399077
1399202
1399258
1399331
1399267
1399417
1399429
1399477
1399497
1399650
1399807
1399883
1399923
1400038
1400178
1400154
1400245
1400388
1400508
1400595
1400640
1400589
1400467
1400213
1399972
1399701
1399356
1399213
1399060
1398959
1398855
1398726
1398613
1398540
1398508
1398513
1398448
1398393
1398420
1398416
1398423
1398455
1398473
1398459
1398394
1398388
1398486
1398590
1398650
1398639
1398710
1398703
1398580
1398704
1398839
1398793
1398833
1398937
1398855
1399005
1398999
1398915
1399006
1398870
1398850
1398856
1398845
1398785
1398847
1398912
1398919
1398945
1399027
1398945
1399077
1399107
1399178
1399222
1399290
1399341
1399416
1399484
1399579
1399672
1399742
1399937
1399960
1400088
1400144
1400334
1400390
1400507
1400484
1400459
1400322
1400218
1399969
1399801
1399435
1399229
1399129
1398915
1398874
1398724
1398619
1398668
1398518
1398551
1398475
1398481
1398430
1398525
1398467
1398500
1398485
1398595
1398548
1398728
1398713
1398722
1398748
1398893
1398921
1398887
1398943
1398940
1398951
1398994
1398998
1399013
1399005
1398948
1399059
1398940
1398979
1398877
1398960
1398924
1398909
1398965
1398956
1399015
1399086
1399101
1399020
1399128
1399115
1399263
1399260
1399358
1399426
1399510
1399463
1399564
1399683
1399777
1399787
1399951
1399998
1400018
1400070
1400043
1400011
1399807
1399500
1399188
1398947
1398758
1398481
1398395
1398303
1398183
1398041
1398008
1397928
1397802
1397756
1397732
1397761
1397727
1397719
1397826
1397674
1397706
1397636
1397807
1397799
1397822
1397797
1397725
1397837
1397812
1397783
1397890
1397815
1397809
1397868
1397746
1397845
1397727
1397737
1397701
1397654
1397536
1397523
1397505
1397483
1397485
1397528
1397563
1397485
1397580
1397548
1397616
1397616
1397669
1397667
1397640
1397687
1397706
1397760
1397868
1397940
1397988
1397947
1398101
1398137
1398301
1398308
1398327
1398204
1397963
1397727
1397316
1397059
1396819
1396569
1396350
1396286
1396132
1396171
1396018
1395913
1395902
1395656
1395630
1395540
1395411
1395358
1395353
1395277
1395283
1395311
1395148
1395143
1395149
1395144
1395189
1395149
1395214
1395116
1395074
1395029
1395063
1395067
1394907
1394938
1394874
1394799
1394727
1394762
1394691
1394642
1394620
1394542
1394477
1394555
1394475
1394492
1394450
1394543
1394508
1394577
1394591
1394596
1394626
1394605
1394700
1394717
1394745
1394917
1394983
1395078
1395074
1395111
1395214
1395369
1395388
1395448
1395496
1395379
1395310
1395076
1394761
1394450
1394273
1394017
1393830
1393782
1393646
1393552
1393433
1393423
1393316
1393305
1393248
1393175
1393115
1393044
1392918
1392932
1392830
1392829
1392783
1392762
1392754
1392789
1392695
1392905
1392838
1392811
1392715
1392815
1392725
1392712
1392671
1392774
1392637
1392662
1392655
1392608
1392587
1392541
1392480
1392452
1392408
1392469
1392422
1392470
1392517
1392398
1392448
1392527
1392544
1392535
1392602
1392670
1392666
1392665
1392687
1392764
1392792
1392916
1393044
1393140
1393292
1393331
1393413
1393451
1393543
1393736
1393794
1393869
1393900
1393722
1393545
1393300
1393027
1392802
1392555
1392450
1392432
1392376
1392316
1392245
1392178
1392152
1392082
1392075
1391922
1392007
1391968
1391924
1391851
1391853
1391906
1391862
1391919
1391850
1391999
1392098
1392017
1391982
1392082
1392000
1391955
1392011
1392052
1392003
1392136
1392058
1392044
1392000
1391997
1391964
1392046
1392022
1391934
1391938
1391986
1392000
1391967
1391968
1391939
1391997
1392127
1392153
1392154
1392178
1392339
1392314
1392424
1392405
1392485
1392556
1392614
1392769
1392834
1392996
1393038
1393080
1393152
1393218
1393367
1393488
1393625
1393666
1393720
1393778
1393654
1393520
1393163
1393018
1392843
1392603
1392527
1392584
1392414
1392400
1392426
1392349
1392288
1392301
1392267
1392257
1392261
1392269
1392218
1392276
1392255
1392286
1392235
1392298
1392342
1392297
1392519
1392507
1392580
1392632
1392612
1392638
1392664
1392795
1392764
1392823
1392862
1392890
1392861
1392827
1392923
1392936
1392910
1392869
1392938
1392870
1392904
1392988
1393017
1393079
1393113
1393215
1393249
1393298
1393331
1393486
1393530
1393545
1393742
1393773
1393841
1393903
1394016
1394170
1394199
1394226
1394421
1394424
1394647
1394844
1394887
1394989
1395171
1395200
1395178
1395124
1394917
1394763
1394528
1394340
1394205
1394223
1394074
1394031
1394030
1394038
1394040
1394004
1393946
1394024
1393970
1393966
1394068
1394164
1394265
1394175
1394322
1394410
1394496
1394711
1394844
1394873
1394974
1394917
1395063
1395145
1395178
1395069
1395258
1395173
1395176
1395171
1395174
1395208
1395183
1395103
1395023
1395109
1395165
1395167
1395193
1395170
1395297
1395271
1395316
1395330
1395359
1395541
1395574
1395693
1395719
1395772
1395801
1395870
1395908
1396007
1396100
1396219
1396284
1396341
1396428
1396426
1396642
1396753
1396877
1396911
1397073
1397115
1397106
1397015
1396845
1396679
1396443
1396245
1396122
1396012
1395930
1395836
1395814
1395806
1395820
1395792
1395835
1395823
1395805
1395851
1395880
1395928
1395873
1395926
1395969
1395988
1396107
1396048
1396183
1396171
1396202
1396268
1396315
1396354
1396493
1396470
1396439
1396482
1396560
1396556
1396523
1396465
1396442
1396483
1396449
1396502
1396360
1396421
1396459
1396496
1396472
1396514
1396499
1396526
1396581
1396570
1396680
1396666
1396734
1396773
1396848
1396880
1396973
1397072
1397060
1397075
1397146
1397166
1397273
1397338
1397369
1397446
1397560
1397586
1397803
1397801
1397907
1397925
1398001
1398010
1397839
1397581
1397289
1397128
1396845
1396743
1396627
1396570
1396520
1396478
1396483
1396425
1396458
1396440
1396482
1396377
1396393
1396405
1396460
1396499
1396444
1396447
1396477
1396411
1396420
1396502
1396412
1396502
1396443
1396564
1396557
1396512
1396538
1396634
1396525
1396647
1396569
1396529
1396598
1396509
1396477
1396525
1396481
1396463
1396459
1396368
1396424
1396354
1396376
1396442
1396430
1396486
1396608
1396498
1396605
1396605
1396813
1396783
1396815
1396843
1396964
1397043
1397118
1397222
1397313
1397404
1397458
1397511
1397700
1397766
1397894
1397966
1398103
1398223
1398348
1398463
1398511
1398523
1398551
1398367
1398175
1397984
1397787
1397567
1397393
1397350
1397304
1397235
1397297
1397288
1397202
1397153
1397133
1397160
1397193
1397158
1397148
1397109
1397203
1397132
1397054
1397153
1397164
1397214
1397174
1397136
1397291
1397361
1397350
1397370
1397375
1397409
1397384
1397365
1397414
1397413
1397420
1397362
1397407
1397368
1397381
1397288
1397314
1397290
1397291
1397264
1397347
1397254
1397309
1397410
1397441
1397549
1397551
1397620
1397656
1397634
1397801
1397948
1397969
1398024
1398169
1398246
1398281
1398410
1398530
1398673
1398739
1398855
1398976
1399070
1399230
1399324
1399363
1399252
1399206
1399111
1398909
1398662
1398351
1398343
1398235
1398076
1397915
1397962
1397936
1397908
1397902
1397823
1397749
1397756
1397822
1397748
1397782
1397844
1397783
1397823
1397818
1397899
1397811
1397947
1397981
1398002
1398030
1398022
1398071
1397967
1398135
1398176
1398113
1398173
1398112
1398208
1398130
1398178
1398081
1398160
1398123
1398029
1398001
1398076
1398140
1398143
1398179
1398197
1398248
1398325
1398426
1398527
1398566
1398636
1398645
1398664
1398744
1398851
1398871
1398992
1399148
1399298
1399405
1399525
1399557
1399676
1399752
1399901
1399953
1400089
1400181
1400162
1400222
1400251
1399966
1399857
1399652
1399391
1399276
1399152
1399047
1398922
1398798
1398722
1398711
1398629
1398592
1398586
1398574
1398557
1398545
1398491
1398488
1398438
1398511
1398495
1398475
1398510
1398538
1398659
1398614
1398625
1398603
1398693
1398675
1398663
1398634
1398662
1398685
1398649
1398582
1398578
1398645
1398608
1398494
1398501
1398578
1398443
1398362
1398403
1398407
1398523
1398452
1398477
1398597
1398672
1398721
1398805
1398763
1398769
1398846
1398879
1398891
1399057
1399056
1399186
1399331
1399338
1399451
1399584
1399641
1399710
1399836
1399915
1400076
1400098
1400033
1400034
1400013
1399797
1399510
1399256
1399060
1398814
1398664
1398541
1398478
1398408
1398287
1398223
1398210
1398114
1398102
1398043
1397887
1397937
1397904
1397970
1397903
1397882
1397819
1397886
1397911
1397850
1397852
1397819
1397975
1397833
1397942
1397938
1398041
1397980
1397990
1397912
1397996
1397859
1397952
1397985
1397945
1397889
1397884
1397868
1397710
1397796
1397793
1397782
1397837
1397902
1397906
1397878
1397984
1398004
1397973
1398082
1398170
1398229
1398215
1398323
1398479
1398487
1398585
1398679
1398689
1398766
1398889
1398984
1399161
1399318
1399348
1399310
1399276
1399194
1398969
1398729
1398522
1398315
1398147
1397935
1397810
1397769
1397701
1397567
1397533
1397512
1397441
1397423
1397318
1397351
1397341
1397274
1397343
1397301
1397322
1397350
1397334
1397387
1397473
1397460
1397490
1397579
1397635
1397659
1397631
1397649
1397593
1397638
1397719
1397664
1397627
1397623
1397537
1397543
1397470
1397453
1397566
1397531
1397499
1397552
1397567
1397624
1397611
1397785
1397745
1397791
1397897
1397914
1397908
1397936
1398031
1398116
1398126
1398260
1398335
1398492
1398538
1398601
1398761
1398774
1398887
1398995
1398965
1398883
1398806
1398604
1398318
1398065
1397854
1397700
1397519
1397423
1397323
1397222
1397127
1397025
1397047
1396926
1396870
1396811
1396867
1396845
1396776
1396875
1396875
1396796
1396850
1396932
1396917
1396958
1396996
1397002
1397020
1397053
1397063
1397059
1397074
1397084
1397024
1397043
1397058
1396851
1396881
1396849
1396866
1396812
1396849
1396760
1396800
1396764
1396794
1396785
1396800
1396845
1396937
1396953
1396920
1396977
1397067
1396956
1397069
1397029
1397101
1397190
1397248
1397344
1397425
1397551
1397647
1397717
1397851
1397842
1397900
1397960
1397881
1397667
1397444
1397112
1396804
1396599
1396419
1396174
1396228
1396060
1396019
1395955
1395772
1395703
1395633
1395535
1395552
1395505
1395441
1395465
1395350
1395351
1395238
1395240
1395135
1395177
1395251
1395200
1395287
1395264
1395227
1395261
1395193
1395154
1395158
1395109
1395042
1395011
1395010
1394987
1394945
1394939
1394824
1394749
1394688
1394648
1394629
1394657
1394592
1394637
1394566
1394550
1394636
1394578
1394672
1394716
1394715
1394712
1394719
1394750
1394739
1394853
1394861
1394889
1394982
1395043
1395174
1395234
1395268
1395355
1395494
1395482
1395545
1395497
1395213
1394934
1394630
1394446
1394188
1394078
1393881
1393709
1393696
1393612
1393491
1393453
1393441
1393352
1393329
1393236
1393081
1393149
1393062
1393034
1393040
1392998
1392894
1392873
1392878
1392908
1392897
1392968
1392885
1392915
1392904
1392900
1392857
1392815
1392872
1392778
1392829
1392693
1392659
1392650
1392634
1392535
1392549
1392535
1392492
1392433
1392499
1392486
1392553
1392475
1392525
1392596
1392563
1392653
1392654
1392708
1392845
1392758
1392846
1392858
1393060
1393111
1393188
1393325
1393504
1393526
1393696
1393819
1393840
1393966
1394070
1394043
1393901
1393693
1393467
1393227
1392974
1392845
1392686
1392555
1392585
1392410
1392374
1392334
1392280
1392209
1392196
1392139
1392101
1392096
1392028
1392055
1392008
1391969
1391897
1391934
1391968
1391987
1392007
1392108
1392049
1391993
1392005
1392062
1392072
1392002
1392025
1391988
1392056
1392047
1392084
1392064
1392021
1391950
1391984
1391917
1391882
1391888
1391942
1391891
1391877
1391918
1391936
1392119
1392114
1392125
1392131
1392224
1392181
1392253
1392359
1392416
1392506
1392610
1392753
1392792
1392912
1392989
1393186
1393179
1393304
1393448
1393475
1393607
1393468
1393319
1393057
1392792
1392530
1392409
1392338
1392171
1392075
1391974
1391950
1391844
1391846
1391762
1391867
1391755
1391754
1391708
1391682
1391639
1391637
1391654
1391629
1391639
1391646
1391634
1391764
1391745
1391749
1391776
1391823
1391859
1391840
1391838
1391908
1391882
1391865
1391795
1391774
1391798
1391717
1391756
1391754
1391754
1391781
1391734
1391740
1391780
1391759
1391864
1391867
1391840
1391927
1391892
1391949
1392045
1392023
1392124
1392119
1392124
1392354
1392385
1392522
1392577
1392719
1392832
1392890
1392963
1393126
1393276
1393291
1393378
1393326
1393252
1393016
1392783
1392542
1392322
1392104
1392078
1391935
1391829
1391789
1391780
1391710
1391704
1391660
1391531
1391572
1391591
1391527
1391488
1391626
1391410
1391392
1391466
1391402
1391339
1391506
1391593
1391559
1391582
1391561
1391599
1391700
1391702
1391685
1391746
1391822
1391765
1391750
1391842
1391773
1391697
1391809
1391791
1391723
1391836
1391843
1391835
1391842
1391858
1391975
1392032
1392072
1392111
1392165
1392214
1392330
1392333
1392454
1392475
1392543
1392652
1392819
1392875
1393016
1393193
1393270
1393330
1393503
1393679
1393671
1393784
1393632
1393517
1393300
1393141
1392838
1392645
