1145002
1145061
1145112
1145116
1145170
1145208
1145196
1145276
1145276
1145320
1145243
1145190
1145311
1145317
1145331
1145318
1145350
1145423
1145506
1145518
1145641
1145742
1145715
1145906
1145944
1146102
1146134
1146336
1146363
1146389
1146570
1146547
1146561
1146668
1146726
1146655
1146587
1146455
1146195
1146158
1146067
1145864
1145782
1145653
1145475
1145537
1145360
1145398
1145342
1145320
1145272
1145238
1145310
1145214
1145282
1145293
1145381
1145391
1145458
1145499
1145590
1145697
1145771
1145857
1145946
1145897
1145699
1145538
1145387
1145326
1145260
1145059
1144861
1144672
1144521
1144516
1144700
1144965
1145436
1145704
1145602
1145422
1144943
1144184
1143567
1143362
1143447
1144076
1144888
1145571
1146232
1146844
1147330
1147860
1148404
1148868
1149046
1149300
1149581
1149708
1149887
1150299
1150761
1151092
1151500
1151762
1151945
1151957
1151981
1152050
1152092
1152042
1152362
1152869
1154566
1155339
1155367
1155620
1156672
1157511
1157986
1158328
1158298
1157821
1157058
1156322
1155742
1155201
1154507
1153677
1152687
1151815
1150713
1149497
1148036
1147048
1146665
1146697
1146976
1147401
1147931
1148518
1149199
1149330
1148413
1147151
1145716
1144098
1142483
1141330
1140377
1138864
1136767
1133642
1130034
1126880
1124778
1124055
1124234
1124687
1124904
1124496
1123587
1122493
1121293
1120107
1119216
1118435
1117952
1117383
1117129
1116849
1116503
1116151
1115874
1115437
1115150
1114778
1114518
1114211
1113961
1113605
1113268
1112957
1112606
1112391
1112049
1111822
1111613
1111403
1111205
1110982
1110824
1110710
1110539
1110433
1110277
1110157
1110091
1110017
1109906
1109910
1109854
1109828
1109750
1109730
1109752
1109662
1109823
1109845
1109924
1109843
1109768
1109632
1109594
1109458
1109312
1109231
1109155
1109068
1109066
1108995
1108918
1108958
1108900
1108917
1108833
1108837
1108827
1108769
1108804
1108750
1108756
1108724
1108662
1108614
1108607
1108651
1108574
1108574
1108590
1108576
1108620
1108533
1108482
1108544
1108462
1108466
1108364
1108371
1108269
1108114
1107957
1107793
1107472
1107335
1107108
1106920
1106748
1106502
1106456
1106342
1106168
1106144
1105963
1105848
1105841
1105696
1105712
1105493
1105382
1105303
1105249
1105183
1105110
1105113
1104996
1105005
1104977
1104890
1104845
1104744
1104606
1104508
1104426
1104399
1104295
1104175
1104172
1104031
1104050
1103965
1103913
1103921
1103845
1103806
1103734
1103771
1103743
1103692
1103637
1103602
1103544
1103592
1103459
1103579
1103482
1103493
1103450
1103453
1103384
1103407
1103372
1103433
1103360
1103403
1103290
1103274
1103090
1102893
1102689
1102397
1102337
1102127
1101900
1101746
1101548
1101445
1101387
1101236
1101149
1101084
1100927
1100896
1100847
1100722
1100699
1100600
1100568
1100417
1100351
1100361
1100411
1100231
1100280
1100256
1100160
1100191
1100178
1100122
1100076
1099919
1099902
1099879
1099775
1099726
1099660
1099649
1099625
1099611
1099512
1099502
1099509
1099486
1099489
1099401
1099365
1099366
1099329
1099219
1099245
1099264
1099300
1099266
1099254
1099235
1099256
1099165
1099226
1099164
1099241
1099175
1099128
1099152
1099149
1099201
1099130
1099147
1099128
1099093
1099048
1098862
1098745
1098537
1098355
1098167
1097969
1097827
1097720
1097630
1097423
1097257
1097288
1097167
1097121
1097101
1097021
1096934
1096873
1096809
1096722
1096692
1096561
1096605
1096607
1096569
1096533
1096496
1096440
1096512
1096461
1096521
1096442
1096400
1096348
1096235
1096204
1096099
1096144
1096176
1096026
1096061
1096041
1096005
1096004
1095909
1095943
1095947
1095872
1095943
1095891
1095847
1095889
1095851
1095834
1095875
1095861
1095878
1095911
1095879
1095922
1095884
1095878
1095849
1095898
1095905
1095896
1095904
1095922
1095913
1095926
1095873
1095909
1095955
1095997
1095969
1095973
1096046
1096089
1096107
1096146
1096092
1096026
1095882
1095739
1095525
1095393
1095345
1095149
1095119
1095006
1094939
1094924
1094846
1094901
1094822
1094832
1094767
1094824
1094746
1094674
1094747
1094787
1094719
1094726
1094746
1094848
1094800
1094900
1094885
1094945
1094965
1094885
1094928
1094856
1094956
1094945
1094854
1094880
1094886
1094849
1094958
1094970
1094990
1094949
1095010
1095061
1095036
1095014
1095088
1095097
1095153
1095180
1095204
1095242
1095264
1095331
1095455
1095404
1095412
1095476
1095496
1095506
1095482
1095523
1095580
1095645
1095698
1095672
1095783
1095744
1095800
1095794
1095845
1095893
1096009
1095966
1095982
1095958
1096085
1096053
1096175
1096261
1096259
1096380
1096387
1096481
1096463
1096464
1096413
1096317
1096221
1096101
1095912
1095917
1095824
1095780
1095730
1095709
1095727
1095783
1095752
1095846
1095836
1095860
1095837
1095980
1095962
1095927
1096030
1096089
1096114
1096255
1096270
1096340
1096389
1096416
1096397
1096485
1096595
1096584
1096591
1096606
1096553
1096564
1096539
1096577
1096632
1096660
1096730
1096762
1096859
1096801
1096909
1097008
1096991
1097039
1097070
1097163
1097156
1097240
1097278
1097262
1097373
1097362
1097441
1097516
1097550
1097551
1097602
1097644
1097730
1097738
1097728
1097783
1097841
1097895
1097991
1097982
1098074
1098168
1098129
1098165
1098303
1098351
1098382
1098459
1098479
1098436
1098384
1098301
1098222
1098115
1098037
1097966
1097974
1097953
1097929
1097947
1097988
1098032
1098062
1098139
1098252
1098236
1098223
1098265
1098299
1098282
1098288
1098418
1098423
1098582
1098534
1098677
1098642
1098658
1098777
1098782
1098763
1098868
1098795
1098815
1098883
1098881
1098939
1098932
1099019
1099011
1099097
1099130
1099099
1099154
1099236
1099240
1099273
1099334
1099328
1099427
1099444
1099438
1099570
1099623
1099669
1099678
1099707
1099776
1099769
1099846
1099851
1099932
1100003
1100039
1099957
1100115
1100108
1100104
1100228
1100236
1100263
1100309
1100346
1100371
1100398
1100442
1100491
1100582
1100640
1100738
1100684
1100750
1100570
1100570
1100543
1100286
1100333
1100171
1100135
1100010
1099953
1099982
1100044
1100028
1099978
1100075
1100139
1100133
1100158
1100114
1100195
1100203
1100152
1100207
1100257
1100270
1100294
1100322
1100313
1100380
1100519
1100490
1100538
1100550
1100549
1100581
1100584
1100625
1100583
1100647
1100605
1100651
1100639
1100669
1100700
1100779
1100795
1100794
1100838
1100909
1100948
1100896
1100960
1100971
1101055
1101092
1101096
1101164
1101341
1101253
1101347
1101448
1101427
1101511
1101448
1101539
1101591
1101720
1101751
1101733
1101782
1101852
1101898
1101943
1101993
1102064
1102084
1102188
1102233
1102256
1102284
1102396
1102440
1102443
1102379
1102258
1102197
1102130
1102083
1101941
1101947
1101886
1101783
1101899
1101923
1101872
1101961
1102003
1102054
1102071
1102150
1102133
1102168
1102199
1102166
1102155
1102235
1102338
1102422
1102432
1102470
1102569
1102615
1102628
1102627
1102662
1102723
1102688
1102739
1102775
1102769
1102789
1102840
1102789
1102850
1102919
1102917
1102950
1102987
1103064
1103026
1103070
1103182
1103143
1103190
1103187
1103234
1103287
1103328
1103368
1103418
1103460
1103567
1103467
1103542
1103573
1103585
1103623
1103668
1103676
1103764
1103757
1103765
1103758
1103881
1103882
1103945
1103875
1103965
1104010
1104015
1104046
1104166
1104108
1104183
1104172
1104168
1104095
1104052
1103900
1103743
1103696
1103579
1103505
1103401
1103384
1103353
1103270
1103364
1103394
1103342
1103414
1103400
1103320
1103391
1103358
1103401
1103352
1103376
1103473
1103431
1103475
1103473
1103524
1103580
1103553
1103618
1103540
1103521
1103553
1103578
1103501
1103566
1103472
1103513
1103545
1103459
1103526
1103561
1103547
1103545
1103490
1103572
1103609
1103578
1103559
1103629
1103680
1103709
1103648
1103748
1103713
1103818
1103719
1103858
1103781
1103833
1103805
1103773
1103855
1103832
1103929
1103926
1103923
1103921
1103973
1103995
1103997
1104057
1104060
1104076
1104110
1104148
1104150
1104125
1104051
1103922
1103872
1103669
1103630
1103424
1103377
1103264
1103193
1103136
1103116
1103130
1103112
1103063
1103110
1103058
1103053
1103031
1103027
1102974
1102979
1102963
1102935
1102940
1102947
1103012
1102998
1103066
1103035
1103090
1103030
1102977
1102863
1102977
1102930
1102893
1102821
1102818
1102822
1102838
1102786
1102842
1102803
1102799
1102830
1102820
1102775
1102854
1102853
1102822
1102909
1102828
1102867
1102972
1102908
1102990
1102968
1102977
1102999
1103014
1102983
1103041
1103070
1103040
1103090
1103124
1103177
1103127
1103139
1103261
1103268
1103324
1103257
1103333
1103330
1103335
1103308
1103165
1103062
1102923
1102762
1102708
1102499
1102434
1102322
1102348
1102261
1102144
1102218
1102168
1102117
1102081
1102078
1102025
1102020
1101967
1101951
1101928
1101844
1101811
1101919
1101815
1101893
1101958
1101901
1101936
1101875
1101905
1101908
1101907
1101840
1101794
1101833
1101736
1101717
1101690
1101727
1101737
1101791
1101762
1101749
1101757
1101784
1101813
1101792
1101823
1101743
1101815
1101821
1101901
1101879
1102006
1102012
1102004
1102046
1102028
1102038
1102078
1102024
1102104
1102135
1102113
1102199
1102188
1102168
1102261
1102298
1102223
1102319
1102344
1102401
1102368
1102449
1102477
1102419
1102268
1102177
1102057
1101917
1101808
1101692
1101547
1101445
1101405
1101363
1101318
1101249
1101242
1101184
1101125
1101105
1101070
1100989
1100928
1100917
1100869
1100831
1100802
1100793
1100833
1100790
1100782
1100767
1100771
1100804
1100735
1100746
1100720
1100661
1100614
1100615
1100572
1100564
1100573
1100570
1100464
1100526
1100533
1100479
1100579
1100480
1100564
1100526
1100496
1100527
1100554
1100565
1100525
1100641
1100627
1100710
1100675
1100726
1100836
1100784
1100812
1100774
1100813
1100794
1100861
1100961
1100991
1101061
1101042
1101111
1101137
1101189
1101243
1101343
1101379
1101329
1101431
1101457
1101353
1101335
1101259
1101130
1101019
1100946
1100745
1100653
1100576
1100428
1100330
1100267
1100200
1100090
1099963
1099937
1099810
1099683
1099626
1099473
1099352
1099296
1099201
1099115
1099094
1099046
1099099
1099053
1098968
1098970
1098855
1098847
1098786
1098782
1098750
1098723
1098707
1098690
1098576
1098620
1098595
1098597
1098522
1098560
1098524
1098584
1098572
1098500
1098505
1098531
1098497
1098518
1098567
1098592
1098680
1098662
1098680
1098707
1098769
1098749
1098764
1098812
1098853
1098880
1098905
1098922
1098944
1099007
1099053
1099144
1099163
1099198
1099254
1099280
1099409
1099491
1099434
1099419
1099388
1099367
1099320
1099211
1099144
1098990
1098910
1098760
1098610
1098478
1098418
1098307
1098136
1097982
1097978
1097807
1097640
1097487
1097346
1097280
1097099
1097094
1097018
1096949
1096922
1096839
1096852
1096838
1096797
1096740
1096699
1096661
1096602
1096563
1096535
1096512
1096442
1096415
1096372
1096375
1096350
1096334
1096358
1096346
1096354
1096339
1096388
1096382
1096353
1096329
1096301
1096395
1096516
1096503
1096540
1096537
1096605
1096649
1096665
1096688
1096704
1096694
1096726
1096789
1096893
1096951
1096947
1097082
1097121
1097167
1097253
1097343
1097408
1097406
1097536
1097542
1097520
1097476
1097417
1097348
1097237
1097053
1096995
1096875
1096723
1096640
1096558
1096366
1096289
1096117
1096028
1095943
1095804
1095689
1095519
1095474
1095394
1095400
1095351
1095352
1095336
1095361
1095294
1095231
1095314
1095308
1095246
1095225
1095177
1095183
1095079
1095104
1095080
1095064
1095062
1095066
1095067
1095084
1095091
1095161
1095125
1095202
1095209
1095230
1095253
1095224
1095295
1095386
1095411
1095442
1095475
1095498
1095546
1095572
1095667
1095695
1095803
1095838
1095824
1095968
1096055
1096075
1096181
1096128
1096244
1096263
1096416
1096419
1096430
1096402
1096374
1096250
1096134
1096065
1095922
1095815
1095692
1095488
1095332
1095245
1095113
1094991
1094864
1094723
1094500
1094380
1094199
1094157
1094041
1093997
1093936
1093912
1093842
1093867
1093807
1093810
1093801
1093754
1093702
1093730
1093720
1093731
1093732
1093730
1093658
1093674
1093601
1093664
1093664
1093641
1093667
1093650
1093697
1093717
1093803
1093740
1093770
1093754
1093778
1093799
1093885
1093963
1093955
1094043
1094162
1094151
1094169
1094160
1094282
1094265
1094320
1094347
1094447
1094470
1094578
1094666
1094736
1094834
1094880
1094973
1094978
1095052
1095057
1094946
1094886
1094834
1094774
1094667
1094621
1094443
1094378
1094192
1094042
1093949
1093784
1093666
1093514
1093434
1093373
1093200
1093117
1092940
1092857
1092845
1092820
1092704
1092747
1092692
1092781
1092733
1092700
1092763
1092734
1092724
1092719
1092788
1092770
1092725
1092726
1092811
1092820
1092795
1092866
1092872
1092929
1092978
1092983
1092991
1093022
1093091
1093120
1093128
1093200
1093219
1093289
1093402
1093455
1093505
1093526
1093626
1093725
1093656
1093781
1093807
1093881
1093977
1094007
1094063
1094190
1094383
1094364
1094476
1094486
1094570
1094691
1094757
1094828
1094852
1094805
1094869
1094771
1094648
1094675
1094605
1094516
1094439
1094295
1094240
1094098
1094050
1093927
1093849
1093823
1093636
1093624
1093566
1093358
1093387
1093297
1093249
1093272
1093202
1093247
1093330
1093382
1093372
1093367
1093332
1093393
1093414
1093430
1093427
1093422
1093469
1093465
1093421
1093469
1093523
1093497
1093553
1093630
1093654
1093699
1093726
1093755
1093783
1093779
1093825
1093886
1093962
1094014
1094050
1094128
1094171
1094287
1094321
1094283
1094392
1094439
1094427
1094544
1094576
1094652
1094746
1094794
1094912
1095009
1095063
1095154
1095239
1095304
1095392
1095294
1095421
1095372
1095333
1095248
1095279
1095176
1095169
1095073
1094970
1094871
1094743
1094758
1094583
1094571
1094543
1094367
1094304
1094234
1094185
1094070
1094002
1094016
1093854
1093899
1093969
1094031
1093977
1093991
1093957
1094084
1094018
1094130
1094081
1094011
1094043
1094020
1094049
1093998
1094020
1094016
1093986
1094098
1094089
1094143
1094165
1094196
1094162
1094190
1094226
1094305
1094271
1094282
1094350
1094409
1094496
1094492
1094531
1094587
1094624
1094664
1094680
1094764
1094753
1094808
1094835
1094903
1094970
1095052
1095040
1095115
1095119
1095207
1095251
1095313
1095350
1095354
1095414
1095483
1095485
1095477
1095347
1095280
1095206
1094995
1094985
1094808
1094795
1094655
1094570
1094468
1094483
1094394
1094309
1094303
1094223
1094167
1094073
1094035
1094004
1094044
1093996
1094047
1094006
1094000
1094112
1094083
1094125
1094144
1094060
1094120
1094084
1094042
1094054
1093998
1094050
1093988
1094087
1094186
1094119
1094171
1094277
1094230
1094313
1094352
1094330
1094265
1094363
1094407
1094414
1094531
1094625
1094593
1094633
1094675
1094722
1094828
1094816
1094864
1094889
1094941
1095060
1095165
1095187
1095287
1095364
1095456
1095491
1095585
1095743
1095655
1095815
1095841
1095878
1095777
1095833
1095688
1095677
1095535
1095513
1095357
1095312
1095208
1095174
1095119
1095069
1094980
1094908
1094798
1094633
1094575
1094547
1094503
1094488
1094507
1094557
1094449
1094465
1094479
1094470
1094452
1094451
1094407
1094479
1094391
1094416
1094300
1094346
1094301
1094276
1094352
1094296
1094385
1094423
1094478
1094435
1094503
1094505
1094508
1094382
1094428
1094421
1094411
1094421
1094431
1094534
1094590
1094605
1094607
1094585
1094662
1094715
1094618
1094697
1094720
1094776
1094834
1094853
1094903
1094905
1094956
1095035
1095023
1095073
1095118
1095095
1095083
1095086
1095053
1095037
1094887
1094774
1094690
1094622
1094434
1094280
1094135
1093983
1093828
1093737
1093630
1093546
1093341
1093291
1093131
1093059
1092954
1092849
1092755
1092706
1092706
1092673
1092659
1092650
1092547
1092517
1092583
1092481
1092478
1092434
1092489
1092496
1092477
1092440
1092363
1092348
1092342
1092317
1092385
1092406
1092428
1092349
1092426
1092333
1092357
1092338
1092347
1092331
1092323
1092328
1092413
1092377
1092439
1092460
1092474
1092530
1092479
1092512
1092547
1092547
1092519
1092602
1092624
1092665
1092712
1092710
1092747
1092811
1092860
1092899
1092898
1092942
1092921
1092875
1092904
1092862
1092751
1092697
1092583
1092503
1092275
1092087
1091958
1091876
1091647
1091598
1091428
1091315
1091181
1091000
1090929
1090813
1090714
1090611
1090559
1090525
1090467
1090458
1090447
1090510
1090408
1090416
1090315
1090369
1090367
1090377
1090280
1090335
1090264
1090252
1090260
1090272
1090256
1090338
1090286
1090340
1090399
1090373
1090357
1090393
1090381
1090410
1090384
1090403
1090472
1090459
1090455
1090519
1090685
1090658
1090683
1090642
1090682
1090704
1090751
1090747
1090847
1090892
1090906
1091027
1091049
1091118
1091133
1091248
1091428
1091420
1091396
1091473
1091527
1091605
1091662
1091718
1091704
1091722
1091678
1091509
1091382
1091321
1091189
1091045
1090853
1090723
1090617
1090550
1090481
1090347
1090257
1090055
1090076
1089971
1089938
1089978
1089871
1089932
1089900
1089948
1089992
1089922
1090015
1089902
1089938
1089959
1089968
1089945
1089909
1089975
1089918
1089855
1089910
1089869
1089874
1089869
1089920
1089942
1089978
1090014
1090040
1090032
1090019
1090035
1090083
1090150
1090203
1090219
1090256
1090351
1090396
1090430
1090439
1090563
1090632
1090607
1090725
1090825
1090884
1090965
1091034
1091195
1091270
1091347
1091446
1091548
1091693
1091727
1091862
1091907
1092054
1092095
1092070
1092045
1091952
1091882
1091809
1091768
1091621
1091521
1091421
1091324
1091267
1091208
1091037
1090978
1090877
1090823
1090719
1090674
1090649
1090740
1090753
1090814
1090820
1090790
1090891
1090846
1090865
1090845
1090909
1090873
1090888
1090869
1090849
1090778
1090820
1090831
1090768
1090778
1090772
1090768
1090734
1090714
1090746
1090762
1090650
1090619
1090573
1090641
1090553
1090581
1090589
1090569
1090591
1090631
1090647
1090629
1090639
1090637
1090579
1090616
1090686
1090665
1090630
1090675
1090728
1090746
1090851
1090855
1090881
1090894
1090895
1091012
1091013
1090978
1091029
1091018
1091004
1090960
1090849
1090710
1090669
1090506
1090282
1090080
1089929
1089651
1089467
1089278
1089059
1088925
1088709
1088588
1088436
1088317
1088205
1088115
1088027
1087972
1087977
1087890
1087845
1087811
1087794
1087785
1087809
1087733
1087727
1087633
1087655
1087560
1087537
1087472
1087477
1087496
1087445
1087405
1087424
1087448
1087396
1087422
1087465
1087338
1087351
1087289
1087339
1087360
1087366
1087369
1087463
1087477
1087561
1087585
1087570
1087585
1087635
1087700
1087688
1087674
1087683
1087825
1087910
1087973
1088002
1088042
1088082
1088187
1088298
1088274
1088390
1088405
1088371
1088485
1088506
1088480
1088404
1088375
1088270
1088192
1088027
1087764
1087615
1087371
1087131
1087014
1086799
1086664
1086507
1086367
1086283
1086161
1086047
1085927
1085893
1085895
1085887
1085816
1085812
1085741
1085795
1085750
1085759
1085737
1085711
1085673
1085635
1085645
1085641
1085603
1085518
1085638
1085487
1085575
1085531
1085553
1085582
1085581
1085580
1085561
1085574
1085523
1085496
1085484
1085587
1085651
1085639
1085716
1085742
1085772
1085781
1085766
1085844
1085880
1085928
1085957
1085990
1086075
1086125
1086245
1086318
1086339
1086395
1086436
1086494
1086597
1086687
1086689
1086785
1086846
1086907
1086991
1087052
1087080
1086961
1086915
1086859
1086765
1086523
1086386
1086218
1085947
1085771
1085575
1085350
1085201
1085004
1084924
1084694
1084693
1084505
1084477
1084430
1084408
1084388
1084367
1084369
1084387
1084343
1084294
1084322
1084328
1084278
1084255
1084243
1084273
1084271
1084208
1084208
1084163
1084129
1084154
1084170
1084216
1084155
1084202
1084178
1084223
1084145
1084188
1084073
1084147
1084163
1084211
1084212
1084327
1084369
1084423
1084532
1084471
1084460
1084614
1084545
1084639
1084665
1084718
1084722
1084866
1084936
1085078
1085200
1085226
1085264
1085379
1085404
1085512
1085557
1085567
1085680
1085903
1085938
1085975
1085957
1085913
1085908
1085712
1085567
1085377
1085246
1085057
1084857
1084694
1084517
1084390
1084220
1084067
1084027
1084021
1083814
1083813
1083908
1083853
1083934
1083955
1083943
1083988
1084026
1084101
1084045
1084038
1084135
1084117
1084113
1084160
1084117
1084180
1084177
1084183
1084206
1084215
1084298
1084323
1084339
1084380
1084376
1084355
1084433
1084464
1084463
1084533
1084662
1084633
1084711
1084849
1084982
1084936
1085034
1085136
1085163
1085315
1085366
1085450
1085530
1085609
1085739
1085870
1085994
1086112
1086219
1086289
1086388
1086557
1086672
1086810
1087002
1087079
1087108
1087045
1087085
1086957
1086845
1086794
1086596
1086482
1086281
1086083
1086023
1085876
1085757
1085669
1085551
1085455
1085388
1085445
1085476
1085488
1085608
1085648
1085728
1085774
1085866
1085929
1086012
1085996
1086042
1086074
1086162
1086313
1086267
1086320
1086346
1086320
1086448
1086381
1086459
1086485
1086582
1086561
1086599
1086542
1086553
1086617
1086622
1086674
1086723
1086758
1086741
1086864
1086908
1086947
1086950
1086967
1086920
1086921
1086923
1086996
1087107
1087115
1087193
1087258
1087254
1087337
1087416
1087413
1087467
1087480
1087491
1087626
1087625
1087625
1087593
1087540
1087413
1087336
1087065
1086967
1086659
1086371
1086097
1085842
1085514
1085337
1085040
1084861
1084696
1084507
1084369
1084210
1084167
1084020
1084067
1083962
1083887
1083862
1083847
1083856
1083787
1083811
1083681
1083773
1083719
1083700
1083707
1083702
1083526
1083534
1083481
1083456
1083473
1083514
1083454
1083454
1083471
1083452
1083410
1083426
1083460
1083393
1083453
1083465
1083464
1083552
1083646
1083609
1083655
1083655
1083699
1083743
1083792
1083831
1083829
1083936
1084000
1084131
1084218
1084255
1084285
1084339
1084443
1084521
1084554
1084662
1084673
1084798
1084777
1084918
1084901
1084903
1084896
1084781
1084679
1084452
1084271
1083989
1083725
1083320
1083168
1082905
1082630
1082484
1082369
1082154
1082113
1081904
1081908
1081804
1081848
1081871
1081792
1081766
1081780
1081754
1081769
1081809
1081786
1081727
1081736
1081675
1081746
1081774
1081689
1081714
1081605
1081695
1081611
1081604
1081633
1081625
1081650
1081661
1081656
1081704
1081645
1081631
1081692
1081704
1081769
1081776
1081910
1081944
1082018
1082111
1082187
1082126
1082268
1082310
1082367
1082368
1082502
1082551
1082626
1082765
1082906
1082992
1083091
1083160
1083304
1083363
1083451
1083585
1083693
1083771
1083825
1083992
1084106
1084228
1084266
1084176
1084151
1083960
1083839
1083564
1083410
1083115
1082873
1082768
1082463
1082405
1082271
1082236
1082120
1082029
1082015
1081938
1082050
1082073
1082122
1082204
1082179
1082299
1082323
1082401
1082454
1082505
1082590
1082598
1082631
1082636
1082658
1082699
1082768
1082758
1082818
1082910
1082905
1082982
1082963
1083080
1083031
1083121
1083109
1083234
1083313
1083370
1083416
1083625
1083588
1083716
1083873
1083902
1084027
1084122
1084190
1084259
1084387
1084455
1084556
1084699
1084746
1084920
1085018
1085094
1085292
1085313
1085442
1085539
1085687
1085780
1085998
1086103
1086161
1086188
1086106
1086050
1085902
1085806
1085593
1085373
1085127
1084837
1084620
1084319
1084104
1083925
1083698
1083553
1083405
1083325
1083249
1083182
1083135
1083139
1083188
1083144
1083079
1083079
1083076
1082983
1082956
1082943
1082903
1082927
1082811
1082843
1082793
1082713
1082710
1082664
1082654
1082628
1082591
1082560
1082540
1082506
1082387
1082429
1082369
1082332
1082365
1082396
1082307
1082438
1082480
1082558
1082548
1082548
1082598
1082641
1082626
1082692
1082657
1082752
1082816
1082856
1083033
1083020
1083115
1083223
1083228
1083290
1083378
1083408
1083452
1083507
1083635
1083709
1083827
1083855
1083983
1083924
1083837
1083715
1083622
1083409
1083144
1082840
1082583
1082264
1081899
1081626
1081343
1081180
1080947
1080767
1080709
1080631
1080439
1080446
1080382
1080433
1080388
1080382
1080366
1080317
1080323
1080287
1080272
1080292
1080256
1080265
1080326
1080208
1080321
1080275
1080264
1080246
1080217
1080232
1080191
1080229
1080172
1080177
1080186
1080163
1080150
1080185
1080206
1080224
1080256
1080288
1080345
1080445
1080493
1080574
1080581
1080665
1080714
1080745
1080776
1080869
1080972
1081021
1081052
1081232
1081270
1081334
1081461
1081534
1081606
1081697
1081719
1081900
1081919
1081945
1082090
1082117
1082106
1082136
1082072
1081863
1081789
1081556
1081287
1080970
1080690
1080339
1080055
1079863
1079651
1079487
1079333
1079178
1079215
1079083
1079002
1079019
1079048
1079097
1079100
1079095
1079167
1079112
1079129
1079129
1079108
1079083
1079115
1079155
1079225
1079198
1079236
1079212
1079191
1079203
1079220
1079348
1079350
1079296
1079304
1079310
1079348
1079338
1079397
1079453
1079498
1079562
1079687
1079706
1079808
1079846
1079984
1080139
1080227
1080172
1080228
1080365
1080444
1080572
1080680
1080799
1080963
1081020
1081175
1081272
1081446
1081603
1081683
1081805
1081962
1082112
1082297
1082291
1082301
1082260
1082219
1082112
1081957
1081704
1081400
1081183
1080964
1080799
1080565
1080414
1080279
1080233
1080119
1080160
1080125
1080221
1080339
1080383
1080520
1080579
1080655
1080747
1080870
1080929
1080948
1081079
1081131
1081105
1081245
1081277
1081431
1081411
1081468
1081506
1081534
1081651
1081684
1081734
1081830
1081838
1081928
1081952
1081950
1082016
1082149
1082234
1082281
1082388
1082525
1082573
1082603
1082705
1082714
1082748
1082869
1082978
1082987
1083009
1083127
1083245
1083308
1083426
1083467
1083572
1083631
1083698
1083795
1083864
1083952
1083977
1084009
1083938
1083777
1083773
1083565
1083359
1083028
1082670
1082253
1081940
1081638
1081388
1081038
1080846
1080651
1080482
1080377
1080244
1080162
1080099
1080107
1080093
1080027
1080002
1079982
1079903
1079878
1079834
1079811
1079799
1079778
1079820
1079742
1079732
1079720
1079661
1079696
1079574
1079564
1079521
1079582
1079477
1079547
1079509
1079473
1079462
1079500
1079429
1079382
1079499
1079554
1079626
1079665
1079678
1079759
1079854
1079828
1079885
1079913
1080015
1080063
1080129
1080150
1080286
1080295
1080495
1080572
1080644
1080657
1080730
1080822
1080941
1081063
1080985
1081000
1080908
1080827
1080692
1080503
1080177
1079925
1079541
1079232
1078883
1078623
1078328
1078129
1077919
1077753
1077683
1077582
1077452
1077483
1077413
1077382
1077389
1077440
1077426
1077425
1077429
1077370
1077305
1077354
1077379
1077388
1077394
1077392
1077370
1077411
1077363
1077448
1077296
1077404
1077299
1077383
1077380
1077384
1077368
1077430
1077425
1077469
1077401
1077425
1077517
1077578
1077653
1077694
1077825
1077903
1077873
1077911
1077985
1078030
1078014
1078181
1078213
1078314
1078449
1078520
1078618
1078711
1078811
1078862
1078918
1079015
1079141
1079153
1079159
1079145
1078988
1078876
1078693
1078470
1078137
1077798
1077392
1077097
1076824
1076548
1076347
1076182
1076045
1075964
1075942
1075943
1075804
1075816
1075877
1075881
1075908
1075902
1075895
1075920
1075893
1075898
1075921
1075973
1075946
1076074
1076039
1076059
1076033
1075978
1075988
1075974
1076065
1076056
1076075
1076073
1076077
1076119
1076098
1076199
1076215
1076218
1076266
1076360
1076418
1076490
1076564
1076665
1076712
1076800
1076836
1076917
1076993
1077053
1077178
1077293
1077389
1077497
1077685
1077712
1077945
1077976
1078105
1078306
1078367
1078546
1078521
1078555
1078548
1078430
1078352
1078114
1077908
1077648
1077393
1077074
1076835
1076623
1076482
1076223
1076181
1076203
1076245
1076204
1076287
1076414
1076471
1076640
1076654
1076680
1076793
1076826
1076951
1076984
1077083
1077165
1077137
1077236
1077261
1077330
1077391
1077413
1077448
1077483
1077581
1077623
1077641
1077753
1077859
1077846
1077953
1078056
1078090
1078216
1078308
1078468
1078543
1078592
1078803
1078927
1079003
1079053
1079188
1079305
1079369
1079530
1079724
1079803
1079856
1080124
1080330
1080458
1080517
1080584
1080501
1080513
1080449
1080267
1080176
1079933
1079633
1079324
1079016
1078724
1078517
1078265
1078036
1077887
1077758
1077678
1077613
1077662
1077631
1077690
1077708
1077655
1077681
1077775
1077664
1077575
1077615
1077613
1077608
1077611
1077553
1077599
1077501
1077541
1077470
1077424
1077437
1077440
1077421
1077332
1077259
1077163
1077236
1077202
1077198
1077185
1077173
1077142
1077250
1077250
1077283
1077330
1077408
1077409
1077408
1077475
1077497
1077504
1077581
1077619
1077738
1077816
1077904
1078001
1078087
1078167
1078172
1078250
1078306
1078295
1078313
1078203
1078094
1077881
1077659
1077394
1076971
1076612
1076250
1075909
1075656
1075299
1075221
1075018
1074877
1074769
1074742
1074683
1074586
1074643
1074650
1074693
1074636
1074598
1074564
1074551
1074651
1074544
1074592
1074626
1074661
1074709
1074715
1074671
1074653
1074627
1074611
1074654
1074649
1074673
1074650
1074647
1074660
1074664
1074678
1074661
1074702
1074825
1074870
1074956
1074989
1075084
1075074
1075188
1075268
1075340
1075332
1075374
1075445
1075475
1075590
1075695
1075838
1075920
1075957
1076121
1076180
1076288
1076380
1076429
1076426
1076448
1076281
1076115
1075958
1075732
1075356
1075049
1074607
1074349
1074073
1073761
1073531
1073332
1073297
1073173
1073112
1073136
1073089
1073164
1073087
1073157
1073100
1073172
1073133
1073199
1073135
1073154
1073186
1073263
1073336
1073359
1073375
1073372
1073328
1073297
1073334
1073368
1073362
1073335
1073340
1073374
1073401
1073390
1073402
1073379
1073479
1073533
1073614
1073698
1073727
1073828
1073903
1073926
1073953
1074023
1074123
1074186
1074298
1074356
1074386
1074502
1074596
1074721
1074841
1074924
1075009
1075156
1075216
1075320
1075313
1075275
1075194
1075077
1074890
1074644
1074328
1073998
1073682
1073326
1073094
1072868
1072606
1072480
1072357
1072278
1072224
1072142
1072182
1072155
1072255
1072294
1072312
1072298
1072268
1072263
1072351
1072296
1072324
1072388
1072382
1072402
1072455
1072476
1072503
1072459
1072487
1072478
1072562
1072462
1072393
1072427
1072498
1072457
1072487
1072551
1072582
1072549
1072690
1072762
1072771
1072840
1072955
1073032
1073034
1073058
1073160
1073196
1073362
1073305
1073487
1073631
1073768
1073843
1073947
1074027
1074151
1074278
1074300
1074222
1074186
1074094
1074004
1073799
1073445
1073166
1072780
1072423
1072154
1071919
1071650
1071485
1071398
1071231
1071219
1071171
1071210
1071204
1071300
1071321
1071402
1071308
1071429
1071387
1071387
1071451
1071558
1071497
1071625
1071619
1071728
1071724
1071723
1071717
1071688
1071751
1071743
1071810
1071781
1071798
1071844
1071908
1071966
1072061
1072029
1072181
1072190
1072289
1072343
1072432
1072548
1072677
1072795
1072856
1072943
1073046
1073136
1073158
1073328
1073454
1073651
1073820
1073917
1074098
1074296
1074352
1074464
1074543
1074501
1074458
1074379
1074187
1073934
1073671
1073324
1073060
1072829
1072620
1072488
1072386
1072256
1072277
1072233
1072340
1072363
1072394
1072543
1072605
1072657
1072743
1072840
1072977
1073060
1073127
1073228
1073328
1073405
1073457
1073590
1073617
1073685
1073711
1073840
1073926
1073989
1074033
1074121
1074202
1074248
1074329
1074362
1074476
1074608
1074640
1074745
1074913
1075089
1075181
1075364
1075437
1075499
1075642
1075744
1075751
1075951
1076040
1076164
1076338
1076502
1076567
1076724
1076825
1076838
1076831
1076777
1076737
1076599
1076377
1076062
1075845
1075484
1075172
1074879
1074586
1074333
1074187
1074048
1073974
1073806
1073728
1073717
1073777
1073789
1073713
1073707
1073738
1073689
1073731
1073708
1073710
1073709
1073721
1073658
1073670
1073654
1073648
1073573
1073602
1073532
1073522
1073574
1073493
1073414
1073438
1073453
1073334
1073366
1073408
1073314
1073459
1073493
1073513
1073638
1073686
1073689
1073732
1073741
1073878
1073857
1073911
1073926
1073948
1074019
1074108
1074248
1074267
1074401
1074397
1074534
1074557
1074625
1074598
1074577
1074465
1074322
1074115
1073817
1073387
1073037
1072676
1072351
1072036
1071804
1071559
1071443
1071323
1071256
1071237
1071106
1071115
1071106
1071145
1071113
1071079
1071156
1071049
1071058
1071052
1071152
1071183
1071199
1071287
1071304
1071334
1071388
1071339
1071333
1071316
1071411
1071325
1071394
1071335
1071391
1071507
1071441
1071543
1071509
1071634
1071687
1071733
1071757
1071869
1071866
1072000
1072093
1072131
1072202
1072251
1072321
1072402
1072476
1072518
1072664
1072829
1072948
1073023
1073128
1073246
1073312
1073362
1073411
1073367
1073227
1073168
1072894
1072649
1072332
1071979
1071574
1071276
1070951
1070769
1070592
1070447
1070411
1070341
1070381
1070357
1070347
1070357
1070341
1070396
1070381
1070382
1070393
1070383
1070467
1070431
1070548
1070569
1070641
1070665
1070673
1070727
1070715
1070720
1070707
1070713
1070755
1070706
1070753
1070827
1070814
1070782
1070810
1070893
1070961
1070980
1071107
1071186
1071227
1071202
1071411
1071481
1071580
1071538
1071635
1071697
1071726
1071861
1072006
1072071
1072261
1072335
1072420
1072523