1527563
1527668
1527801
1527890
1527904
1527889
1528037
1528096
1528055
1528140
1528216
1528383
1528405
1528470
1528600
1528726
1528842
1529030
1529207
1529363
1529530
1529682
1529827
1530117
1530314
1530674
1530855
1531100
1531316
1531508
1531854
1531990
1532121
1532384
1532378
1532252
1531765
1531208
1530319
1529491
1528626
1528016
1527655
1527300
1527084
1526870
1526845
1526719
1526792
1526805
1526810
1526904
1526888
1526929
1526923
1527047
1527158
1527314
1527411
1527563
1527710
1527895
1528104
1528210
1528338
1528451
1528475
1528622
1528600
1528631
1528610
1528567
1528692
1528673
1528767
1528867
1529027
1529191
1529157
1529287
1529450
1529613
1529828
1529949
1530070
1530283
1530396
1530628
1530791
1530991
1531121
1531324
1531598
1531709
1531931
1532124
1532362
1532479
1532612
1532859
1532845
1532665
1532129
1531415
1530493
1529533
1528736
1527995
1527556
1527224
1526854
1526790
1526670
1526670
1526601
1526547
1526684
1526677
1526654
1526566
1526699
1526820
1526858
1526853
1526993
1527173
1527307
1527473
1527577
1527683
1527880
1527870
1527951
1527977
1528063
1528012
1528052
1528015
1528073
1528199
1528187
1528275
1528275
1528358
1528406
1528612
1528709
1528894
1528958
1529128
1529243
1529496
1529586
1529761
1529881
1530024
1530200
1530439
1530650
1530791
1530949
1531155
1531299
1531324
1531438
1531130
1530533
1529763
1528893
1528041
1527478
1526931
1526479
1526265
1525971
1525935
1525843
1525820
1525751
1525751
1525786
1525747
1525784
1525757
1525855
1525919
1526001
1526080
1526299
1526413
1526589
1526695
1526731
1526926
1527002
1527001
1527048
1527168
1527141
1527179
1527111
1527191
1527210
1527252
1527385
1527422
1527470
1527590
1527735
1527848
1527938
1528076
1528162
1528350
1528460
1528671
1528784
1528974
1529103
1529342
1529469
1529647
1529816
1530051
1530147
1530428
1530619
1530736
1530693
1530649
1530230
1529594
1528714
1527789
1527077
1526528
1525925
1525697
1525502
1525281
1525255
1525144
1525108
1525097
1525042
1525056
1525079
1525090
1525107
1525102
1525221
1525303
1525426
1525554
1525618
1525808
1525938
1526057
1526173
1526214
1526272
1526316
1526303
1526385
1526375
1526369
1526362
1526336
1526463
1526557
1526619
1526753
1526796
1526994
1527082
1527087
1527298
1527423
1527613
1527747
1527901
1528011
1528225
1528403
1528532
1528620
1528846
1529042
1529195
1529425
1529570
1529835
1529982
1530120
1530320
1530300
1530309
1529938
1529253
1528345
1527517
1526794
1526172
1525636
1525234
1524994
1524754
1524708
1524536
1524613
1524579
1524604
1524616
1524612
1524532
1524583
1524656
1524692
1524790
1524812
1524940
1525064
1525289
1525431
1525537
1525615
1525718
1525782
1525780
1525768
1525811
1525804
1525791
1525874
1525904
1525971
1526022
1526139
1526196
1526320
1526408
1526477
1526622
1526710
1526918
1527023
1527243
1527352
1527485
1527736
1527957
1527956
1528195
1528329
1528570
1528632
1528884
1528998
1529193
1529383
1529555
1529773
1530004
1530127
1530244
1530316
1530472
1530427
1530033
1529372
1528481
1527548
1526695
1526037
1525555
1525066
1524891
1524736
1524577
1524551
1524505
1524452
1524514
1524449
1524448
1524439
1524469
1524531
1524587
1524687
1524764
1524857
1525034
1525195
1525317
1525351
1525546
1525627
1525652
1525718
1525671
1525711
1525703
1525837
1525792
1525841
1525864
1525955
1526021
1526149
1526234
1526261
1526382
1526497
1526628
1526731
1526911
1527038
1527219
1527337
1527488
1527750
1527921
1528016
1528268
1528399
1528607
1528710
1528839
1529014
1529262
1529335
1529526
1529741
1529927
1530119
1530287
1530439
1530453
1530311
1529704
1529046
1528059
1527186
1526451
1525783
1525348
1524979
1524770
1524661
1524492
1524573
1524567
1524447
1524477
1524575
1524563
1524462
1524599
1524708
1524719
1524844
1524907
1525020
1525189
1525396
1525441
1525578
1525680
1525612
1525751
1525749
1525828
1525845
1525866
1525894
1525916
1525983
1526019
1526089
1526190
1526254
1526337
1526486
1526568
1526664
1526740
1526931
1527106
1527360
1527413
1527620
1527792
1528034
1528136
1528232
1528413
1528664
1528749
1529026
1529055
1529181
1529385
1529617
1529818
1529968
1530254
1530389
1530459
1530709
1530676
1530493
1530006
1529275
1528369
1527487
1526619
1526091
1525539
1525270
1525092
1524903
1524836
1524770
1524740
1524845
1524753
1524749
1524796
1524795
1524908
1524895
1525098
1525170
1525265
1525396
1525634
1525603
1525757
1525908
1526006
1526015
1526086
1526165
1526145
1526197
1526224
1526209
1526226
1526357
1526385
1526458
1526476
1526571
1526661
1526851
1526939
1527082
1527198
1527248
1527343
1527706
1527753
1528003
1528113
1528291
1528441
1528667
1528771
1529022
1529114
1529240
1529421
1529599
1529798
1529974
1530175
1530361
1530453
1530628
1530735
1530617
1530433
1529859
1528939
1528043
1527267
1526551
1526078
1525670
1525481
1525252
1525204
1525212
1525117
1525105
1525144
1525159
1525217
1525115
1525240
1525362
1525459
1525449
1525589
1525655
1525813
1525984
1526015
1526175
1526358
1526342
1526428
1526544
1526514
1526543
1526546
1526604
1526678
1526690
1526766
1526822
1526902
1526870
1527117
1527116
1527242
1527323
1527538
1527589
1527758
1527953
1528136
1528310
1528390
1528574
1528786
1528831
1529179
1529299
1529467
1529766
1529779
1530012
1530196
1530360
1530557
1530658
1530911
1530983
1531239
1531252
1531460
1531223
1530800
1530121
1529250
1528391
1527550
1526938
1526446
1526137
1525905
1525807
1525673
1525629
1525711
1525584
1525638
1525708
1525752
1525772
1525920
1525934
1525924
1526029
1526124
1526228
1526362
1526545
1526625
1526764
1526842
1526941
1526951
1527063
1527059
1527140
1527184
1527155
1527248
1527193
1527307
1527258
1527383
1527473
1527538
1527685
1527910
1527888
1528060
1528195
1528389
1528513
1528665
1528835
1528965
1529249
1529343
1529573
1529668
1529920
1529967
1530186
1530257
1530444
1530657
1530846
1531040
1531179
1531367
1531536
1531682
1531882
1531971
1532027
1531906
1531568
1530861
1530000
1529223
1528329
1527725
1527159
1526791
1526681
1526416
1526360
1526315
1526275
1526283
1526326
1526404
1526438
1526452
1526447
1526601
1526611
1526674
1526744
1526807
1527038
1527063
1527254
1527362
1527498
1527562
1527645
1527615
1527636
1527640
1527768
1527730
1527805
1527868
1527920
1527955
1528062
1528134
1528167
1528295
1528377
1528467
1528604
1528703
1528870
1529087
1529221
1529396
1529569
1529749
1529874
1530068
1530232
1530425
1530499
1530663
1530847
1530939
1531167
1531365
1531565
1531740
1531864
1532061
1532235
1532394
1532497
1532607
1532588
1532217
1531758
1530964
1530101
1529239
1528572
1527970
1527548
1527249
1527099
1527029
1527030
1526977
1526955
1526908
1527019
1527036
1527004
1527097
1527146
1527262
1527310
1527320
1527499
1527651
1527749
1527892
1528002
1528066
1528165
1528247
1528314
1528314
1528297
1528435
1528406
1528421
1528394
1528503
1528513
1528580
1528675
1528722
1528831
1528983
1529015
1529143
1529272
1529412
1529587
1529620
1529918
1529933
1530206
1530401
1530601
1530662
1530781
1530979
1531151
1531310
1531404
1531604
1531806
1531906
1532044
1532401
1532483
1532697
1532787
1532938
1532920
1532845
1532372
1531812
1530947
1530248
1529374
1528728
1528383
1528024
1527722
1527593
1527517
1527477
1527479
1527582
1527571
1527442
1527588
1527631
1527595
1527689
1527787
1527893
1527932
1528045
1528198
1528402
1528415
1528537
1528624
1528691
1528732
1528829
1528827
1528901
1528924
1528938
1528982
1528998
1529139
1529127
1529156
1529303
1529326
1529405
1529544
1529674
1529779
1529835
1530061
1530174
1530288
1530494
1530600
1530783
1530931
1531142
1531260
1531426
1531525
1531723
1531817
1532078
1532187
1532367
1532571
1532754
1532902
1533085
1533220
1533288
1533390
1533283
1533056
1532372
1531655
1530769
1529962
1529351
1528824
1528461
1528229
1528110
1528043
1527964
1527988
1528026
1528026
1527976
1528079
1528100
1528237
1528228
1528354
1528409
1528457
1528603
1528693
1528817
1528912
1529033
1529150
1529318
1529263
1529399
1529324
1529453
1529374
1529430
1529438
1529467
1529496
1529615
1529700
1529681
1529832
1529915
1529934
1530053
1530168
1530400
1530502
1530684
1530864
1530919
1531162
1531226
1531361
1531627
1531777
1531839
1531923
1532153
1532357
1532495
1532706
1532874
1533005
1533276
1533313
1533436
1533489
1533374
1533011
1532361
1531597
1530809
1530039
1529423
1529065
1528615
1528525
1528319
1528248
1528173
1528252
1528277
1528238
1528218
1528322
1528326
1528353
1528396
1528646
1528671
1528725
1528845
1529007
1529142
1529216
1529265
1529312
1529421
1529493
1529523
1529582
1529548
1529577
1529653
1529689
1529715
1529800
1529855
1529885
1529968
1530083
1530071
1530295
1530315
1530446
1530627
1530734
1530916
1531054
1531199
1531363
1531499
1531621
1531798
1531919
1532078
1532260
1532420
1532657
1532817
1532962
1533132
1533361
1533426
1533488
1533429
1533138
1532528
1531826
1531003
1530246
1529617
1529210
1528819
1528617
1528361
1528364
1528302
1528309
1528308
1528337
1528362
1528464
1528495
1528558
1528615
1528650
1528748
1528821
1528981
1529096
1529238
1529259
1529434
1529424
1529539
1529614
1529639
1529687
1529782
1529712
1529703
1529771
1529756
1529860
1529828
1529979
1530005
1530083
1530229
1530278
1530448
1530535
1530678
1530755
1530932
1531072
1531218
1531399
1531422
1531616
1531751
1531879
1532034
1532264
1532360
1532628
1532774
1532979
1533091
1533180
1533205
1533050
1532743
1532190
1531482
1530718
1530001
1529320
1528848
1528512
1528337
1528225
1528181
1528160
1528085
1528046
1528127
1528191
1528253
1528265
1528221
1528331
1528410
1528479
1528648
1528736
1528896
1528998
1529083
1529130
1529247
1529358
1529271
1529384
1529382
1529370
1529460
1529511
1529461
1529505
1529601
1529629
1529714
1529825
1529869
1529908
1530058
1530205
1530272
1530440
1530600
1530731
1530856
1531039
1531155
1531309
1531342
1531654
1531697
1531868
1532064
1532240
1532449
1532579
1532706
1532770
1532942
1532902
1532630
1532157
1531430
1530699
1529931
1529284
1528726
1528350
1528056
1527947
1527773
1527730
1527745
1527674
1527671
1527673
1527762
1527721
1527782
1527849
1527975
1527993
1528053
1528177
1528284
1528397
1528457
1528636
1528763
1528675
1528771
1528778
1528866
1528861
1528912
1528945
1528935
1528995
1529062
1529102
1529145
1529178
1529209
1529223
1529448
1529569
1529666
1529750
1529889
1530131
1530255
1530367
1530568
1530589
1530803
1530871
1531052
1531165
1531349
1531440
1531739
1531895
1532052
1532191
1532379
1532420
1532351
1532001
1531524
1530700
1529911
1529206
1528510
1528056
1527675
1527542
1527425
1527317
1527216
1527168
1527189
1527242
1527165
1527180
1527150
1527332
1527304
1527456
1527410
1527589
1527495
1527687
1527853
1527860
1527984
1528165
1528247
1528231
1528225
1528267
1528272
1528246
1528241
1528325
1528336
1528341
1528520
1528536
1528605
1528719
1528774
1528897
1528957
1529033
1529158
1529301
1529463
1529571
1529781
1529882
1529934
1530124
1530287
1530446
1530604
1530716
1530901
1531137
1531277
1531373
1531537
1531581
1531661
1531523
1531053
1530324
1529610
1528823
1528186
1527726
1527262
1527061
1526794
1526708
1526632
1526545
1526494
1526583
1526504
1526540
1526470
1526513
1526594
1526710
1526742
1526781
1526858
1527030
1527138
1527262
1527271
1527514
1527510
1527601
1527646
1527613
1527689
1527669
1527666
1527662
1527675
1527861
1527832
1527855
1527910
1528062
1528078
1528203
1528286
1528454
1528593
1528658
1528878
1529019
1529103
1529274
1529401
1529519
1529671
1529809
1530008
1530094
1530297
1530440
1530587
1530804
1530977
1531009
1531190
1531321
1531254
1530994
1530391
1529661
1528933
1528109
1527495
1527066
1526763
1526614
1526385
1526213
1526193
1526154
1526135
1526093
1526123
1526158
1526097
1526140
1526187
1526263
1526301
1526346
1526538
1526603
1526685
1526816
1526924
1527022
1527051
1527113
1527188
1527162
1527242
1527202
1527271
1527238
1527300
1527388
1527431
1527490
1527506
1527635
1527781
1527795
1527952
1528004
1528143
1528315
1528409
1528527
1528719
1528841
1528985
1529179
1529259
1529442
1529567
1529678
1529919
1530009
1530122
1530450
1530551
1530658
1530732
1530983
1530866
1530463
1529840
1529133
1528371
1527636
1527025
1526635
1526372
1526054
1525957
1525745
1525801
1525730
1525762
1525729
1525787
1525803
1525770
1525797
1525947
1525949
1526010
1526064
1526204
1526334
1526482
1526556
1526588
1526685
1526744
1526767
1526904
1526948
1526908
1526909
1526967
1527062
1527011
1527050
1527184
1527228
1527295
1527395
1527495
1527504
1527637
1527731
1527908
1528039
1528230
1528384
1528519
1528688
1528796
1528978
1529080
1529278
1529383
1529515
1529653
1529814
1530020
1530168
1530371
1530512
1530633
1530728
1530718
1530508
1529917
1529207
1528399
1527647
1526995
1526567
1526143
1525854
1525737
1525576
1525551
1525533
1525548
1525573
1525559
1525562
1525573
1525534
1525602
1525690
1525840
1525934
1526039
1526146
1526304
1526364
1526450
1526536
1526639
1526645
1526631
1526684
1526754
1526776
1526742
1526793
1526866
1526920
1526906
1527026
1527085
1527230
1527208
1527344
1527438
1527629
1527644
1527831
1527995
1528111
1528306
1528372
1528536
1528683
1528875
1529029
1529189
1529334
1529490
1529632
1529746
1529996
1530163
1530370
1530500
1530570
1530717
1530641
1530415
1529818
1529091
1528286
1527578
1526953
1526465
1526139
1525753
1525792
1525588
1525570
1525505
1525599
1525519
1525667
1525653
1525654
1525606
1525795
1525872
1525850
1525969
1526130
1526221
1526309
1526446
1526518
1526608
1526666
1526718
1526759
1526773
1526824
1526830
1526800
1526869
1527034
1526928
1527002
1527132
1527271
1527337
1527370
1527503
1527577
1527738
1527833
1527985
1528165
1528405
1528545
1528570
1528793
1528879
1529101
1529196
1529327
1529468
1529658
1529845
1530053
1530214
1530413
1530554
1530628
1530653
1530540
1530057
1529510
1528669
1527950
1527320
1526720
1526269
1526033
1525828
1525727
1525618
1525567
1525533
1525565
1525659
1525557
1525645
1525724
1525788
1525861
1525879
1526042
1526129
1526201
1526326
1526439
1526613
1526630
1526797
1526788
1526821
1526897
1526868
1526964
1526861
1526959
1527015
1527015
1527057
1527190
1527235
1527259
1527427
1527487
1527523
1527567
1527831
1527864
1528087
1528167
1528351
1528471
1528611
1528781
1528947
1529062
1529251
1529325
1529574
1529702
1529862
1530099
1530282
1530361
1530544
1530637
1530714
1530404
1529982
1529270
1528373
1527709
1527033
1526631
1526141
1526003
1525754
1525696
1525642
1525724
1525674
1525705
1525776
1525756
1525779
1525826
1525944
1526033
1526158
1526212
1526269
1526430
1526667
1526727
1526811
1526899
1526958
1526965
1526999
1527017
1527015
1527113
1527100
1527091
1527200
1527277
1527348
1527419
1527428
1527650
1527647
1527710
1527865
1528001
1528126
1528263
1528402
1528584
1528726
1528880
1528985
1529142
1529266
1529465
1529637
1529830
1529997
1530157
1530364
1530399
1530643
1530607
1530502
1530233
1529584
1528818
1528016
1527417
1526917
1526406
1526173
1525916
1525817
1525783
1525751
1525827
1525755
1525811
1525870
1525928
1525898
1526076
1526101
1526172
1526164
1526358
1526493
1526645
1526774
1526827
1526934
1526954
1527094
1527069
1527121
1527108
1527183
1527141
1527212
1527177
1527243
1527361
1527455
1527489
1527588
1527707
1527758
1527871
1527989
1528122
1528259
1528398
1528549
1528724
1528854
1529068
1529151
1529292
1529493
1529598
1529862
1529985
1530151
1530229
1530447
1530546
1530418
1530305
1529895
1529198
1528465
1527725
1527128
1526566
1526185
1526034
1525790
1525752
1525664
1525713
1525803
1525774
1525821
1525860
1525871
1525947
1526057
1526155
1526175
1526376
1526454
1526636
1526689
1526917
1526976
1527044
1527112
1527164
1527143
1527195
1527228
1527242
1527198
1527282
1527342
1527342
1527422
1527443
1527650
1527715
1527808
1527931
1528108
1528204
1528348
1528487
1528644
1528771
1528914
1529049
1529198
1529339
1529543
1529606
1529892
1530050
1530218
1530281
1530330
1530424
1530206
1529850
1529085
1528383
1527576
1527082
1526647
1526223
1526049
1525754
1525822
1525725
1525784
1525671
1525840
1525842
1525779
1525962
1525992
1526092
1526120
1526240
1526365
1526555
1526691
1526848
1526880
1526931
1527036
1527077
1527109
1527102
1527163
1527170
1527216
1527221
1527250
1527330
1527296
1527459
1527516
1527615
1527713
1527790
1527954
1528033
1528097
1528291
1528421
1528609
1528805
1528890
1528949
1529132
1529258
1529428
1529683
1529813
1530151
1530125
1530256
1530390
1530325
1530223
1529629
1528956
1528206
1527490
1526899
1526344
1525974
1525700
1525638
1525545
1525399
1525339
1525433
1525424
1525504
1525455
1525538
1525595
1525615
1525721
1525734
1525814
1526019
1526195
1526206
1526386
1526432
1526536
1526567
1526638
1526595
1526702
1526647
1526623
1526723
1526707
1526689
1526868
1526908
1526981
1527057
1527144
1527245
1527380
1527395
1527606
1527676
1527779
1527934
1528161
1528213
1528392
1528559
1528685
1528782
1529010
1529181
1529406
1529446
1529566
1529728
1529793
1529463
1529042
1528471
1527665
1526893
1526377
1525867
1525533
1525269
1525146
1525041
1524899
1524940
1524912
1524907
1524969
1525009
1525026
1525082
1525122
1525249
1525287
1525313
1525466
1525601
1525763
1525866
1525943
1526123
1526151
1526094
1526210
1526141
1526183
1526225
1526193
1526256
1526295
1526481
1526423
1526552
1526594
1526687
1526795
1526972
1527048
1527179
1527367
1527427
1527534
1527757
1527850
1528076
1528185
1528379
1528562
1528645
1528823
1529029
1529267
1529323
1529528
1529481
1529348
1529036
1528464
1527660
1526943
1526292
1525762
1525381
1525064
1524851
1524863
1524731
1524750
1524767
1524866
1524797
1524827
1524933
1524883
1525089
1525171
1525266
1525245
1525456
1525655
1525701
1525861
1525934
1526076
1526178
1526110
1526093
1526110
1526186
1526152
1526145
1526177
1526292
1526328
1526508
1526497
1526519
1526678
1526836
1526862
1527012
1527138
1527170
1527328
1527523
1527615
1527776
1527928
1528109
1528231
1528379
1528707
1528761
1528882
1529170
1529313
1529459
1529535
1529529
1529296
1528811
1528097
1527289
1526628
1526005
1525624
1525243
1524971
1524876
1524805
1524774
1524739
1524723
1524774
1524809
1524780
1524957
1525035
1525102
1525155
1525342
1525334
1525539
1525664
1525850
1525878
1525977
1526075
1526106
1526154
1526191
1526191
1526198
1526222
1526282
1526315
1526323
1526408
1526495
1526571
1526667
1526747
1526844
1527026
1527099
1527230
1527338
1527489
1527699
1527821
1527938
1528075
1528265
1528340
1528590
1528670
1528900
1529113
1529256
1529342
1529485
1529494
1529338
1528999
1528299
1527492
1526776
1526117
1525663
1525309
1525074
1524878
1524903
1524723
1524742
1524761
1524815
1524865
1524817
1524956
1525130
1525126
1525275
1525286
1525461
1525604
1525754
1526005
1525941
1526093
1526125
1526201
1526194
1526256
1526167
1526278
1526223
1526272
1526343
1526324
1526455
1526505
1526618
1526638
1526727
1526915
1526991
1527128
1527204
1527324
1527495
1527632
1527814
1527946
1528164
1528235
1528432
1528572
1528873
1528973
1529158
1529345
1529428
1529394
1529386
1529098
1528501
1527776
1526953
1526294
1525737
1525340
1524971
1524800
1524756
1524566
1524533
1524625
1524617
1524640
1524715
1524642
1524868
1524898
1524911
1525060
1525173
1525374
1525509
1525638
1525725
1525801
1525821
1525892
1525987
1525986
1525979
1526015
1526068
1526007
1526051
1526157
1526224
1526311
1526328
1526374
1526565
1526552
1526688
1526755
1526889
1527095
1527201
1527334
1527474
1527656
1527753
1527907
1528032
1528218
1528342
1528556
1528806
1528861
1528965
1528905
1528859
1528330
1527750
1526990
1526378
1525791
1525206
1524957
1524667
1524540
1524473
1524373
1524347
1524395
1524308
1524409
1524512
1524589
1524659
1524697
1524823
1524884
1525015
1525147
1525304
1525407
1525416
1525569
1525613
1525725
1525698
1525695
1525759
1525761
1525829
1525819
1525844
1525997
1526007
1526102
1526149
1526169
1526407
1526369
1526545
1526646
1526760
1526901
1527087
1527205
1527321
1527524
1527614
1527896
1528001
1528187
1528318
1528431
1528617
1528821
1528836
1528873
1528651
1528157
1527544
1526792
1525980
1525442
1525052
1524596
1524423
1524294
1524275
1524185
1524292
1524278
1524386
1524385
1524448
1524539
1524598
1524660
1524787
1524832
1525019
1525115
1525248
1525422
1525443
1525530
1525600
1525609
1525683
1525588
1525662
1525683
1525681
1525724
1525778
1525855
1525947
1525942
1526047
1526187
1526240
1526340
1526503
1526614
1526684
1526896
1527060
1527145
1527181
1527401
1527531
1527785
1527878
1528111
1528182
1528324
1528521
1528597
1528590
1528471
1528041
1527393
1526738
1526012
1525452
1524941
1524623
1524422
1524227
1524109
1524125
1524079
1524160
1524159
1524197
1524245
1524352
1524464
1524535
1524592
1524655
1524888
1525058
1525168
1525313
1525479
1525495
1525538
1525612
1525575
1525603
1525648
1525606
1525610
1525619
1525734
1525783
1525816
1525952
1526018
1526163
1526206
1526421
1526394
1526499
1526586
1526859
1526889
1527034
1527146
1527339
1527550
1527604
1527813
1527929
1528200
1528335
1528401
1528605
1528661
1528598
1528242
1527677
1527105
1526267
1525597
1525113
1524736
1524455
1524227
1524141
1524091
1524100
1524123
1524116
1524121
1524221
1524290
1524434
1524486
1524649
1524686
1524789
1524981
1525184
1525256
1525349
1525426
1525500
1525554
1525550
1525600
1525616
1525559
1525579
1525592
1525609
1525685
1525740
1525848
1525853
1525989
1526116
1526167
1526266
1526422
1526523
1526651
1526712
1526925
1527022
1527173
1527294
1527502
1527650
1527821
1528064
1528160
1528285
1528382
1528386
1528300
1527954
1527326
1526602
1525936
1525226
1524828
1524486
1524252
1524081
1523919
1523914
1523809
1523905
1523900
1523985
1524031
1524061
1524226
1524277
1524357
1524446
1524560
1524727
1524824
1525003
1524996
1525166
1525242
1525233
1525310
1525344
1525254
1525245
1525363
1525358
1525370
1525464
1525534
1525588
1525698
1525778
1525861
1525939
1526035
1526165
1526396
1526418
1526591
1526784
1526818
1527069
1527190
1527326
1527561
1527620
1527801
1527932
1528064
1528204
1528135
1527962
1527460
1526750
1526104
1525396
1524872
1524525
1524182
1523917
1523853
1523755
1523777
1523777
1523793
1523859
1523865
1523898
1523954
1524079
1524101
1524230
1524321
1524492
1524622
1524744
1524845
1524867
1525005
1525062
1525078
1525056
1525170
1525145
1525179
1525104
1525244
1525218
1525356
1525342
1525458
1525459
1525639
1525689
1525842
1525906
1525976
1526225
1526319
1526488
1526556
1526763
1526903
1527008
1527185
1527325
1527508
1527648
1527839
1527960
1528022
1527889
1527679
1526943
1526295
1525710
1525014
1524623
1524166
1523894
1523674
1523498
1523572
1523504
1523490
1523583
1523655
1523689
1523781
1523733
1523870
1523949
1524010
1524139
1524384
1524453
1524488
1524743
1524785
1524837
1524813
1524943
1524816
1524896
1524781
1524886
1524865
1524932
1525025
1525073
1525160
1525211
1525319
1525445
1525517
1525582
1525668
1525844
1525949
1526081
1526185
1526336
1526438
1526700
1526808
1527002
1527135
1527233
1527366
1527495
1527529
1527324
1526969
1526288
1525680
1525023
1524513
1524033
1523720
1523558
1523379
1523345
1523320
1523270
1523336
1523336
1523446
1523382
1523495
1523562
1523625
1523794
1523843
1523949
1524166
1524221
1524421
1524403
1524569
1524526
1524634
1524569
1524604
1524620
1524550
1524663
1524636
1524710
1524805
1524904
1524984
1524928
1525086
1525180
1525262
1525432
1525452
1525638
1525794
1525908
1525948
1526195
1526306
1526464
1526761
1526874
1526924
1527188
1527186
1527305
1527161
1526908
1526383
1525768
1525030
1524497
1523990
1523617
1523274
1522996
1522961
1522925
1522871
1522918
1522877
1522870
1522920
1522888
1523096
1523111
1523170
1523200
1523333
1523441
1523599
1523735
1523807
1523854
1523923
1524056
1524013
1523965
1523940
1523905
1523986
1524016
1524008
1524062
1524156
1524240
1524298
1524403
1524492
1524553
1524663
1524792
1524934
1525014
1525180
1525303
1525450
1525532
1525623
1525812
1525953
1526184
1526316
1526350
1526471
1526484
1526316
1525987
1525293
1524674
1524001
1523556
1523135
1522775
1522564
1522422
1522283
1522317
1522266
1522205
1522214
1522206
1522246
1522241
1522370
1522457
1522451
1522631
1522748
1522849
1522954
1523180
1523063
1523160
1523194
1523339
1523348
1523343
1523338
1523360
1523298
1523406
1523466
1523477
1523598
1523682
1523693
1523773
1523874
1524055
1524126
1524158
1524275
1524406
1524436
1524641
1524743
1524903
1525084
1525208
1525420
1525515
1525668
1525798
1525883
1525864
1525671
1525212
1524642
1524013
1523472
1522823
1522497
1522197
1522057
1521889
1521776
1521725
1521711
1521695
1521751
1521617
1521727
1521797
1521768
1521880
1521880
1522003
1522214
1522268
1522414
1522557
1522539
1522611
1522655
1522758
1522743
1522675
1522731
1522685
1522716
1522762
1522807
1522831
1522911
1523068
1523081
1523131
1523218
1523363
1523509
1523603
1523681
1523744
1523935
1523993
1524247
1524392
1524408
1524647
1524766
1524904
1525170
1525157
1525262
1525357
1525345
1525019
1524368
1523846
1523113
1522570
1522129
1521796
1521515
1521289
1521235
1521185
1521153
1521071
1521069
1521123
1521014
1521057
1521144
1521182
1521274
1521310
1521388
1521582
1521707
1521774
1521827
1521936
1522058
1522010
1522092
1522092
1522115
1522058
1522076
1522039
1522136
1522196
1522252
1522335
1522479
1522468
1522527
1522689
1522768
1522804
1522955
1523128
1523253
1523287
1523484
1523577
1523728
1523860
1523981
1524127
1524311
1524429
1524596
1524618
1524453
1524282
1523774
1523052
1522486
1522026
1521649
1521190
1521088
1520957
1520685
1520658
1520684
1520610
1520655
1520569
1520578
1520658
1520660
1520827
1520809
1520908
1521050
1521132
1521275
1521414
1521428
1521505
1521581
1521624
1521654
1521641
1521560
1521622
1521685
1521664
1521742
1521768
1521861
1521971
1522101
1522072
1522197
1522302
1522429
1522474
1522556
1522722
1522856
1522918
1523022
1523292
1523374
1523484
1523711
1523873
1524086
1523995
1524203
1524260
1524168
1523851
1523299
1522630
1522035
1521615
1521177
1520866
1520677
1520490
1520421
1520297
1520328
1520323
1520300
1520279
1520284
1520384
1520341
1520448
1520479
1520592
1520701
1520810
1520935
1520998
1521149
1521265
1521246
1521310
1521337
1521339
1521256
1521339
1521307
1521347
1521356
1521508
1521455
1521607
1521595
1521782
1521805
1521959
1521997
1522115
1522210
1522362
1522346
1522584
1522715
1522772
1522990
1523076
1523314
1523450
1523424
1523617
1523696
1523603
1523346
1522876
1522336
1521750
1521377
1520992
1520685
1520345
1520203
1520310
1520057
1519970
1520039
1520107
1520077
1520087
1520020
1520120
1520336
1520355
1520480
1520565
1520739
1520827
1520911
1520923
1521012
1521106
1521188
1521140
1521142
1521115
1521146
1521098
1521192
1521329
1521296
1521434
1521505
1521533
1521595
1521712
1521865
1521914
1522014
1522051
1522230
1522348
1522471
1522584
1522714
1522910
1522951
1523201
1523274
1523396
1523590
1523585
1523403
1523108
1522663
1522062
1521530
1521019
1520668
1520384
1520258
1519962
1519909
1519844
1519736
1519718
1519810
1519760
1519799
1519778
1519843
1519918
1519983
1519996
1520052
1520171
1520385
1520391
1520528
1520532
1520667
1520610
1520774
1520709
1520589
1520684
1520756
1520788
1520813
1520908
1521022
1521068
1521144
1521266
1521346
1521334
1521494
1521587
1521658
1521812
1521892
1521937
1522182
1522307
1522496
1522629
1522804
1522981
1523018
1523103
1523139
1523168
1523001
1522584
1522050
1521477
1521031
1520682
1520351
1520097
1519938
1519754
1519621
1519671
1519653
1519588
1519644
1519638
1519660
1519682
1519766
1519789
1519867
1520031
1520066
1520089
1520326
1520423
1520464
1520488
1520600
1520652
1520654
1520660
1520670
1520757
1520793
1520835
1520756
1520966
1521000
1521118
1521104
1521204
1521379
1521466
1521500
1521674
1521658
1521883
1522021
1522101
1522220
1522319
1522473
1522666
1522740
1522948
1523062
1523167
1523271
1523158
1522906
1522388
1521913
1521332
1520937
1520654
1520377
1520108
1519978
1519867
1519800
1519809
1519816
1519837
1519804
1519837
1519867
1519982
1520024
1520077
1520200
1520333
1520421
1520499
1520624
1520707
1520762
1520766
1520785
1520911
1520844
1520842
1520857
1520982
1520976
1521058
1521168
1521233
1521332
1521320
1521379
1521545
1521610
1521693
1521899
1521966
1522098
1522129
1522347
1522403
1522588
1522764
1522881
1523132
1523194
1523278
1523415
1523497
1523498
1523372
1522964
1522566
1521993
1521602
1521237
1520911
1520669
1520450
1520406
1520238
1520230
1520214
1520213
1520194
1520252
1520348
1520368
1520394
1520565
1520583
1520612
1520811
1521005
1521057
1521190
1521189
1521340
1521311
1521387
1521357
1521396
1521348
1521408
1521476
1521515
1521571
1521778
1521677
1521756
1521880
1521961
1521975
1522136
1522233
1522304
1522465
1522599
1522675
1522850
1522998
1523121
1523201
1523522
1523545
1523724
1523758
1523815
1523810
1523673
1523236
1522756
1522254
1521902
1521551
1521230
1520990
1520854
1520773
1520716
1520728
1520661
1520672
1520773
1520740
1520868
1520923
1520915
1521040
1521119
1521240
1521369
1521485
1521625
1521744
1521695
1521770
1521755
1521829
1521827
1521811
1521936
1521942
1522035
1522027
1522091
1522141
1522276
1522374
1522457
1522544
1522590
1522573
1522860
1522928
1522964
1523083
1523184
1523422
1523425
1523579
1523822
1523845
1523990
1524108
1524156
1524165
1524079
1523655
1523298
1522787
1522379
1521983
1521671
1521429
1521353
1521224
1521063
1521086
1521107
1521099
1521169
1521123
1521280
1521290
1521374
1521324
1521527
1521555
1521751
1521893
1521915
1522047
1522129
1522107
1522174
1522203
1522173
1522244
1522240
1522316
1522311
1522401
1522498
1522500
1522560
1522676
1522692
1522790
1522987
1522967
1523193
1523199
1523388
1523443
1523594
1523607
1523861
1523906
1524036
1524186
1524404
1524531
1524521
1524611
1524505
1524242
1523765
1523410
1522954
1522532
1522217
1521957
1521773
1521660
1521544
1521475
1521479
1521485
1521446
1521533
1521539
1521582
1521811
1521768
1521868
1521916
1522065
1522252
1522252
1522436
1522451
1522561
1522563
1522513
1522562
1522514
1522521
1522539
1522687
1522730
1522731
1522762
1522873
1522938
1523021
1523037
1523129
1523265
1523323
1523363
1523583
1523655
1523839
1523985
1524001
1524133
1524404
1524449
1524618
1524658
1524810
1524811
1524660
1524258
1523918
1523485
1522962
1522630
1522265
1522125
1521896
1521822
1521741
1521679
1521687
1521735
1521749
1521684
1521856
1521855
1521839
1522008
1522070
1522163
1522325
1522454
1522578
1522618
1522714
1522736
1522717
1522836
1522803
1522780
1522836
1522900
1522920
1523028
1522955
1523080
1523172
1523221
1523225
1523384
1523420
1523505
1523760
1523739
1523832
1523988
1524048
1524226
1524412
1524540
1524688
1524791
1524867
1524952
1524999
1524935
1524745
1524299
1523842
1523420
1522984
1522678
1522467
1522240
1522037
1522119
1521959
1522010
1522005
1521953
1522105
1522088
1522171
1522191
1522339
1522442
1522497
1522583
1522801
1522887
1522972
1522970
1523004
1523052
1523080
1523040
1523111
1523079
1523062
1523085
1523176
1523235
1523267
1523393
1523370
1523542
1523521
1523635
1523719
1523894
1523865
1524044
1524074
1524296
1524452
1524495
1524643
1524709
1524898
1524894
1525095
1525077
1524976
1524680
1524294
1523800
1523327
1522994
1522753
1522567
1522300
1522233
1522135
1522043
1521954
1522088
1522081
1522197
1522095
1522222
1522309
1522369
1522483
1522561
1522742
1522833
1522865
1523009
1523053
1523040
1523129
1522992
1523130
1523128
1523102
1523041
1523124
1523162
1523252
1523353
1523453
1523407
1523578
1523540
1523710
1523823
1523923
1523979
1523977
1524153
1524349
1524437
1524504
1524681
1524900
1524897
1524983
1525041
1525084
1524930
1524553
1524061
1523641
1523281
1522864
1522639
1522393
1522145
1522085
1521964
1521993
1521968
1521953
1522028
1522012
1522144
1522181
1522209
1522235
1522308
1522521
1522643
1522703
1522804
1522854
1522958
1522947
1522960
1522959
1523015
1522943
1522878
1522990
1522984
1523055
1523127
1523151
1523224
1523337
1523400
1523415
1523605
1523575
1523610
1523770
1524026
1524053
1524095
1524366
1524438
1524510
1524604
1524663
1524698
1524800
1524537
1524205
1523799
1523351
1523002
1522646
1522324
1522220
1521843
1521732
1521743
1521676
1521661
1521725
1521633
1521561
1521695
1521744
1521811
1521884
1521903
1522064
1522206
1522350
1522328
1522386
1522499
1522525
1522527
1522503
1522547
1522482
1522399
1522566
1522573
1522623
1522658
1522704
1522757
1522873
1522860
1522904
1523049
1523108
1523158
1523215
1523351
1523316
1523570
1523680
1523810
1523948
1524024
1524146
1524126
1524183
1523934
1523557
1523079
1522856
1522396
1521952
1521671
1521417
1521291
1521140
1520952
1520868
1520981
1520891
1520814
1520818
1520794
1520790
1520838
1520971
1520975
1521102
1521228
1521249
1521300
1521411
1521480
1521465
1521493
1521539
1521522
1521504
1521637
1521537
1521683
1521690
1521779
1521786
1521845
1521929
1522045
1522020
1522196
1522191
1522322
1522424
1522506
1522596
1522657
1522839
1523062
1523078
1523134
1523214
1523226
1523225
1522936
1522539
1522127
1521805
1521412
1521068
1520847
1520630
1520423
1520269
1520192
1520194
1520137
1520151
1520096
1520093
1520151
1520096
1520296
1520264
1520239
1520408
1520607
1520672
1520778
1520756
1520904
1520792
1520892
1520900
1520824
1520830
1520882
1520808
1520861
1520940
1520986
1521102
1521099
1521149
1521245
1521363
1521358
1521415
1521577
1521591
1521723
1521881
1521941
1522094
1522222
1522242
1522288
1522213
1521982
1521645
1521336
1520979
1520573
1520178
1519850
1519623
1519321
1519228
1519101
1519024
1518967
1518966
1518897
1518889
1518878
1518969
1518937
1519024
1518998
1519158
1519250
1519286
1519422
1519477
1519561
1519582
1519650
1519563
1519617
1519570
1519614
1519626
1519568
1519577
1519735
1519751
1519749
1519868
1519900
1519960
1520006
1520126
1520168
1520258
1520236
1520419
1520573
1520654
1520726
1520884
1520871
1520929
1520785
1520616
1520278
1519950
1519526
1519165
1518761
1518439
1518122
1517907
1517725
1517664
1517630
1517513
1517528
1517446
1517460
1517233
1517304
1517359
1517394
1517348
1517488
1517458
1517648
1517692
1517717
1517805
1517813
1517850
1517941
1517855
1517811
1517885
1517858
1517900
1518002
1517999
1518016
1518088
1518109
1518207
1518193
1518219
1518348
1518409
1518486
1518577
1518747
1518756
1518986
1519011
1519114
1519195
1519288
1519340
1519309
1519123
1518833
1518525
1518129
1517682
1517368
1517034
1516781
1516616
1516442
1516391
1516144
1516227
1516028
1516002
1515979
1515914
1515826
1515958
1515945
1515986
1516021
1516187
1516333
1516408
1516501
1516560
1516584
1516627
1516718
1516652
1516677
1516649
1516678
1516598
1516674
1516712
1516844
1516826
1516842
1516993
1517078
1517145
1517135
1517233
1517353
1517406
1517457
1517576
1517658
1517807
1517898
1518005
1518102
1518043
1517996
1517746
1517481
1517098
1516784
1516338
1515986
1515690
1515473
1515296
1515081
1515061
1515041
1514862
1514827
1514810
1514872
1514851
1514747
1514796
1514903
1514870
1515011
1515097
1515214
1515331
1515333
1515427
1515426
1515417
1515468
1515407
1515488
1515482
1515517
1515513
1515500
1515611
1515639
1515720
1515755
1515871
1515987
1516012
1516070
1516141
1516182
1516350
1516391
1516533
1516597
1516788
1516926
1516939
1517006
1517158
1516995
1516820
1516651
1516263
1515823
1515551
1515204
1514842
1514588
1514452
1514253
1514181
1514097
1513940
1513949
1513844
1513821
1513732
1513749
1513720
1513762
1513840
1513897
1513994
1514087
1514202
1514281
1514434
1514398
1514337
1514469
1514497
1514504
1514429
1514514
1514472
1514606
1514557
1514645
1514677
1514677
1514850
1514887
1514973
1514949
1515067
1515145
1515179
1515291
1515331
1515449
1515554
1515711
1515853
1515918
1516034
1516096
1516193
1516197
1515989
1515688
1515388
1515070
1514681
1514292
1514106
1513907
1513699
1513543
1513461
1513335
1513302
1513158
1513145
1513085
1513002
1513014
1512929
1513106
1513097
1513200
1513255
1513324
1513488
1513482
1513612
1513718
1513683
1513765
1513723
1513776
1513689
1513781
1513846
1513833
1513838
1513960
1513929
1514030
1514196
1514251
1514195
1514285
1514366
1514450
1514544
1514604
1514720
1514778
1514859
1515049
1515124
1515230
1515382
1515476
1515532
1515636
1515617
1515692
1515420
1515074
1514854
1514549
1514130
1513831
1513559
1513336
1513148
1513079
1512958
1512823
1512820
1512736
1512758
1512649
1512684
1512598
1512661
1512733
1512791
1512821
1512968
1513029
1513189
1513200
1513279
1513303
1513392
1513434
1513458
1513472
1513451
1513414
1513516
1513539
1513547
1513593
1513671
1513826
1513799
1513921
1513975
1514003
1514119
1514177
1514287
1514334
1514493
1514517
1514598
1514729
1514870
1514990
1515050
1515218
1515224
1515305
1515300
1515282
1515039
1514796
1514525
1514189
1513944
1513565
1513331
1513158
1513017
1513051
1512880
1512839
1512881
1512824
1512723
1512745
1512695
1512733
1512893
1512843
1512838
1512966
1513053
1513220
1513207
1513342
1513417
1513470
1513476
1513525
1513431
1513587
1513475
1513680
1513616
1513710
1513690
1513798
1513845
1513887
1514019
1513957
1514166
1514242
1514244
1514369
1514519
1514548
1514684
1514759
1514874
1515077
1515157
1515288
1515317
1515395
1515488
1515555
1515463
1515384
1515151
1514887
1514524
1514227
1513932
1513782
1513565
1513381
1513391
1513251
1513300
1513249
1513192
1513167
1513197
1513223
1513198
1513267
1513444
1513403
1513525
1513672
1513793
1513855
1513934
1513970
1513978
1514002
1514096
1514068
1514087
1514158
1514144
1514174
1514224
1514353
1514488
1514504
1514562
1514587
1514652
1514725
1514902
1514884
1515120
1515108
1515252
1515246
1515446
1515513
1515683
1515773
1515897
1516064
1516068
1516138
1516118
1516127
1515881
1515681
1515446
1515156
1514867
1514636
1514427
1514350
1514169
1514108
1514102
1514077
1514119
1514060
1514066
1514120
1514127
1514264
1514233
1514409
1514417
1514514
1514578
1514750
1514835
1514856
1514844
1514893
1514921
1515054
1515066
1515180
1515108
1515190
1515260
1515351
1515425
1515426
1515507
1515602
1515616
1515763
1515873
1515876
1515980
1516027
1516180
1516198
1516324
1516433
1516552
1516721
1516857
1516922
1516952
1517000
1517013
1516918
1516738
1516488
1516256
1515995
1515749
1515493
1515333
1515268
1515111
1515191
1515143
1515239
1515183
1515181
1515270
1515352
1515398
1515519
1515603
1515760
1515891
1515979
1516207
1516254
1516310
1516405
1516332
1516430
1516357
1516448
1516453
1516475
1516519
1516476
1516621
1516691
1516756
1516737
1516880
1516959
1516969
1517119
1517129
1517159
1517313
1517525
1517568
1517719
1517819
1517904
1518037
1518077
1518184
1518333
1518314
1518185
1517919
1517698
1517379
1517208
1516881
1516718
1516542
1516488
1516335
1516302
1516368
1516313
1516294
1516367
1516468
1516476
1516602
1516593
1516628
1516814
1516969
1517062
1517133
1517288
1517328
1517304
1517382
1517318
1517455
1517320
1517418
1517431
1517495
1517466
1517555
1517548
1517672
1517651
1517658
1517803
1517905
1518039
1518060
1518185
1518264
1518360
1518382
1518625
1518698
1518800
1518790
1518859
1518958
1518908
1518692
1518451
1518191
1517892
1517554
1517217
1516959
1516744
1516653
1516540
1516438
1516371
1516361
1516300
1516252
1516323
1516295
1516377
1516405
1516491
1516497
1516601
1516756
1516743
1516840
1516874
1517019
1516942
1517064
1516977
1516973
1516972
1517118
1517064
1517123
1517147
1517167
1517266
1517257
1517335
1517445
1517389
1517515
1517567
1517567
1517645
1517789
1517938
1518006
1518131
1518240
1518308
1518397
1518352
1518401
1518348
1518079
1517867
1517542
1517184
1516895
1516554
1516338
1516222
1516080
1515917
1515899
1515777
1515817
1515731
1515756
1515698
1515741
1515734
1515734
1515787
1515796
1515879
1516022
1516045
1516132
1516222
1516303
1516369
1516338
1516434
1516388
1516437
1516530
1516439
1516514
1516540
1516590
1516648
1516660
1516779
1516776
1516827
1516934
1517028
1517043
1517208
1517322
1517367
1517423
1517600
1517623
1517718
1517774
1517929
1517838
1517765
1517575
1517289
1516967
1516748
1516302
1515968
1515757
1515580
1515466
1515336
1515241
1515152
1515267
1515207
1515154
1515117
1515125
1515153
1515207
1515182
1515256
1515341
1515359
1515507
1515585
1515638
1515721
1515736
1515768
1515824
1515799
1515852
1515874
1515762
1515858
1516000
1516043
1516057
1516019
1516091
1516173
1516319
1516330
1516531
1516506
1516589
1516775
1516818
1516870
1517017
1517065
1517248
1517269
1517332
1517363
1517317
1517235
1516924
1516676
1516337
1515900
1515555
1515294
1515143
1514922
1514745
1514665
1514620
1514584
1514600
1514460
1514442
1514385
1514470
1514478
1514484
1514539
1514649
1514653
1514788
1514847
1514949
1514901
1514969
1514883
1514998
1514939
1514996
1514979
1514968
1515055
1515005
1515148
1515252
1515203
1515361
1515364
1515401
1515442
1515523
1515589
1515726
1515684
1515833
1515952
1516018
1516264
1516300
1516298
1516392
1516397
1516401
1516353
1516081
1515890
1515534
1515195
1514907
1514615
1514422
1514287
1514227
1514076
1513993
1514019
1513945
1513926
1513900
1513995
1514075
1514096
1514191
1514174
1514269
1514404
1514462
1514632
1514560
1514671
1514664
1514666
1514547
1514638
1514620
1514552
1514668
1514637
1514724
1514777
1514767
1514819
1514868
1514944
1515088
1515156
1515089
1515256
1515275
1515408
1515502
1515643
1515761
1515797
1515882
1515911
1515936
1515849
1515768
1515447
1515123
1514807
1514538
1514090
1513942
1513775
1513541
1513534
1513435
1513368
1513374
1513295
1513265
1513263
1513314
1513362
1513382
1513434
1513563
1513663
1513687
1513761
1513831
1513848
1513855
1513830
1513899
1513815
1513865
1513855
1513817
1513862
1513891
1513960
1513924
1514013
1514031
1514135
1514200
1514204
1514276
1514374
1514444
1514410
1514537
1514597
1514769
1514872
1514966
1515008
1515124
1515113
1515122
1515014
1514767
1514530
1514169
1513789
1513413
1513111
1512760
1512540
1512422
1512223
1512168
1512024
1511883
1511883
1511792
1511701
1511687
1511690
1511686
1511704
1511760
1511899
1511833
1511945
1511976
1512105
1512019
1512142
1512135
1512098
1512145
1512148
1512066
1512088
1512176
1512095
1512107
1512244
1512238
1512232
1512333
1512346
1512482
1512441
1512586
1512648
1512657
1512772
1512827
1512955
1512963
1513158
1513203
1513243
1513425
1513319
1513322
1513188
1512934
1512680
1512259
1511959
1511636
1511335
1511063
1510835
1510756
1510609
1510384
1510403
1510295
1510252
1510206
1510120
1510091
1510144
1510153
1510190
1510206
1510332
1510453
1510472
1510531
1510579
1510674
1510534
1510468
1510577
1510586
1510619
1510640
1510575
1510621
1510687
1510759
1510823
1510762
1510894
1510968
1511005
1511021
1511150
1511181
1511160
1511313
1511397
1511468
1511545
1511610
1511833
1511932
1511937
1512188
1512077
1512117
1512143
1511954
1511676
1511360
1511035
1510667
1510409
1510048
1509782
1509655
1509500
1509425
1509318
1509330
1509225
1509172
1509144
1509079
1509118
1509089
1509242
1509236
1509240
1509361
1509450
1509538
1509557
1509636
1509551
1509616
1509684
1509677
1509629
1509670
1509651
1509678
1509701
1509680
1509746
1509843
1509875
1509940
1510101
1510088
1510152
1510214
1510260
1510390
1510383
1510532
1510574
1510720
1510787
1510886
1511032
1511141
1511245
1511331
1511338
1511347
1511372
1511146
1510879
1510664
1510254
1509909
1509625
1509389
1509174
1508962
1508893
1508793
1508666
1508601
1508702
1508626
1508558
1508518
1508597
1508626
1508720
1508781
1508933
1508925
1508966
1509073
1509179
1509202
1509157
1509225
1509165
1509153
1509181
1509182
1509164
1509239
1509282
1509297
1509376
1509445
1509406
1509527
1509676
1509643
1509758
1509839
1509926
1509982
1510181
1510130
1510198
1510361
1510478
1510465
1510659
1510767
1510731
1510828
1511012
1510991
1510934
1510839
1510560
1510256
1510020
1509666
1509366
1509017
1508904
1508742
1508602
1508565
1508470
1508531
1508475
1508401
1508386
1508454
1508429
1508527
1508569
1508626
1508758
1508803
1508878
1508852
1508973
1509018
1509047
1509073
1509030
1509028
1509089
1509030
1509131
1509163
1509203
1509247
1509320
1509404
1509410
1509452
1509655
1509635
1509717
1509781
1509870
1510027
1510014
1510096
1510185
1510282
1510410
1510519
1510616
1510707
1510801
1510869
1510878
1510923
1510769
1510563
1510235
1509950
1509671
1509375
1509121
1508936
1508804
1508729
1508621
1508649
1508572
1508533
1508472
1508518
1508571
1508608
1508742
1508716
1508790
1508911
1509021
1509061
1509065
1509060
1509140
1509223
1509253
1509200
1509311
1509207
1509323
1509345
1509386
1509410
1509452
1509618
1509523
1509624
1509706
1509747
1509876
1509868
1510094
1510129
1510207
1510294
1510382
1510450
1510582
1510641
1510692
1510775
1510859
1510982
1510990
1511024
1510854
1510696
1510375
1510223
1509727
1509513
1509284
1509025
1508974
1508763
1508774
1508672
1508738
1508711
1508688
1508654
1508733
1508828
1508880
1508916
1508959
1509053
1509188
1509281
1509312
1509428
1509412
1509447
1509416
1509394
1509425
1509489
1509478
1509501
1509626
1509607
1509692
1509856
1509855
1509909
1509964
1510114
1510152
1510146
1510260
1510376
1510411
1510521
1510579
1510792
1510803
1510895
1511050
1511214
1511202
1511278
1511207
1511205
1511006
1510713
1510437
1510163
1509899
1509613
1509350
1509279
1509252
1509056
1509100
1509093
1509004
1509092
1509096
1509195
1509216
1509282
1509346
1509468
1509486
1509692
1509776
1509850
1509863
1509918
1510013
1509954
1509908
1510025
1509935
1509923
1509971
1510132
1510097
1510197
1510325
1510326
1510509
1510569
1510725
1510823
1510932
1511027
1511120
1511258
1511355
1511418
1511624
1511781
1511822
1511923
1512027
1512088
1511967
1511871
1511684
1511458
1511186
1510947
1510720
1510561
1510370
1510294
1510143
1510185
1510141
1510135
1510172
1510342
1510366
1510517
1510534
1510625
1510747
1510815
1510904
1510986
1511063
1510974
1511135
1511111
1511189
1511084
1511177
1511151
1511205
1511223
1511279
1511305
1511349
1511429
1511514
1511593
1511698
1511707
1511801
1511841
1511944
1512007
1512109
1512209
1512290
1512418
1512507
1512668
1512751
1512793
1512824
1512882
1512871
1512659
1512378
1512153
1511796
1511331
1510997
1510685
1510519
1510305
1510222
1510127
1510053
1509989
1509925
1509980
1509897
1509891
1509918
1509913
1510024
1510027
1510030
1510093
1510271
1510313
1510339
1510416
1510378
1510410
1510457
1510406
1510440
1510423
1510366
1510491
1510557
1510555
1510556
1510638
1510615
1510716
1510754
1510810
1510897
1511055
1511059
1511083
1511220
1511252
1511368
1511490
1511524
1511618
1511767
1511815
1511841
1511733
1511454
1511320
1511051
1510601
1510334
1509996
1509734
1509623
1509362
1509273
1509157
1509140
1509095
1509008
1508945
1508946
1508933
1508938
1509056
1509003
1509015
1509139
1509187
1509292
1509362
1509377
1509371
1509401
1509394
1509381
1509347
1509411
1509427
1509382
1509410
1509560
1509549
1509567
1509670
1509688
1509749
1509755
1509889
1509919
1509935
1510051
1510147
1510193
1510411
1510428
1510530
1510578
1510698
1510860
1510736
1510838
1510729
1510549
1510246
1509990
1509673
1509233
1508876
1508708
1508438
1508323
1508171
1508117
1508043
1507986
1507936
1507816
1507822
1507684
1507694
1507725
1507799
1507843
1507917
1507967
1508005
1508095
1508135
1508123
1508078
1508132
1508023
1508052
1508042
1508009
1507998
1508011
1508156
1508173
1508153
1508202
1508322
1508392
1508365
1508438
1508607
1508567
1508723
1508721
1508754
1508790
1508936
1508942
1509104
1509179
1509291
1509269
1509290
1509292
1509103
1508947
1508663
1508247
1507781
1507538
1507145
1507091
1506748
1506613
1506544
1506411
1506343
1506206
1506180
1506090
1506120
1506089
1506061
1506134
1506129
1506295
1506382
1506396
1506448
1506512
1506456
1506422
1506280
1506274
1506320
1506299
1506295
1506329
1506304
1506408
1506357
1506399
1506443
1506527
1506571
1506645
1506711
1506740
1506814
1506869
1506903
1507000
1507047
1507200
1507238
1507366
1507398
1507449
1507508
1507554
1507619
1507492
1507374
1507193
1506964
1506551
1506139
1505787
1505542
1505274
1505032
1504809
1504695
1504552
1504463
1504324
1504284
1504222
1504059
1504081
1504074
1504195
1504187
1504236
1504298
1504382
1504470
1504520
1504506
1504400
1504378
1504414
1504313
1504361
1504353
1504330
1504289
1504327
1504434
1504487
1504398
1504459
1504609
1504638
1504680
1504801
1504781
1504921
1504866
1505028
1505133
1505144
1505158
1505295
1505456
1505432
1505588
1505605
1505749
1505752
1505758
1505647
1505554
1505242
1504944
1504461
1504149
1503770
1503565
1503311
1503187
1502918
1502791
1502664
1502585
1502600
1502460
1502342
1502312
1502332
1502387
1502465
1502441
1502541
1502644
1502721
1502715
1502725
1502744
1502678
1502702
1502726
1502587
1502608
1502642
1502614
1502662
1502676
1502775
1502851
1502806
1502863
1502919
1503079
1503147
1503204
1503231
1503336
1503419
1503454
1503527
1503532
1503714
1503718
1503875
1503891
1504091
1504088
1504243
1504274
1504343
1504382
1504345
1504211
1504030
1503804
1503487
1502996
1502530
1502240
1502014
1501890
1501701
1501535
1501410
1501357
1501249
1501103
1501064
1500929
1500924
1500937
1500918
1501045
1501104
1501118
1501328
1501234
1501384
1501423
1501394
1501304
1501243
1501204
1501248
1501143
1501213
1501148
1501197
1501212
1501284
1501342
1501407
1501482
1501369
1501526
1501676
1501752
1501798
1501871
1501901
1501948
1502103
1502196
1502197
1502294
1502368
1502548
1502502
1502579
1502769
1502812
1502972
1503021
1503002
1503061
1502954
1502852
1502489
1502112
1501769
1501423
1501173
1500965
1500725
1500599
1500428
1500362
1500252
1500223
1500086
1499900
1499899
1499770
1499887
1499940
1499895
1499947
1500085
1500110
1500269
1500234
1500235
1500284
1500236
1500172
1500139
1500103
1500203
1500199
1500114
1500115
1500145
1500201
1500222
1500268
1500370
1500505
1500595
1500680
1500717
1500804
1500901
1500982
1501051
1501107
1501239
1501283
1501354
1501507
1501499
1501591
1501674
1501700
1501900
1502047
1502026
1502203
1502250
1502242
1502272
1502156
1502074
1501851
1501402
1501130
1500769
1500531
1500265
1500133
1500075
1499853
1499819
1499692
1499613
1499539
1499557
1499390
1499328
1499296
1499430
1499449
1499537
1499455
1499607
1499761
1499771
1499815
1499816
1499872
1499625
1499828
1499842
1499813
1499785
1499827
1499841
1499905
1499914
1499959
1500102
1500157
1500257
1500324
1500404
1500544
1500578
1500597
1500766
1500854
1500858
1501021
1500978
1501077
1501264
1501348
1501375
1501488
1501535
1501622
1501766
1501863
1502005
1502065
1502157
1502232
1502176
1502133
1501891
1501579
1501251
1500976
1500675
1500455
1500288
1500163
1500004
1499975
1499917
1499866
1499823
1499713
1499713
1499524
1499562
1499576
1499583
1499670
1499728
1499795
1499822
1499978
1499951
1500091
1500057
1500136
1500147
1500037
1500079
1500142
1500086
1500160
1500176
1500272
1500253
1500384
1500394
1500516
1500556
1500615
1500775
1500777
1500891
1500949
1500979
1501192
1501239
1501250
1501385
1501428
1501499
1501670
1501778
1501794
1501891
1502046
1502060
1502187
1502272
1502324
1502455
1502557
1502517
1502375
1502243
1502059
1501749
1501443
1501042
1500868
1500677
1500575
1500524
1500323
1500316
1500156
1500187
1500083
1500044
1499933
1499855
1499922
1499958
1499984
1500199
1500208
1500265
1500411
1500469
1500552
1500523
1500634
1500593
1500602
1500598
1500554
1500645
1500606
1500738
1500728
1500860
1500984
1501088
1501143
1501283
1501343
1501458
1501402
1501554
1501567
1501688
1501722
1501929
1502014
1502065
1502166
1502341
1502457
1502518
1502607
1502728
1502839
1503002
1503108
1503249
1503376
1503433
1503542
1503609
1503577
1503467
1503295
1503128
1502830
1502595
1502349
1502238
1502199
1502026
1501969
1501905
1501856
1501976
1501853
1501922
1501857
1502036
1502141
1502243
1502273
1502334
1502445
1502523
1502537
1502625
1502610
1502589
1502556
1502434
1502410
1502451
1502430
1502399
1502419
1502443
1502517
1502576
1502626
1502732
1502829
1502932
1502984
1503101
1503212
1503254
1503397
1503396
1503529
1503644
1503556
1503652
1503745
1503842
1503831
1503914
1503955
1503982
1504009
1504149
1504188
1504349
1504411
1504507
1504545
1504592
1504685
1504537
1504378
1504066
1503867
1503459
1503235
1502997
1502826
1502749
1502595
1502446
1502410
1502305
1502202
1502095
1502003
1501874
1501791
1501633
1501656
1501572
1501601
1501744
1501757
1501778
1501862
1501913
1501912
1501930
1501925
1501902
1501855
1501896
1501820
1501851
1501921
1501876
1501906
1501921
1501980
1501993
1502066
1502078
1502116
1502208
1502339
1502351
1502404
1502421
1502570
1502556
1502665
1502689
1502815
1502885
1502944
1503038
1503163
1503250
1503220
1503345
1503458
1503628
1503691
1503649
1503794
1503902
1503963
1503986
1503948
1503977
1503914
1503791
1503520
1503176
1502737
1502407
1502170
1501994
1501791
1501530
1501386
1501281
1501150
1501164
1500968
1500703
1500606
1500526
1500321
1500295
1500139
1500092
1499980
1499971
1499790
1499763
1499635
1499552
1499429
1499408
1499361
1499406
1499346
1499316
1499324
1499355
1499417
1499477
1499708
1499784
1499850
1500116
1500187
1500356
1500395
1500405
1500571
1500581
1500673
1500746
1500845
1500924
1500830
1500953
1501046
1501140
1501181
1501354
1501421
1501535
1501600
1501738
1501798
1502015
1502039
1502259
1502251
1502349
1502407
1502480
1502386
1502359
1502107
1501798
1501475
1501215
1501007
1500678
1500522
1500298
1500215
1500179
1500078
1500073
1500015
1499879
1499846
1499800
1499786
1499636
1499822
1499730
1499878
1499831
1500026
1500037
1500064
1499962
1500047
1500064
1499933
1499931
1499971
1500094
1500217
1500284
1500493
1500336
1500216
1500014
1500062
1500038
1500343
1500517
1500591
1500847
1501135
1501069
1500959
1501047
1501266
1501432
1501559
1501737
1501848
1501782
1501548
1501363
1501188
1501220
1501307
1501274
1501405
1501282
1501112
1500880
1500737
1500634
1500467
1500089
1499518
1499131
1498635
1498079
