1547457
1547609
1547667
1547739
1547847
1547828
1547870
1547869
1547905
1547961
1548034
1548124
1548167
1548257
1548375
1548517
1548652
1548789
1548966
1549116
1549226
1549474
1549675
1549838
1549997
1550242
1550422
1550680
1550747
1550942
1551070
1551431
1551501
1551665
1551927
1552116
1552255
1552524
1552716
1552882
1553030
1553202
1553304
1553392
1553190
1552637
1551990
1550982
1550096
1549154
1548336
1547748
1547258
1546976
1546788
1546702
1546578
1546439
1546524
1546514
1546517
1546505
1546522
1546557
1546616
1546635
1546776
1546778
1546920
1547107
1547214
1547440
1547525
1547715
1547787
1547855
1547960
1547889
1547971
1548075
1548048
1548180
1548225
1548306
1548303
1548436
1548483
1548571
1548734
1548789
1548903
1549175
1549298
1549424
1549691
1549792
1549987
1550231
1550451
1550587
1550732
1550932
1551093
1551334
1551551
1551782
1551915
1552077
1552286
1552553
1552615
1552832
1553111
1553218
1553414
1553608
1553898
1554107
1554229
1554356
1554447
1554136
1553740
1552969
1552093
1551046
1550115
1549375
1548655
1548108
1547807
1547555
1547580
1547420
1547244
1547255
1547382
1547325
1547312
1547408
1547437
1547526
1547640
1547730
1547791
1547944
1548075
1548316
1548419
1548669
1548716
1548901
1549023
1549080
1549191
1549252
1549303
1549335
1549339
1549410
1549454
1549518
1549583
1549736
1549833
1549989
1550115
1550175
1550442
1550564
1550733
1550891
1551207
1551399
1551613
1551850
1551949
1552160
1552399
1552582
1552773
1552949
1553154
1553351
1553477
1553676
1553944
1554080
1554300
1554498
1554666
1554802
1554973
1555019
1554835
1554416
1553676
1552828
1551904
1550965
1550180
1549467
1548886
1548598
1548270
1548188
1548153
1548050
1548001
1548045
1548084
1548090
1548158
1548157
1548225
1548402
1548432
1548670
1548621
1548893
1549106
1549261
1549485
1549536
1549696
1549769
1549964
1549891
1549987
1550014
1550035
1550008
1550049
1550128
1550207
1550351
1550399
1550475
1550691
1550811
1550918
1551203
1551313
1551475
1551715
1551913
1552130
1552295
1552480
1552643
1552915
1552980
1553253
1553375
1553586
1553783
1553909
1554133
1554337
1554527
1554749
1554857
1554995
1555175
1555166
1555101
1554625
1553960
1553042
1552104
1551141
1550240
1549577
1548937
1548585
1548373
1548169
1548086
1547909
1547990
1547973
1547901
1547999
1547897
1547985
1548061
1548128
1548181
1548250
1548423
1548491
1548722
1548912
1549043
1549119
1549311
1549416
1549421
1549567
1549560
1549606
1549558
1549596
1549704
1549768
1549839
1549921
1549941
1550020
1550123
1550251
1550385
1550488
1550635
1550854
1551021
1551203
1551403
1551626
1551886
1552032
1552169
1552342
1552521
1552696
1552809
1553036
1553186
1553363
1553625
1553773
1553979
1554162
1554300
1554476
1554540
1554472
1554263
1553612
1552786
1551813
1550849
1549990
1549203
1548626
1548125
1547881
1547606
1547497
1547327
1547323
1547262
1547234
1547300
1547277
1547245
1547302
1547299
1547401
1547491
1547539
1547605
1547776
1547898
1547979
1548118
1548395
1548411
1548438
1548654
1548585
1548664
1548667
1548716
1548759
1548755
1548930
1548927
1548968
1549037
1549119
1549277
1549414
1549562
1549738
1549870
1550049
1550224
1550417
1550501
1550821
1550902
1551098
1551314
1551552
1551735
1551957
1552171
1552348
1552475
1552730
1552773
1552998
1553246
1553424
1553618
1553791
1553959
1554218
1554300
1554494
1554556
1554471
1554203
1553665
1552809
1551874
1550782
1549863
1549062
1548429
1547975
1547650
1547465
1547302
1547237
1547221
1547119
1547054
1547075
1547098
1547197
1547131
1547259
1547304
1547382
1547424
1547643
1547725
1547874
1548045
1548201
1548391
1548467
1548530
1548656
1548755
1548767
1548844
1548825
1548888
1548883
1548947
1549011
1549117
1549084
1549311
1549446
1549620
1549674
1549915
1550044
1550211
1550435
1550557
1550775
1550950
1551128
1551345
1551545
1551752
1551967
1552083
1552334
1552489
1552767
1552905
1553103
1553331
1553477
1553635
1553809
1553877
1554109
1554297
1554557
1554723
1554900
1555049
1555088
1555114
1554842
1554273
1553483
1552484
1551465
1550559
1549646
1549007
1548334
1548118
1547826
1547657
1547588
1547524
1547476
1547528
1547511
1547462
1547443
1547523
1547564
1547622
1547656
1547789
1547905
1548124
1548277
1548451
1548660
1548716
1548802
1548913
1549050
1549058
1549124
1549221
1549219
1549188
1549252
1549227
1549396
1549512
1549599
1549653
1549677
1549799
1549960
1550086
1550277
1550483
1550687
1550846
1551087
1551196
1551442
1551570
1551771
1552001
1552208
1552436
1552601
1552844
1553011
1553147
1553401
1553581
1553650
1553894
1554061
1554216
1554331
1554601
1554754
1555006
1555056
1555251
1555371
1555375
1555172
1554658
1553893
1552867
1551799
1550877
1549973
1549207
1548699
1548311
1548041
1547929
1547772
1547734
1547684
1547760
1547760
1547730
1547769
1547815
1547886
1547946
1547986
1548034
1548170
1548367
1548538
1548699
1548875
1549010
1549087
1549279
1549300
1549470
1549447
1549447
1549468
1549419
1549464
1549611
1549596
1549700
1549848
1549969
1550048
1550123
1550218
1550393
1550589
1550723
1550948
1551072
1551303
1551481
1551680
1551902
1552046
1552233
1552352
1552648
1552777
1553087
1553171
1553490
1553660
1553762
1553908
1554152
1554270
1554513
1554641
1554949
1555002
1555158
1555255
1555370
1555415
1555152
1554676
1553742
1552934
1551921
1550887
1549983
1549316
1548811
1548434
1548120
1547967
1547819
1547821
1547781
1547751
1547866
1547848
1547906
1547882
1547972
1548112
1548195
1548291
1548400
1548549
1548761
1548899
1549092
1549229
1549349
1549594
1549574
1549759
1549835
1549762
1549814
1549927
1549958
1550112
1550052
1550203
1550281
1550436
1550606
1550648
1550839
1551089
1551223
1551412
1551567
1551811
1551990
1552176
1552392
1552575
1552813
1552997
1553204
1553429
1553598
1553762
1553969
1554196
1554341
1554559
1554697
1555003
1555121
1555349
1555527
1555667
1555803
1555887
1555702
1555298
1554562
1553599
1552695
1551681
1550851
1550214
1549476
1549100
1548852
1548690
1548572
1548539
1548480
1548558
1548541
1548567
1548576
1548700
1548780
1548930
1548964
1549091
1549283
1549399
1549669
1549815
1550032
1550230
1550385
1550563
1550561
1550709
1550527
1550720
1550746
1550765
1550719
1550843
1550866
1550974
1551088
1551269
1551255
1551434
1551659
1551780
1551964
1552099
1552282
1552562
1552673
1552878
1553095
1553214
1553506
1553665
1553804
1554011
1554279
1554387
1554573
1554829
1554944
1555113
1555350
1555434
1555494
1555239
1554909
1554224
1553191
1552291
1551380
1550472
1549759
1549210
1548828
1548535
1548390
1548302
1548142
1548229
1548176
1548100
1548149
1548203
1548186
1548292
1548308
1548432
1548419
1548617
1548854
1548907
1549080
1549273
1549449
1549631
1549728
1549837
1549896
1549889
1549912
1549876
1549879
1549887
1550069
1550087
1550240
1550266
1550408
1550468
1550613
1550738
1550885
1551027
1551237
1551405
1551517
1551620
1551839
1551988
1552227
1552328
1552545
1552641
1552808
1553021
1553255
1553427
1553610
1553716
1553924
1554034
1554038
1553784
1553324
1552582
1551647
1550596
1549744
1548941
1548306
1547713
1547319
1547152
1546982
1546960
1546856
1546821
1546719
1546649
1546717
1546643
1546650
1546755
1546773
1546780
1546898
1547049
1547184
1547311
1547456
1547626
1547786
1547839
1547972
1548029
1548085
1548116
1548115
1548192
1548164
1548232
1548256
1548330
1548420
1548486
1548602
1548824
1548874
1549047
1549179
1549224
1549443
1549610
1549832
1549988
1550212
1550320
1550515
1550716
1550914
1551204
1551326
1551472
1551594
1551834
1552054
1552316
1552430
1552761
1552748
1552888
1552879
1552629
1552118
1551231
1550333
1549316
1548427
1547716
1547114
1546642
1546335
1546134
1545988
1545930
1545860
1545818
1545754
1545680
1545712
1545737
1545816
1545828
1545939
1545978
1546067
1546120
1546373
1546486
1546594
1546797
1546895
1547016
1547098
1547192
1547304
1547310
1547302
1547350
1547450
1547578
1547566
1547634
1547612
1547759
1547810
1547953
1548121
1548177
1548368
1548594
1548745
1548861
1549126
1549221
1549518
1549588
1549846
1550041
1550225
1550463
1550561
1550825
1550967
1551197
1551308
1551481
1551756
1551874
1552135
1552289
1552496
1552663
1552797
1553002
1553032
1552827
1552442
1551733
1550910
1549891
1548866
1547929
1547252
1546669
1546186
1545982
1545720
1545708
1545551
1545484
1545514
1545487
1545537
1545436
1545477
1545636
1545603
1545589
1545746
1545897
1545975
1546207
1546345
1546444
1546597
1546719
1546811
1546894
1546960
1546963
1547081
1547037
1547127
1547062
1547167
1547339
1547327
1547396
1547541
1547604
1547735
1547872
1547986
1548131
1548336
1548471
1548665
1548875
1549099
1549282
1549479
1549602
1549713
1550014
1550159
1550411
1550488
1550741
1550914
1551073
1551188
1551477
1551701
1551827
1552047
1552249
1552317
1552439
1552492
1552324
1551844
1550982
1550077
1549044
1548172
1547311
1546671
1546171
1545776
1545598
1545361
1545277
1545292
1545197
1545142
1545097
1545118
1545098
1545107
1545202
1545274
1545328
1545421
1545481
1545671
1545843
1545982
1546135
1546283
1546503
1546521
1546659
1546738
1546778
1546800
1546862
1546858
1546932
1546988
1547093
1547147
1547229
1547351
1547465
1547548
1547776
1547925
1548104
1548219
1548567
1548655
1548852
1549071
1549288
1549580
1549677
1549825
1550099
1550247
1550576
1550726
1550810
1551043
1551255
1551459
1551675
1552009
1552171
1552290
1552500
1552565
1552558
1552374
1551895
1551077
1550139
1549204
1548277
1547509
1546820
1546265
1545977
1545849
1545683
1545628
1545586
1545498
1545483
1545596
1545589
1545579
1545636
1545674
1545784
1545863
1546019
1546134
1546424
1546602
1546720
1546872
1547061
1547051
1547269
1547370
1547391
1547472
1547464
1547513
1547626
1547684
1547723
1547699
1547943
1547935
1548119
1548270
1548390
1548561
1548709
1548857
1549076
1549324
1549509
1549647
1549816
1550032
1550154
1550474
1550544
1550755
1550910
1551165
1551239
1551500
1551727
1551863
1552091
1552258
1552533
1552512
1552509
1552252
1551818
1550998
1550118
1549237
1548372
1547454
1546821
1546293
1546014
1545771
1545624
1545543
1545462
1545475
1545418
1545437
1545414
1545451
1545391
1545478
1545572
1545538
1545757
1545783
1546018
1546147
1546331
1546532
1546682
1546664
1546857
1546980
1547087
1546981
1547022
1547017
1547089
1547076
1547149
1547161
1547240
1547371
1547430
1547542
1547700
1547840
1548002
1548115
1548189
1548475
1548576
1548850
1548886
1549078
1549265
1549431
1549591
1549689
1549842
1550033
1550200
1550454
1550628
1550881
1550994
1551005
1551165
1551030
1550725
1550001
1549223
1548239
1547283
1546450
1545692
1545218
1544817
1544537
1544359
1544145
1544158
1544081
1543985
1544043
1544002
1544013
1543996
1544083
1544077
1544213
1544287
1544372
1544512
1544576
1544729
1544939
1545112
1545167
1545215
1545319
1545323
1545456
1545464
1545591
1545470
1545512
1545524
1545566
1545742
1545747
1545876
1545943
1546001
1546177
1546281
1546487
1546597
1546781
1546861
1547150
1547267
1547458
1547549
1547762
1547992
1548101
1548282
1548461
1548725
1548825
1549138
1549320
1549467
1549608
1549794
1549980
1550066
1549840
1549566
1548835
1547990
1546988
1546190
1545339
1544736
1544229
1543907
1543646
1543559
1543388
1543288
1543181
1543170
1543166
1543168
1543171
1543171
1543207
1543376
1543391
1543478
1543613
1543650
1543877
1543933
1544104
1544269
1544389
1544481
1544598
1544677
1544765
1544706
1544764
1544787
1544906
1544889
1544965
1545162
1545119
1545172
1545357
1545413
1545571
1545781
1545871
1546052
1546151
1546442
1546568
1546748
1546990
1547116
1547254
1547533
1547631
1547870
1548079
1548193
1548386
1548533
1548785
1549011
1549262
1549441
1549552
1549759
1549873
1549916
1549833
1549418
1548687
1547774
1546849
1545868
1545129
1544460
1543969
1543603
1543437
1543279
1543109
1543063
1542910
1542908
1542906
1542896
1542896
1542914
1542958
1542995
1543139
1543288
1543305
1543392
1543578
1543690
1543889
1543962
1544093
1544187
1544336
1544425
1544463
1544475
1544531
1544546
1544603
1544624
1544667
1544774
1544821
1544903
1544994
1545238
1545282
1545389
1545633
1545747
1546017
1546208
1546310
1546624
1546779
1546912
1547177
1547396
1547591
1547887
1548030
1548213
1548404
1548652
1548847
1549067
1549324
1549522
1549709
1549881
1550101
1550089
1549868
1549401
1548596
1547679
1546771
1545827
1545030
1544546
1544101
1543765
1543548
1543461
1543412
1543362
1543347
1543426
1543404
1543472
1543438
1543497
1543629
1543622
1543661
1543759
1543967
1544120
1544260
1544463
1544662
1544759
1544887
1545058
1545074
1545109
1545208
1545197
1545185
1545280
1545333
1545411
1545548
1545599
1545616
1545760
1545824
1546041
1546163
1546358
1546514
1546704
1546967
1547082
1547323
1547416
1547718
1547910
1548133
1548232
1548424
1548633
1548811
1549039
1549251
1549517
1549675
1549885
1550065
1550282
1550372
1550464
1550302
1549949
1549268
1548353
1547368
1546472
1545722
1544993
1544482
1544144
1543817
1543675
1543554
1543530
1543428
1543377
1543395
1543387
1543398
1543372
1543506
1543521
1543641
1543745
1543837
1543974
1544061
1544295
1544398
1544505
1544623
1544702
1544755
1544903
1544825
1544835
1544814
1544762
1544848
1544859
1544939
1545038
1545117
1545091
1545233
1545307
1545493
1545605
1545723
1545808
1546017
1546207
1546332
1546462
1546586
1546797
1546987
1547079
1547244
1547397
1547596
1547807
1547945
1548198
1548349
1548539
1548722
1548834
1548802
1548635
1548209
1547469
1546625
1545760
1544771
1543987
1543357
1543008
1542720
1542467
1542337
1542129
1542144
1542082
1542107
1542007
1542106
1542034
1542096
1542109
1542221
1542266
1542426
1542499
1542686
1542747
1543022
1543086
1543203
1543354
1543413
1543473
1543612
1543632
1543549
1543609
1543663
1543748
1543742
1543894
1543903
1543987
1544115
1544248
1544318
1544460
1544654
1544803
1544950
1545186
1545249
1545518
1545727
1545968
1546116
1546253
1546402
1546696
1546860
1546978
1547196
1547356
1547552
1547878
1548111
1548280
1548535
1548574
1548770
1548809
1548481
1548109
1547257
1546372
1545432
1544547
1543721
1543109
1542704
1542402
1542150
1541980
1541947
1541864
1541823
1541829
1541821
1541843
1541760
1541853
1541828
1541979
1542038
1542257
1542337
1542514
1542589
1542848
1542931
1543106
1543207
1543263
1543337
1543395
1543439
1543518
1543488
1543478
1543501
1543627
1543651
1543785
1543848
1544037
1544094
1544239
1544427
1544566
1544735
1544933
1545093
1545295
1545459
1545745
1545902
1546106
1546293
1546464
1546639
1546766
1546979
1547154
1547421
1547631
1547857
1548009
1548280
1548318
1548593
1548599
1548634
1548331
1547769
1547011
1546004
1545052
1544144
1543425
1542822
1542396
1542177
1542055
1541916
1541782
1541763
1541715
1541639
1541738
1541767
1541715
1541752
1541820
1541983
1542007
1542121
1542186
1542338
1542478
1542733
1542800
1542912
1543078
1543232
1543292
1543276
1543360
1543410
1543407
1543420
1543492
1543570
1543686
1543706
1543771
1543919
1544068
1544214
1544361
1544525
1544737
1544897
1545161
1545380
1545563
1545849
1546025
1546155
1546432
1546649
1546888
1547071
1547309
1547450
1547751
1547913
1548167
1548429
1548654
1548836
1549054
1549233
1549404
1549409
1549255
1548783
1548057
1547071
1546105
1545184
1544347
1543676
1543203
1542948
1542624
1542618
1542508
1542428
1542438
1542441
1542498
1542431
1542520
1542547
1542598
1542772
1542758
1542947
1543067
1543203
1543375
1543574
1543814
1543848
1544059
1544173
1544178
1544322
1544348
1544318
1544344
1544434
1544463
1544508
1544632
1544625
1544846
1544952
1545032
1545206
1545354
1545504
1545607
1545933
1546138
1546261
1546481
1546629
1546881
1547062
1547240
1547376
1547630
1547845
1548045
1548175
1548392
1548635
1548769
1548967
1549224
1549317
1549535
1549458
1549296
1548710
1547931
1547066
1546098
1545119
1544388
1543713
1543193
1542935
1542720
1542568
1542431
1542415
1542407
1542410
1542442
1542438
1542419
1542602
1542565
1542665
1542701
1542839
1542988
1543123
1543338
1543484
1543668
1543754
1543905
1543971
1544013
1544053
1544054
1544110
1544093
1544122
1544102
1544130
1544230
1544343
1544432
1544551
1544630
1544709
1544814
1544994
1545143
1545356
1545447
1545608
1545945
1545990
1546172
1546397
1546538
1546677
1546837
1547053
1547234
1547374
1547621
1547735
1548000
1548031
1548203
1548235
1548129
1547699
1546956
1546100
1545079
1544178
1543435
1542645
1542209
1541781
1541481
1541406
1541289
1541195
1541193
1541084
1541096
1541051
1541033
1541137
1541105
1541160
1541295
1541328
1541423
1541625
1541711
1541869
1542061
1542137
1542233
1542291
1542383
1542388
1542543
1542580
1542584
1542566
1542649
1542700
1542733
1542787
1543000
1542964
1543132
1543226
1543409
1543532
1543665
1543843
1543979
1544217
1544397
1544598
1544714
1544968
1545064
1545293
1545426
1545597
1545927
1545972
1546194
1546479
1546629
1546921
1547082
1547195
1547285
1547297
1546950
1546465
1545548
1544671
1543614
1542814
1542002
1541585
1541147
1540919
1540654
1540625
1540495
1540451
1540413
1540343
1540435
1540409
1540456
1540516
1540571
1540553
1540692
1540787
1540955
1541092
1541200
1541409
1541457
1541645
1541715
1541884
1541901
1541959
1541927
1542034
1542090
1542070
1542127
1542204
1542262
1542393
1542417
1542514
1542715
1542827
1543082
1543093
1543323
1543434
1543618
1543824
1544016
1544214
1544386
1544524
1544792
1544876
1545133
1545341
1545478
1545637
1545844
1546055
1546276
1546467
1546646
1546921
1547099
1547185
1547299
1547233
1546778
1546136
1545282
1544283
1543268
1542459
1541749
1541254
1541026
1540696
1540490
1540452
1540385
1540344
1540269
1540276
1540377
1540362
1540324
1540417
1540534
1540584
1540658
1540755
1540946
1541072
1541312
1541419
1541624
1541768
1541911
1541995
1542213
1542141
1542195
1542206
1542338
1542427
1542418
1542562
1542649
1542684
1542867
1543062
1543121
1543246
1543493
1543687
1543923
1544098
1544238
1544446
1544752
1544863
1545173
1545254
1545580
1545756
1546023
1546217
1546397
1546540
1546860
1546982
1547279
1547461
1547722
1547902
1548079
1548219
1548376
1548388
1548051
1547519
1546584
1545657
1544682
1543689
1542977
1542358
1541961
1541605
1541470
1541356
1541342
1541330
1541256
1541309
1541199
1541299
1541334
1541357
1541478
1541553
1541618
1541797
1541953
1542227
1542330
1542497
1542725
1542845
1542913
1543044
1543124
1543131
1543152
1543161
1543198
1543285
1543310
1543379
1543449
1543579
1543688
1543760
1543900
1544120
1544291
1544392
1544640
1544796
1544972
1545164
1545453
1545635
1545763
1545960
1546218
1546434
1546644
1546771
1546951
1547271
1547445
1547660
1547914
1548060
1548221
1548302
1548447
1548306
1547891
1547194
1546279
1545263
1544317
1543409
1542726
1542246
1541878
1541546
1541362
1541223
1541172
1541126
1541107
1541127
1541102
1541018
1541096
1541140
1541215
1541303
1541435
1541582
1541731
1541878
1542023
1542248
1542287
1542421
1542573
1542609
1542676
1542644
1542693
1542762
1542743
1542689
1542807
1542879
1542992
1543055
1543146
1543263
1543445
1543543
1543760
1543923
1544045
1544306
1544367
1544681
1544764
1544872
1545084
1545216
1545503
1545664
1545848
1546022
1546221
1546398
1546630
1546754
1546953
1547153
1547279
1547282
1547111
1546751
1545864
1545029
1543939
1543101
1542274
1541550
1541160
1540727
1540489
1540352
1540254
1540144
1540151
1540085
1540107
1540115
1540153
1540062
1540126
1540231
1540302
1540415
1540457
1540513
1540809
1540873
1541148
1541270
1541406
1541434
1541412
1541495
1541505
1541491
1541593
1541564
1541558
1541716
1541718
1541799
1541853
1542052
1542099
1542290
1542355
1542488
1542656
1542775
1543032
1543222
1543457
1543598
1543705
1543922
1544128
1544326
1544468
1544614
1544944
1545070
1545226
1545448
1545575
1545927
1546111
1546319
1546485
1546607
1546734
1546801
1546492
1546002
1545113
1544139
1543189
1542274
1541488
1540861
1540475
1540167
1539979
1539801
1539720
1539670
1539660
1539611
1539614
1539700
1539592
1539716
1539735
1539837
1539889
1539942
1540154
1540332
1540447
1540607
1540736
1540901
1540961
1541119
1541165
1541255
1541250
1541448
1541325
1541251
1541338
1541427
1541530
1541548
1541618
1541729
1541977
1541999
1542151
1542340
1542465
1542624
1542834
1542985
1543219
1543315
1543541
1543716
1543936
1544061
1544305
1544524
1544754
1544896
1545130
1545331
1545507
1545689
1545913
1546058
1546308
1546472
1546707
1546641
1546540
1546286
1545609
1544676
1543679
1542677
1541844
1541107
1540534
1540206
1539953
1539686
1539715
1539545
1539584
1539474
1539523
1539475
1539620
1539608
1539690
1539827
1539878
1539990
1540178
1540313
1540429
1540623
1540701
1540957
1541062
1541235
1541291
1541378
1541427
1541475
1541483
1541603
1541672
1541743
1541832
1541873
1541980
1542063
1542216
1542413
1542520
1542571
1542868
1543087
1543287
1543484
1543698
1543934
1544114
1544382
1544509
1544745
1544996
1545185
1545482
1545642
1545797
1546069
1546246
1546432
1546669
1546861
1547056
1547253
1547466
1547704
1547808
1547698
1547417
1546754
1546004
1545047
1543932
1542945
1542294
1541646
1541196
1540998
1540764
1540650
1540607
1540514
1540608
1540518
1540636
1540670
1540707
1540768
1540855
1540995
1541037
1541125
1541421
1541633
1541702
1541923
1542134
1542273
1542313
1542488
1542546
1542578
1542656
1542649
1542665
1542618
1542731
1542738
1542929
1543024
1543093
1543188
1543373
1543517
1543718
1543844
1544077
1544250
1544444
1544662
1544816
1545037
1545269
1545486
1545676
1545884
1546044
1546241
1546426
1546594
1546849
1547053
1547185
1547413
1547700
1547873
1547892
1548143
1548082
1547916
1547250
1546345
1545425
1544363
1543319
1542690
1541947
1541481
1541129
1540973
1540841
1540725
1540622
1540591
1540530
1540642
1540627
1540584
1540620
1540766
1540820
1540850
1540994
1541159
1541259
1541488
1541658
1541765
1541868
1541954
1541992
1542102
1542152
1542191
1542077
1542071
1542229
1542248
1542262
1542297
1542292
1542422
1542564
1542591
1542725
1542803
1543018
1543160
1543335
1543491
1543594
1543759
1543943
1544100
1544256
1544546
1544620
1544758
1544920
1545091
1545238
1545507
1545728
1545913
1546105
1546162
1546296
1546374
1546192
1545852
1545183
1544181
1543109
1542258
1541424
1540745
1540266
1539909
1539692
1539569
1539415
1539361
1539313
1539269
1539325
1539298
1539299
1539346
1539333
1539482
1539538
1539634
1539756
1539949
1540043
1540271
1540455
1540566
1540656
1540751
1540785
1540924
1540894
1540949
1540996
1541054
1541044
1541069
1541159
1541262
1541397
1541479
1541554
1541743
1541844
1542028
1542210
1542314
1542558
1542844
1542887
1543131
1543399
1543529
1543703
1543935
1544122
1544247
1544519
1544753
1544788
1545030
1545247
1545371
1545683
1545891
1546092
1546269
1546490
1546633
1546737
1546592
1546136
1545478
1544529
1543514
1542593
1541577
1540905
1540373
1539998
1539870
1539632
1539545
1539491
1539418
1539394
1539350
1539440
1539417
1539475
1539460
1539549
1539548
1539642
1539859
1540013
1540166
1540332
1540445
1540523
1540650
1540804
1540883
1541053
1541058
1541022
1541115
1541112
1541135
1541165
1541213
1541322
1541391
1541482
1541649
1541794
1541898
1542015
1542136
1542374
1542567
1542777
1542963
1543111
1543341
1543538
1543731
1543905
1544019
1544299
1544518
1544740
1544973
1545086
1545297
1545514
1545689
1545878
1545975
1546206
1546387
1546576
1546827
1547010
1547148
1547362
1547469
1547508
1547402
1546927
1546133
1545095
1543983
1542927
1542070
1541257
1540773
1540390
1540106
1539928
1539884
1539874
1539792
1539891
1539833
1539833
1539866
1540040
1540001
1540154
1540210
1540286
1540471
1540695
1540856
1541073
1541150
1541338
1541470
1541628
1541719
1541747
1541880
1541945
1542007
1541971
1541976
1542119
1542116
1542237
1542359
1542451
1542623
1542726
1542926
1543107
1543265
1543432
1543726
1543845
1544087
1544287
1544501
1544626
1544898
1545136
1545362
1545560
1545816
1545942
1546237
1546455
1546583
1546713
1547013
1547231
1547378
1547587
1547853
1548035
1548192
1548346
1548542
1548655
1548646
1548544
1548071
1547293
1546261
1545182
1544094
1543284
1542457
1541895
1541499
1541392
1541165
1541045
1541088
1541040
1541116
1541057
1541057
1541157
1541184
1541289
1541399
1541593
1541650
1541786
1542012
1542185
1542328
1542600
1542664
1542774
1542958
1543019
1543057
1543099
1543195
1543189
1543213
1543262
1543363
1543436
1543456
1543670
1543802
1543850
1544040
1544162
1544345
1544497
1544677
1544878
1545134
1545301
1545481
1545722
1545927
1546097
1546354
1546504
1546692
1546811
1547032
1547122
1547425
1547637
1547764
1548095
1548130
1548419
1548620
1548717
1548849
1548842
1548652
1548131
1547360
1546369
1545376
1544351
1543526
1542666
1542133
1541684
1541401
1541178
1541136
1541068
1541122
1541018
1541055
1541048
1541088
1541115
1541242
1541326
1541359
1541419
1541557
1541862
1541922
1542118
1542288
1542431
1542602
1542711
1542708
1542818
1542866
1542893
1542916
1542924
1542954
1542991
1542988
1543155
1543199
1543339
1543450
1543590
1543715
1543936
1543971
1544272
1544392
1544570
1544800
1544961
1545152
1545334
1545469
1545697
1545896
1546035
1546228
1546413
1546467
1546686
1546946
1547079
1547348
1547548
1547578
1547735
1547922
1547887
1547556
1546994
1546042
1545034
1544021
1543041
1542213
1541492
1541075
1540742
1540502
1540367
1540293
1540214
1540125
1540114
1540223
1540139
1540182
1540197
1540307
1540280
1540483
1540502
1540683
1540824
1540953
1541174
1541287
1541354
1541466
1541609
1541601
1541721
1541717
1541679
1541826
1541821
1541956
1541922
1542034
1542080
1542333
1542296
1542451
1542463
1542636
1542887
1543089
1543168
1543463
1543603
1543819
1543995
1544230
1544403
1544535
1544793
1544934
1545078
1545296
1545497
1545652
1545839
1546045
1546158
1546328
1546576
1546840
1547009
1547281
1547342
1547591
1547553
1547486
1547024
1546213
1545299
1544165
1543158
1542203
1541465
1540917
1540449
1540260
1540079
1539930
1539928
1539852
1539927
1539864
1539916
1539894
1540008
1540071
1540151
1540131
1540214
1540382
1540612
1540713
1540913
1541041
1541219
1541310
1541455
1541622
1541632
1541767
1541787
1541813
1541828
1541883
1541881
1541971
1542008
1542162
1542322
1542397
1542528
1542607
1542829
1543134
1543203
1543396
1543584
1543737
1544057
1544225
1544391
1544523
1544764
1544985
1545184
1545436
1545610
1545851
1546047
1546223
1546385
1546691
1546778
1546934
1547111
1547415
1547566
1547732
1547957
1548090
1548216
1548327
1548255
1547742
1547018
1546053
1544969
1543789
1542822
1542006
1541370
1540981
1540721
1540585
1540399
1540380
1540305
1540366
1540422
1540427
1540474
1540485
1540551
1540666
1540753
1540756
1540865
1541051
1541201
1541430
1541578
1541698
1541924
1542008
1542015
1542109
1542240
1542174
1542204
1542314
1542277
1542342
1542417
1542484
1542544
1542630
1542691
1542907
1543112
1543199
1543408
1543564
1543786
1543968
1544095
1544330
1544552
1544725
1544896
1545142
1545379
1545634
1545782
1545979
1546087
1546367
1546497
1546720
1546849
1547028
1547222
1547381
1547631
1547774
1548061
1548194
1548313
1548480
1548549
1548404
1548052
1547257
1546304
1545233
1544113
1543124
1542327
1541607
1541112
1540867
1540606
1540529
1540483
1540387
1540435
1540364
1540396
1540514
1540451
1540524
1540673
1540766
1540837
1540924
1541111
1541247
1541423
1541641
1541826
1541881
1542090
1542165
1542263
1542405
1542302
1542323
1542428
1542418
1542544
1542595
1542621
1542822
1542794
1542971
1543108
1543318
1543476
1543702
1543795
1544060
1544240
1544471
1544672
1544931
1545122
1545307
1545573
1545772
1546052
1546266
1546493
1546608
1546820
1547025
1547193
1547380
1547736
1547956
1548102
1548258
1548490
1548633
1548758
1548673
1548236
1547471
1546606
1545474
1544498
1543514
1542755
1542104
1541580
1541308
1541168
1540969
1540968
1541004
1540980
1541010
1540961
1541089
1541102
1541163
1541317
1541433
1541525
1541793
1541882
1542052
1542252
1542451
1542654
1542787
1542787
1542892
1542915
1543089
1543081
1543139
1543246
1543285
1543309
1543335
1543462
1543540
1543606
1543734
1543863
1543949
1544135
1544280
1544444
1544618
1544821
1545042
1545277
1545410
1545654
1545833
1545956
1546251
1546431
1546578
1546698
1546871
1547098
1547196
1547424
1547655
1547817
1547925
1548116
1548301
1548393
1548434
1548209
1547762
1546893
1545853
1544806
1543831
1542862
1542094
1541525
1541086
1540815
1540596
1540491
1540407
1540301
1540280
1540216
1540320
1540384
1540327
1540360
1540521
1540555
1540641
1540696
1540881
1541086
1541207
1541450
1541536
1541720
1541796
1541888
1542071
1542030
1542056
1542117
1542053
1542050
1542145
1542103
1542234
1542303
1542391
1542594
1542623
1542812
1543022
1543102
1543359
1543512
1543751
1543950
1544115
1544356
1544501
1544677
1544924
1545099
1545199
1545542
1545682
1545866
1546001
1546215
1546538
1546707
1546859
1547105
1547113
1547359
1547372
1547209
1546742
1545998
1545054
1543931
1543007
1541969
1541252
1540706
1540319
1539993
1539889
1539708
1539679
1539645
1539642
1539661
1539665
1539611
1539717
1539751
1539852
1539951
1539937
1540100
1540251
1540424
1540590
1540798
1540929
1540986
1541194
1541275
1541360
1541407
1541514
1541438
1541587
1541472
1541580
1541729
1541802
1541887
1541953
1541990
1542177
1542374
1542513
1542703
1542881
1543087
1543189
1543441
1543621
1543821
1544046
1544177
1544505
1544708
1544830
1545021
1545204
1545377
1545583
1545771
1545941
1546137
1546394
1546663
1546828
1547079
1547209
1547293
1547289
1547246
1546767
1546068
1545032
1543956
1542869
1541997
1541105
1540556
1540128
1539935
1539776
1539566
1539514
1539424
1539430
1539414
1539486
1539482
1539473
1539640
1539678
1539685
1539812
1539950
1540073
1540258
1540439
1540557
1540760
1540810
1541017
1541182
1541193
1541274
1541281
1541313
1541448
1541395
1541438
1541494
1541576
1541649
1541766
1541923
1542034
1542160
1542260
1542487
1542637
1542758
1543000
1543255
1543438
1543663
1543801
1544069
1544235
1544399
1544599
1544861
1544911
1545204
1545367
1545623
1545761
1546046
1546232
1546495
1546630
1546755
1546896
1546954
1546819
1546282
1545581
1544524
1543449
1542468
1541515
1540789
1540279
1539909
1539545
1539451
1539304
1539204
1539158
1539230
1539236
1539255
1539199
1539298
1539362
1539417
1539428
1539577
1539639
1539889
1540121
1540183
1540400
1540566
1540746
1540794
1540972
1541004
1541046
1541058
1541144
1541147
1541199
1541209
1541333
1541359
1541456
1541585
1541666
1541822
1541955
1542174
1542309
1542512
1542697
1542978
1543111
1543343
1543508
1543710
1543952
1544074
1544332
1544483
1544763
1544854
1545089
1545260
1545464
1545678
1545795
1546066
1546353
1546505
1546680
1546787
1546836
1546849
1546520
1546021
1545100
1544035
1542898
1541919
1541154
1540445
1539940
1539600
1539361
1539225
1539086
1539123
1539039
1538995
1539099
1539070
1539104
1539139
1539247
1539340
1539391
1539447
1539647
1539836
1539995
1540137
1540278
1540437
1540641
1540793
1540770
1540763
1540964
1540910
1540995
1541057
1541003
1541111
1541159
1541290
1541317
1541401
1541571
1541725
1541882
1541967
1542167
1542379
1542654
1542769
1542996
1543261
1543513
1543665
1543901
1544047
1544294
1544463
1544835
1544937
1545231
1545264
1545528
1545681
1545911
1546178
1546414
1546555
1546739
1546909
1547066
1547034
1546727
1546180
1545240
1544155
1543201
1542177
1541315
1540610
1540166
1539875
1539557
1539498
1539469
1539392
1539423
1539364
1539442
1539510
1539520
1539576
1539620
1539833
1539913
1540040
1540147
1540427
1540499
1540697
1540933
1541139
1541222
1541301
1541395
1541482
1541550
1541573
1541642
1541601
1541773
1541759
1541900
1541920
1542023
1542180
1542322
1542486
1542618
1542822
1543012
1543229
1543332
1543564
1543882
1544072
1544229
1544455
1544637
1544794
1545065
1545175
1545413
1545613
1545803
1546012
1546122
1546454
1546631
1546807
1547016
1547147
1547310
1547352
1547152
1546593
1545772
1544741
1543651
1542652
1541856
1541102
1540542
1540141
1539867
1539738
1539584
1539605
1539576
1539635
1539604
1539644
1539698
1539657
1539742
1539902
1539945
1539990
1540181
1540348
1540529
1540812
1540955
1541054
1541227
1541384
1541451
1541494
1541553
1541508
1541586
1541676
1541690
1541818
1541790
1541837
1541903
1542094
1542062
1542313
1542442
1542727
1542805
1542950
1543185
1543307
1543578
1543709
1543866
1544147
1544224
1544505
1544682
1544793
1544992
1545105
1545282
1545457
1545721
1545898
1545987
1546211
1546369
1546492
1546634
1546422
1546009
1545305
1544292
1543224
1542134
1541221
1540474
1539825
1539399
1539031
1538888
1538709
1538584
1538511
1538520
1538528
1538504
1538521
1538511
1538634
1538689
1538806
1538765
1538765
1538938
1539058
1539296
1539445
1539641
1539692
1539836
1539976
1540026
1540100
1540161
1540223
1540165
1540184
1540261
1540197
1540330
1540345
1540472
1540630
1540630
1540801
1540982
1541067
1541213
1541500
1541659
1541841
1542021
1542244
1542471
1542574
1542781
1542970
1543205
1543358
1543566
1543750
1543921
1544165
1544362
1544650
1544775
1544985
1545242
1545399
1545548
1545617
1545550
1545192
1544461
1543512
1542434
1541433
1540462
1539773
1539103
1538727
1538462
1538185
1538139
1538030
1537904
1537940
1537946
1537966
1537993
1538050
1538044
1538168
1538168
1538250
1538429
1538572
1538728
1538820
1538983
1539240
1539354
1539561
1539652
1539747
1539758
1539774
1539863
1539895
1539866
1540018
1540048
1540205
1540272
1540321
1540402
1540555
1540704
1540837
1541028
1541247
1541451
1541618
1541794
1542065
1542133
1542457
1542679
1542906
1543031
1543269
1543420
1543611
1543869
1544067
1544216
1544410
1544628
1544841
1545037
1545248
1545401
1545538
1545704
1545798
1545675
1545199
1544397
1543360
1542280
1541302
1540322
1539625
1539078
1538615
1538458
1538131
1538074
1537979
1537924
1537886
1537967
1537890
1537989
1538154
1538083
1538176
1538287
1538362
1538523
1538711
1538961
1539048
1539181
1539415
1539514
1539663
1539849
1539837
1539857
1539936
1539914
1539948
1540009
1540063
1540069
1540105
1540293
1540451
1540441
1540653
1540770
1540901
1541146
1541343
1541512
1541653
1541856
1542050
1542327
1542571
1542635
1542894
1543184
1543335
1543431
1543730
1543883
1544060
1544211
1544543
1544750
1544942
1545134
1545245
1545306
1545164
1544797
1544013
1543102
1541961
1540993
1540127
1539375
1538748
1538364
1538153
1537987
1537815
1537832
1537707
1537662
1537657
1537802
1537777
1537849
1537977
1538004
1538161
1538185
1538299
1538493
1538586
1538899
1539066
1539140
1539353
1539409
1539576
1539645
1539749
1539762
1539686
1539769
1539815
1539871
1539919
1539992
1540053
1540188
1540273
1540481
1540656
1540793
1540992
1541121
1541351
1541589
1541703
1541952
1542120
1542339
1542630
1542750
1543002
1543050
1543214
1543556
1543732
1544023
1544236
1544390
1544638
1544724
1544661
1544435
1543856
1543086
1542158
1541123
1540189
1539387
1538704
1538271
1538058
1537793
1537706
1537586
1537611
1537653
1537593
1537640
1537747
1537767
1537713
1537891
1538048
1538063
1538219
1538356
1538469
1538767
1539025
1539178
1539293
1539504
1539554
1539685
1539884
1539872
1539908
1539974
1539914
1540132
1540257
1540274
1540383
1540534
1540700
1540870
1540932
1541131
1541326
1541483
1541673
1541873
1542004
1542282
1542448
1542722
1542905
1543134
1543349
1543586
1543864
1544052
1544248
1544338
1544505
1544478
1544209
1543531
1542707
1541798
1540929
1539952
1539252
1538664
1538326
1538108
1537833
1537824
1537742
1537795
1537803
1537856
1537915
1537889
1537985
1538029
1538135
1538201
1538369
1538464
1538782
1538955
1539134
1539299
1539541
1539607
1539851
1539939
1540028
1540037
1540134
1540174
1540142
1540233
1540299
1540458
1540535
1540687
1540812
1540974
1541076
1541282
1541460
1541639
1541856
1541963
1542216
1542429
1542587
1542772
1543064
1543190
1543469
1543680
1543958
1544058
1544274
1544399
1544325
1544105
1543488
1542755
1541796
1540829
1540067
1539152
1538675
1538169
1537892
1537687
1537565
1537548
1537441
1537476
1537451
1537531
1537447
1537596
1537583
1537739
1537857
1538004
1538183
1538324
1538555
1538758
1538955
1539004
1539245
1539319
1539514
1539415
1539433
1539595
1539601
1539634
1539634
1539716
1539680
1539777
1539875
1539950
1540087
1540182
1540358
1540474
1540609
1540867
1540966
1541192
1541342
1541525
1541735
1541804
1542086
1542284
1542486
1542659
1542877
1542891
1542984
1542955
1542591
1541882
1541078
1539998
1539066
1538219
1537555
1537021
1536643
1536404
1536234
1536173
1536038
1536054
1536029
1536041
1536018
1536111
1536100
1536181
1536265
1536347
1536431
1536567
1536710
1536815
1537050
1537228
1537316
1537391
1537474
1537524
1537539
1537641
1537681
1537636
1537652
1537734
1537738
1537779
1537897
1537990
1538059
1538161
1538349
1538426
1538583
1538790
1538895
1539087
1539265
1539353
1539572
1539814
1539988
1540176
1540417
1540561
1540821
1540910
1541041
1541141
1540910
1540356
1539557
1538624
1537689
1536867
1536210
1535745
1535271
1535055
1534963
1534752
1534746
1534751
1534676
1534667
1534635
1534628
1534680
1534803
1534912
1534975
1535109
1535138
1535363
1535588
1535730
1535883
1535906
1536119
1536214
1536323
1536418
1536404
1536497
1536508
1536566
1536551
1536621
1536729
1536890
1536845
1536986
1537150
1537354
1537469
1537576
1537774
1538007
1538162
1538332
1538479
1538702
1538869
1539084
1539265
1539469
1539686
1539898
1540138
1540404
1540559
1540750
1540932
1540914
1540825
1540367
1539624
1538681
1537784
1536791
1536070
1535556
1535152
1534903
1534683
1534517
1534431
1534411
1534368
1534357
1534340
1534381
1534382
1534560
1534637
1534644
1534741
1534862
1534988
1535115
1535373
1535419
1535676
1535722
1535885
1535958
1536056
1536136
1536222
1536232
1536231
1536224
1536322
1536408
1536475
1536602
1536642
1536782
1536921
1537045
1537165
1537340
1537519
1537655
1537875
1538094
1538286
1538474
1538632
1538872
1539084
1539235
1539422
1539608
1539904
1540126
1540277
1540579
1540873
1540904
1541155
1541112
1540896
1540398
1539656
1538763
1537687
1536674
1536067
1535391
1534973
1534789
1534580
1534459
1534358
1534252
1534242
1534365
1534303
1534320
1534406
1534455
1534467
1534590
1534643
1534802
1534911
1535142
1535321
1535454
1535550
1535754
1535926
1535946
1536083
1536017
1536113
1536119
1536152
1536221
1536254
1536376
1536371
1536468
1536570
1536685
1536799
1536972
1537106
1537222
1537390
1537567
1537793
1537972
1538139
1538375
1538530
1538768
1538920
1539174
1539421
1539620
1539762
1539931
1540199
1540491
1540597
1540736
1540875
1541068
1541078
1540789
1540284
1539486
1538440
1537545
1536613
1535826
1535313
1534908
1534634
1534429
1534372
1534326
1534169
1534175
1534274
1534247
1534184
1534277
1534384
1534422
1534585
1534621
1534714
1534859
1534992
1535157
1535413
1535494
1535635
1535760
1535855
1535928
1535987
1535989
1536088
1536059
1536102
1536294
1536299
1536319
1536459
1536491
1536700
1536843
1537025
1537130
1537286
1537452
1537695
1537845
1538146
1538237
1538510
1538680
1538858
1539163
1539272
1539499
1539701
1539888
1540164
1540390
1540585
1540809
1540915
1541121
1541271
1541422
1541377
1541013
1540382
1539385
1538351
1537437
1536609
1535876
1535391
1535062
1534940
1534768
1534618
1534646
1534625
1534625
1534642
1534484
1534630
1534753
1534721
1534825
1534914
1535000
1535032
1535226
1535448
1535594
1535714
1535840
1536032
1536115
1536176
1536229
1536319
1536332
1536357
1536355
1536445
1536441
1536563
1536661
1536701
1536796
1536911
1537010
1537113
1537297
1537477
1537634
1537830
1537974
1538159
1538448
1538699
1538873
1539063
1539173
1539286
1539553
1539732
1539951
1540138
1540411
1540499
1540689
1540912
1540998
1540932
1540781
1540196
1539377
1538395
1537471
1536586
1535970
1535383
1535060
1534781
1534654
1534494
1534531
1534466
1534428
1534505
1534486
1534565
1534587
1534674
1534666
1534758
1534939
1535008
1535115
1535360
1535490
1535639
1535722
1535835
1535990
1536115
1536044
1536222
1536244
1536262
1536239
1536398
1536345
1536440
1536599
1536694
1536701
1536858
1536964
1537104
1537182
1537299
1537496
1537765
1537861
1538036
1538242
1538440
1538647
1538824
1538920
1539208
1539333
1539584
1539789
1539959
1540184
1540332
1540559
1540714
1540564
1540204
1539494
1538572
1537714
1536828
1536000
1535562
1535046
1534820
1534659
1534512
1534449
1534415
1534391
1534362
1534434
1534433
1534429
1534502
1534494
1534681
1534724
1534822
1534932
1535001
1535261
1535361
1535563
1535677
1535743
1535844
1535873
1536013
1536020
1536047
1536046
1536028
1536088
1536153
1536282
1536430
1536445
1536438
1536643
1536701
1536828
1536972
1537123
1537250
1537406
1537595
1537710
1537904
1538098
1538302
1538480
1538738
1538885
1539178
1539300
1539478
1539594
1539736
1539598
1539280
1538731
1537935
1537063
1536293
1535645
1535065
1534741
1534461
1534390
1534323
1534194
1534214
1534160
1534174
1534136
1534193
1534255
1534306
1534302
1534469
1534557
1534553
1534750
1534885
1535086
1535224
1535358
1535576
1535674
1535802
1535905
1535915
1536008
1536125
1536073
1536086
1536188
1536233
1536346
1536354
1536547
1536672
1536721
1536898
1536995
1537233
1537387
1537536
1537681
1537889
1538035
1538304
1538475
1538659
1538904
1539149
1539331
1539588
1539845
1540101
1540285
1540414
1540639
1540545
1540377
1539871
1539124
1538268
1537311
1536610
1535986
1535607
1535313
1535192
1534969
1534902
1534950
1534937
1534975
1534940
1535043
1535006
1535097
1535222
1535297
1535378
1535404
1535619
1535790
1536005
1536137
1536386
1536457
1536660
1536633
1536754
1536791
1536812
1536893
1536913
1537012
1537079
1537143
1537200
1537242
1537414
1537484
1537636
1537777
1537868
1538093
1538270
1538398
1538553
1538806
1538930
1539130
1539394
1539546
1539747
1539970
1540136
1540341
1540590
1540758
1540985
1541166
1541276
1541354
1541284
1540867
1540186
1539411
1538470
1537605
1537020
1536412
1536093
1535820
1535661
1535609
1535520
1535538
1535502
1535511
1535590
1535605
1535567
1535757
1535851
1535925
1536062
1536170
1536367
1536500
1536730
1536889
1537036
1537138
1537183
1537313
1537391
1537435
1537470
1537440
1537536
1537544
1537645
1537629
1537722
1537986
1537969
1538199
1538212
1538345
1538546
1538636
1538852
1539014
1539226
1539317
1539542
1539725
1539837
1540056
1540301
1540435
1540692
1540880
1541027
1541244
1541250
1541191
1540846
1540350
1539559
1538639
1537919
1537243
1536621
1536191
1536049
1535765
1535658
1535543
1535489
1535500
1535471
1535419
1535418
1535564
1535665
1535658
1535747
1535831
1535970
1536031
1536239
1536334
1536565
1536673
1536709
1536754
1536876
1536897
1536924
1536990
1536926
1537075
1536936
1537018
1537048
1537144
1537208
1537252
1537439
1537500
1537574
1537800
1537859
1537975
1538093
1538361
1538509
1538607
1538795
1539078
1539133
1539256
1539555
1539699
1539925
1540033
1540101
1540201
1540129
1539748
1539130
1538464
1537566
1536807
1536134
1535716
1535402
1535065
1534918
1534857
1534801
1534733
1534691
1534807
1534815
1534793
1534781
1534790
1534933
1535008
1535097
1535143
1535244
1535438
1535613
1535724
1535835
1535954
1536037
1536107
1536146
1536163
1536223
1536232
1536141
1536179
1536246
1536268
1536325
1536384
1536496
1536644
1536773
1536762
1536995
1537083
1537188
1537336
1537470
1537571
1537843
1537974
1538175
1538256
1538415
1538619
1538789
1538875
1539133
1539270
1539569
1539749
1539891
1539937
1540076
1539984
1539719
1539172
1538272
1537510
1536685
1536010
1535467
1534987
1534846
1534682
1534518
1534450
1534454
1534343
1534432
1534468
1534506
1534526
1534492
1534564
1534663
1534756
1534816
1534922
1535205
1535234
1535417
1535539
1535621
1535717
1535860
1535901
1535921
1536002
1536014
1536061
1536051
1536152
1536187
1536232
1536295
1536383
1536387
1536550
1536638
1536773
1536971
1537069
1537192
1537434
1537512
1537668
1537932
1537976
1538170
1538378
1538547
1538664
1538860
1539054
1539220
1539469
1539608
1539859
1540031
1540128
1540288
1540537
1540420
1540427
1539876
1539228
1538381
1537548
1536716
1536059
1535586
1535362
1535081
1534898
1534811
1534792
1534747
1534750
1534719
1534772
1534830
1534824
1534872
1534994
1535088
1535084
1535238
1535345
1535558
1535727
1535804
1535905
1535987
1536088
1536207
1536255
1536305
1536314
1536377
1536362
1536316
1536464
1536530
1536481
1536587
1536679
1536798
1536955
1536952
1537119
1537367
1537464
1537569
1537778
1537856
1538123
1538276
1538455
1538649
1538861
1539046
1539113
1539373
1539433
1539726
1539890
1540060
1540148
1540371
1540565
1540763
1540942
1541072
1541302
1541479
1541550
1541566
1541356
1540926
1540131
1539237
1538143
1537421
1536749
1536202
1535856
1535553
1535392
1535321
1535284
1535261
1535219
1535305
1535251
1535249
1535255
1535351
1535449
1535566
1535609
1535701
1535884
1536012
1536143
1536283
1536480
1536508
1536567
1536735
1536800
1536794
1536737
1536774
1536742
1536858
1536898
1536952
1536946
1537039
1537037
1537164
1537293
1537431
1537501
1537689
1537840
1538003
1538173
1538322
1538521
1538656
1538819
1538913
1539072
1539286
1539460
1539691
1539781
1539977
1540093
1540408
1540554
1540776
1540857
1541093
1541193
1541348
1541378
1541427
1541090
1540523
1539744
1538924
1537962
1537177
1536565
1536175
1535846
1535594
1535459
1535367
1535284
1535343
1535341
1535268
1535259
1535271
1535278
1535366
1535461
1535544
1535578
1535741
1535864
1536129
1536217
1536301
1536419
1536591
1536656
1536801
1536760
1536803
1536994
1536878
1536984
1536955
1537063
1537088
1537112
1537322
1537355
1537472
1537564
1537697
1537853
1537910
1538172
1538389
1538509
1538654
1538936
1539045
1539287
1539516
1539763
1539877
1540033
1540153
1540372
1540571
1540830
1541018
1541172
1541413
1541542
1541803
1541732
1541562
1541151
1540536
1539671
1538806
1537991
1537256
1536703
1536386
1536015
1535955
1535853
1535709
1535661
1535640
1535624
1535729
1535685
1535697
1535721
1535747
1535842
1535887
1536016
1536111
1536286
1536342
1536439
1536607
1536763
1536876
1536892
1536801
1536905
1536886
1537028
1537017
1537000
1537044
1537182
1537104
1537236
1537242
1537331
1537355
1537546
1537734
1537788
1537976
1538103
1538322
1538454
1538588
1538711
1538993
1539202
1539319
1539526
1539670
1539825
1539958
1540186
1540355
1540706
1540733
1540902
1541117
1541173
1541027
1540673
1540110
1539346
1538470
1537532
1536869
1536307
1535927
1535587
1535465
1535355
1535269
1535183
1535116
1535133
1535068
1535073
1535025
1535150
1535235
1535311
1535302
1535398
1535516
1535580
1535823
1535845
1535967
1536162
1536276
1536303
1536471
1536417
1536444
1536523
1536527
1536513
1536525
1536560
1536756
1536744
1536749
1536879
1536964
1537074
1537222
1537331
1537496
1537678
1537810
1537953
1538090
1538214
1538400
1538585
1538749
1538957
1539096
1539221
1539462
1539668
1539864
1540017
1540128
1540289
1540325
1540082
1539619
1538930
1537943
1537174
1536451
1535891
1535460
1535143
1534936
1534795
1534721
1534603
1534617
1534560
1534496
1534547
1534582
1534558
1534593
1534563
1534734
1534713
1534837
1535020
1535111
1535224
1535428
1535490
1535629
1535703
1535720
1535900
1535795
1535819
1535894
1535929
1535898
1535936
1535991
1536139
1536108
1536115
1536180
1536275
1536389
1536491
1536680
1536694
1536848
1536991
1537163
1537320
1537555
1537707
1537849
1538030
1538337
1538542
1538715
1538765
1538922
1538986
1538850
1538436
1537837
1536994
1536292
1535561
1535055
1534588
1534292
1534099
1533936
1533877
1533671
1533705
1533736
1533745
1533721
1533677
1533782
1533780
1533882
1533909
1534002
1534131
1534288
1534375
1534538
1534644
1534724
1534862
1534972
1535029
1535048
1535162
1535130
1535159
1535179
1535257
1535340
1535396
1535397
1535540
1535545
1535617
1535797
1535906
1536014
1536157
1536243
1536494
1536626
1536761
1537024
1537064
1537331
1537503
1537677
1537846
1538065
1538321
1538484
1538692
1538909
1538914
1538845
1538595
1538058
1537334
1536430
1535682
1535067
1534605
1534291
1533959
1533800
1533728
1533632
1533612
1533575
1533587
1533660
1533625
1533638
1533660
1533776
1533929
1534015
1534100
1534164
1534327
1534532
1534700
1534858
1534947
1535083
1535192
1535201
1535305
1535357
1535324
1535382
1535472
1535461
1535518
1535652
1535758
1535802
1535985
1536115
1536186
1536392
1536500
1536606
1536883
1537034
1537193
1537344
1537559
1537866
1537968
1538087
1538338
1538516
1538788
1538962
1539167
1539430
1539500
1539671
1539653
1539531
1539065
1538506
1537611
1536815
1535982
1535309
1534886
1534565
1534339
1534191
1534013
1534017
1533991
1533968
1533964
1533999
1534052
1534064
1534111
1534211
1534389
1534417
1534560
1534704
1534846
1534997
1535220
1535363
1535460
1535518
1535611
1535719
1535652
1535689
1535716
1535748
1535705
1535797
1535886
1535913
1536034
1536228
1536231
1536353
1536516
1536677
1536844
1537043
1537244
1537402
1537504
1537760
1537969
1538151
1538341
1538530
1538757
1538982
1539186
1539444
1539441
1539609
1539742
1539586
1539089
1538267
1537529
1536749
1535986
1535292
1534905
1534521
1534374
1534177
1534050
1533999
1533871
1533946
1533882
1533938
1533987
1534073
1534083
1534126
1534361
1534368
1534531
1534570
1534903
1535015
1535081
1535307
1535380
1535481
1535635
1535584
1535610
1535563
1535693
1535671
1535755
1535814
1535909
1536067
1536081
1536239
1536403
1536492
1536539
1536751
1536910
1537022
1537235
1537382
1537550
1537719
1537866
1538204
1538363
1538606
1538830
1538966
1539188
1539295
1539422
1539300
1538984
1538353
1537573
1536767
1535988
1535286
1534817
1534416
1534129
1533958
1533736
1533727
1533559
1533571
1533549
1533537
1533596
1533530
1533647
1533713
1533816
1533888
1534050
1534123
1534344
1534420
1534510
1534678
1534786
1534810
1534872
1534909
1534867
1534976
1534907
1534934
1534888
1534939
1535030
1535119
1535169
1535237
1535340
1535482
1535544
1535734
1535800
1536005
1536147
1536305
1536459
1536639
1536721
1536950
1537083
1537325
1537566
1537657
1537809
1537922
1537974
1537836
1537533
1536897
1536126
1535363
1534630
1534034
1533511
1533231
1532950
1532819
1532734
1532649
1532566
1532584
1532611
1532508
1532582
1532642
1532661
1532716
1532697
1532821
1532947
1533159
1533321
1533505
1533558
1533661
1533748
1533865
1533874
1533924
1533939
1533989
1534009
1534053
1534045
1534074
1534124
1534210
1534248
1534306
1534504
1534595
1534700
1534842
1534993
1535140
1535245
1535443
1535574
1535696
1535893
1536032
1536200
1536389
1536567
1536746
1536939
1537182
1537395
1537512
1537620
1537781
1537799
1537488
1536998
1536244
1535376
1534596
1533809
1533292
1532922
1532543
1532394
1532188
1532090
1532099
1532083
1532115
1532040
1532076
1532047
1532033
1532184
1532191
1532286
1532392
1532379
1532629
1532787
1532865
1532936
1533061
1533166
1533201
1533406
1533278
1533313
1533392
1533335
1533390
1533369
1533433
1533508
1533651
1533598
1533734
1533853
1533989
1534016
1534196
1534319
1534474
1534619
1534799
1534951
1535168
1535203
1535521
1535601
1535785
1535855
1536031
1536248
1536411
1536510
1536650
1536884
1537151
1537332
1537504
1537605
1537717
1537748
1537535
1537220
1536388
1535480
1534601
1533868
1533322
1532875
1532459
1532212
1532073
1531995
1531886
1531960
1531930
1531945
1531903
1531976
1531932
1532041
1532063
1532185
1532314
1532387
1532526
1532658
1532873
1532918
1533044
1533149
1533209
1533334
1533305
1533368
1533427
1533507
1533494
1533581
1533583
1533678
1533703
1533801
1533955
1533990
1534026
1534240
1534284
1534430
1534587
1534723
1534896
1535108
1535262
1535441
1535551
1535840
1535912
1536118
1536216
1536424
1536619
1536785
1536948
1537146
1537333
1537544
1537723
1537949
1538162
1538174
1538281
1538062
1537665
1536993
1536138
1535252
1534431
1533811
1533319
1533030
1532854
1532691
1532625
1532523
1532453
1532511
1532560
1532516
1532547
1532526
1532625
1532559
1532777
1532824
1532895
1533009
1533174
1533372
1533495
1533639
1533724
1533881
1533903
1533901
1533980
1533913
1533998
1534040
1534060
1534140
1534199
1534252
1534338
1534423
1534435
1534538
1534652
1534792
1534993
1534980
1535208
1535427
1535569
1535762
1535852
1535930
1536153
1536329
1536537
1536669
1536807
1536967
1537260
1537378
1537585
1537762
1537963
1538192
1538236
1538371
1538460
1538468
1538069
1537439
1536664
1535807
1534897
1534307
1533838
1533430
1533267
1532946
1532915
1532841
1532914
1532873
1532823
1532819
1532919
1532845
1532848
1532942
1533037
1533135
1533190
1533350
1533459
1533661
1533867
1533951
1533996
1534158
1534282
1534304
1534373
1534372
1534438
1534532
1534548
1534655
1534710
1534747
1534868
1534947
1535073
1535166
1535248
1535355
1535523
1535775
1535869
1536014
1536245
1536420
1536620
1536826
1536974
1537037
1537314
1537534
1537661
1537825
1538024
1538228
1538466
1538725
1538949
1539078
1539243
1539397
1539411
1539252
1538724
1538075
1537267
1536411
1535634
1534970
1534500
1534163
1534031
1533897
1533869
1533824
1533846
1533854
1533884
1533906
1533961
1533962
1534089
1534144
1534278
1534338
1534462
1534543
1534748
1534959
1535110
1535243
1535337
1535341
1535424
1535442
1535546
1535482
1535506
1535558
1535671
1535750
1535753
1535869
1535913
1536081
1536171
1536241
1536448
1536600
1536740
1536870
1537002
1537134
1537333
1537610
1537691
1537976
1538086
1538249
1538480
1538685
1538825
1539025
1539221
1539448
1539651
1539776
1539986
1540007
1540151
1540021
1539562
1538870
1538074
1537274
1536447
1535765
1535295
1534952
1534693
1534514
1534484
1534487
1534441
1534442
1534533
1534505
1534476
1534560
1534611
1534688
1534753
1534854
1534921
1535172
1535307
1535475
1535629
1535747
1535846
1536032
1535991
1536066
1536057
1536110
1536131
1536187
1536165
1536330
1536292
1536353
1536449
1536530
1536624
1536776
1536790
1537075
1537160
1537339
1537513
1537658
1537850
1537996
1538117
1538304
1538539
1538597
1538781
1538903
1539141
1539424
1539598
1539714
1539863
1540094
1540220
1540175
1539925
1539432
1538636
1537800
1536929
1536195
1535587
1535074
1534789
1534629
1534490
1534439
1534346
1534273
1534280
1534267
1534266
1534305
1534296
1534339
1534469
1534498
1534553
1534698
1534771
1534930
1535004
1535238
1535267
1535374
1535489
1535551
1535550
1535505
1535542
1535547
1535528
1535557
1535542
1535684
1535746
1535752
1535925
1535975
1536056
1536186
1536311
1536444
1536504
1536731
1536877
1536983
1537099
1537288
1537438
1537640
1537737
1537884
1538116
1538309
1538432
1538653
1538785
1538947
1539115
1539225
1539244
1539148
1538748
1538060
1537177
1536339
1535562
1534975
1534456
1534170
1533992
1533823
1533664
1533626
1533512
1533597
1533645
1533654
1533592
1533554
1533638
1533587
1533754
1533792
1533868
1534018
1534087
1534263
1534336
1534507
1534561
1534637
1534682
1534735
1534761
1534704
1534764
1534800
1534855
1535017
1534941
1534996
1535182
1535200
1535267
1535331
1535518
1535638
1535726
1535841
1536016
1536117
1536324
1536481
1536650
1536871
1536978
1537071
1537202
1537440
1537554
1537749
1537895
1538082
1538203
1538333
1538521
1538747
1538970
1539105
1539220
1539323
1539482
1539364
1538989
1538330
1537602
1536774
1535918
1535119
1534573
1534244
1533934
1533796
1533622
1533532
1533537
1533436
1533500
1533469
1533567
1533564
1533513
1533599
1533714
1533790
1533896
1533939
1533983
1534139
1534387
1534473
1534544
1534618
1534743
1534703
1534885
1534899
1534837
1534905
1534921
1534937
1534990
1535015
1535092
1535162
1535173
1535375
1535459
1535546
1535704
1535712
1535913
1536087
1536234
1536404
1536536
1536745
1536815
1537008
1537242
1537470
1537554
1537728
1537861
1538162
1538282
1538456
1538581
1538767
1538902
1539151
1539307
1539478
1539645
1539780
1539885
1539979
1539975
1539768
1539264
1538437
1537557
1536711
1535806
1535204
1534610
1534288
1534149
1533978
1533820
1533864
1533889
1533759
1533789
1533822
1533831
1533845
1533849
1534011
1533982
1534081
1534225
1534307
1534428
1534544
1534707
1534899
1534971
1535059
1535090
1535205
1535176
1535168
1535247
1535172
1535207
1535219
1535319
1535358
1535437
1535516
1535626
1535712
1535806
1535950
1536067
1536279
1536340
1536454
1536607
1536864
1536974
1537182
1537301
1537538
1537665
1537805
1538040
1538171
1538302
1538540
1538599
1538746
1538915
1539128
1539373
1539568
1539700
1539815
1540013
1540080
1540090
1539709
1539037
1538275
1537348
1536481
1535685
1535125
1534669
1534433
1534214
1534163
1534012
1533938
1533999
1533977
1533976
1534055
1534006
1534017
1534081
1534125
1534179
1534321
1534393
1534444
1534596
1534766
1534766
1535040
1535059
1535083
1535136
1535217
1535331
1535314
1535363
1535404
1535417
1535449
1535527
1535619
1535708
1535863
1535921
1535956
1536120
1536256
1536462
1536603
1536751
1536989
1537122
1537359
1537538
1537790
1537899
1538152
1538365
1538455
1538682
1538886
1539151
1539350
1539404
1539621
1539919
1540095
1540266
1540441
1540607
1540813
1540930
1540990
1540883
1540476
1539729
1538924
1538037
1537180
1536466
1535760
1535436
1535145
1534998
1534964
1534810
1534775
1534753
1534863
1534865
1534891
1534889
1534959
1535043
1535201
1535219
1535313
1535341
1535489
1535655
1535912
1535948
1536174
1536216
1536341
1536430
1536452
1536451
1536424
1536503
1536585
1536572
1536643
1536697
1536769
1536771
1537011
1537110
1537249
1537274
1537420
1537558
1537765
1538028
1538098
1538251
1538524
1538745
1538871
1539040
1539230
1539378
1539530
1539733
1539936
1540115
1540341
1540503
1540695
1540816
1540913
1540896
1540682
1540266
1539484
1538639
1537807
1536995
1536232
1535714
1535388
1535130
1534959
1534891
1534772
1534742
1534740
1534755
1534812
1534740
1534765
1534746
1534842
1534965
1535058
1535092
1535162
1535382
1535514
1535663
1535864
1535804
1536016
1536098
1536074
1536166
1536208
1536164
1536192
1536216
1536244
1536301
1536399
1536503
1536460
1536621
1536754
1536843
1536958
1537124
1537268
1537463
1537587
1537768
1537939
1538084
1538198
1538426
1538553
1538690
1538889
1539118
1539345
1539590
1539746
1539958
1540026
1540229
1540231
1540037
1539695
1538989
1538057
1537246
1536477
1535854
1535373
1535056
1534799
1534675
1534558
1534523
1534418
1534365
1534437
1534511
1534424
1534500
1534546
1534606
1534709
1534834
1534932
1535079
1535207
