1392552
1392420
1392465
1392338
1392281
1392313
1392321
1392217
1392171
1392231
1392243
1392295
1392253
1392308
1392455
1392415
1392472
1392569
1392601
1392685
1392679
1392815
1392872
1392842
1392894
1393058
1392994
1393067
1393013
1393026
1393029
1393071
1393093
1393025
1393003
1393056
1393047
1393063
1393052
1393130
1393227
1393190
1393231
1393333
1393308
1393441
1393431
1393474
1393566
1393684
1393749
1393891
1393959
1394003
1394123
1394204
1394286
1394411
1394601
1394691
1394758
1394811
1394829
1394710
1394495
1394315
1394092
1393882
1393684
1393591
1393490
1393430
1393308
1393311
1393276
1393230
1393204
1393195
1393222
1393214
1393158
1393193
1393137
1393226
1393151
1393237
1393323
1393438
1393454
1393499
1393513
1393508
1393545
1393645
1393748
1393704
1393730
1393683
1393597
1393665
1393688
1393583
1393687
1393650
1393646
1393639
1393765
1393659
1393688
1393656
1393721
1393744
1393794
1393871
1393883
1393882
1394005
1393986
1394065
1394142
1394178
1394296
1394369
1394426
1394509
1394616
1394789
1394871
1395072
1394978
1395004
1394842
1394558
1394327
1394068
1393869
1393704
1393578
1393506
1393468
1393367
1393284
1393298
1393306
1393214
1393155
1393144
1393059
1393026
1393082
1392907
1392974
1392951
1392860
1392870
1392859
1392763
1392855
1392803
1392789
1392862
1392890
1392851
1392889
1392761
1392786
1392860
1392911
1392821
1392831
1392768
1392803
1392782
1392740
1392740
1392792
1392831
1392849
1392844
1392835
1392808
1392777
1392955
1392959
1392950
1393038
1393058
1393134
1393130
1393273
1393300
1393450
1393540
1393669
1393727
1393834
1393931
1393939
1393889
1393753
1393496
1393256
1393080
1392890
1392762
1392680
1392780
1392865
1392920
1392978
1393001
1392985
1392978
1393056
1393060
1393189
1393150
1393180
1393160
1393263
1393199
1393182
1393158
1393193
1393185
1393215
1393241
1393161
1393178
1393151
1393151
1393057
1393051
1393082
1392938
1393026
1392896
1392862
1392891
1392774
1392723
1392633
1392578
1392617
1392545
1392599
1392551
1392592
1392511
1392570
1392585
1392597
1392713
1392747
1392774
1392781
1392878
1392846
1392903
1392959
1393011
1393105
1393314
1393423
1393453
1393565
1393674
1393789
1393872
1393879
1393801
1393615
1393397
1393123
1392874
1392703
1392537
1392468
1392258
1392226
1392189
1392012
1392032
1391898
1391793
1391723
1391618
1391723
1391643
1391570
1391554
1391532
1391418
1391515
1391480
1391466
1391469
1391502
1391465
1391528
1391515
1391509
1391565
1391477
1391542
1391483
1391508
1391507
1391524
1391479
1391511
1391530
1391386
1391355
1391392
1391377
1391409
1391335
1391409
1391321
1391399
1391475
1391442
1391502
1391580
1391526
1391676
1391777
1391809
1391847
1391914
1392066
1392051
1392245
1392304
1392440
1392602
1392607
1392836
1392927
1392986
1393077
1393046
1393020
1392856
1392549
1392297
1392115
1392049
1391841
1391798
1391759
1391685
1391607
1391513
1391358
1391208
1391066
1391029
1390937
1390916
1390917
1390726
1390783
1390803
1390819
1390855
1390881
1390923
1390876
1390860
1390941
1390887
1390880
1390874
1390815
1390878
1390853
1390801
1390919
1390894
1390881
1390876
1390812
1390888
1390851
1390908
1390832
1390904
1390925
1390965
1390992
1390988
1391135
1391178
1391234
1391257
1391334
1391395
1391525
1391656
1391664
1391774
1391902
1391986
1392120
1392164
1392332
1392473
1392643
1392653
1392702
1392647
1392535
1392294
1392082
1391973
1391846
1391701
1391577
1391543
1391463
1391394
1391393
1391330
1391315
1391296
1391245
1391218
1391183
1391137
1391120
1391090
1391139
1391159
1391245
1391276
1391326
1391433
1391498
1391498
1391405
1391479
1391429
1391419
1391465
1391508
1391444
1391442
1391371
1391353
1391369
1391262
1391315
1391329
1391280
1391349
1391295
1391323
1391367
1391354
1391323
1391389
1391424
1391425
1391477
1391554
1391575
1391658
1391665
1391783
1391844
1391900
1392041
1392174
1392217
1392219
1392399
1392446
1392585
1392678
1392654
1392519
1392224
1392068
1391832
1391664
1391493
1391367
1391263
1391150
1391181
1391144
1391037
1390993
1390960
1390985
1390843
1390817
1390791
1390778
1390755
1390753
1390617
1390624
1390616
1390642
1390731
1390762
1390718
1390720
1390703
1390824
1390729
1390747
1390728
1390735
1390732
1390561
1390576
1390550
1390541
1390481
1390454
1390484
1390465
1390470
1390574
1390578
1390646
1390725
1390771
1390868
1390942
1390945
1391101
1391117
1391234
1391277
1391303
1391186
1391414
1391457
1391494
1391569
1391688
1391788
1391805
1391879
1391947
1392029
1391945
1392043
1392003
1391850
1391677
1391505
1391162
1390958
1390855
1390738
1390600
1390492
1390516
1390410
1390385
1390273
1390348
1390268
1390132
1390079
1390031
1389925
1389813
1389828
1389819
1389770
1389730
1389506
1389555
1389689
1389678
1389611
1389667
1389652
1389691
1389685
1389671
1389691
1389636
1389587
1389659
1389577
1389557
1389539
1389490
1389514
1389528
1389458
1389399
1389485
1389390
1389413
1389533
1389501
1389560
1389529
1389535
1389552
1389594
1389697
1389735
1389779
1389842
1389887
1390011
1390057
1390085
1390168
1390245
1390425
1390551
1390639
1390732
1390927
1391019
1391186
1391369
1391457
1391644
1391751
1391752
1391748
1391595
1391443
1391315
1391065
1391017
1390805
1390751
1390657
1390730
1390599
1390540
1390489
1390609
1390496
1390526
1390443
1390383
1390443
1390450
1390409
1390385
1390404
1390352
1390373
1390346
1390330
1390353
1390414
1390475
1390456
1390431
1390611
1390551
1390492
1390504
1390570
1390487
1390528
1390444
1390442
1390537
1390418
1390336
1390352
1390390
1390386
1390317
1390367
1390342
1390310
1390373
1390371
1390526
1390619
1390607
1390724
1390796
1390873
1390948
1391015
1391173
1391206
1391384
1391403
1391512
1391569
1391697
1391892
1391996
1392120
1392188
1392361
1392421
1392500
1392659
1392658
1392554
1392353
1392234
1392051
1391960
1391746
1391692
1391638
1391630
1391627
1391577
1391551
1391507
1391477
1391461
1391482
1391400
1391419
1391346
1391337
1391382
1391331
1391273
1391382
1391438
1391381
1391414
1391451
1391581
1391524
1391512
1391615
1391592
1391692
1391731
1391707
1391676
1391735
1391644
1391664
1391690
1391695
1391561
1391588
1391620
1391566
1391644
1391680
1391642
1391716
1391773
1391794
1391767
1391900
1391956
1392056
1392141
1392216
1392274
1392304
1392456
1392522
1392596
1392774
1392900
1392944
1393061
1393185
1393333
1393401
1393509
1393736
1393799
1393832
1393899
1393912
1393910
1393868
1393660
1393497
1393266
1393118
1393132
1393027
1392987
1392998
1392967
1392934
1392829
1392897
1393002
1392984
1392966
1392965
1392989
1393046
1393015
1393034
1393071
1393165
1393122
1393243
1393317
1393309
1393401
1393441
1393520
1393541
1393487
1393507
1393605
1393545
1393521
1393516
1393585
1393621
1393667
1393558
1393585
1393606
1393594
1393589
1393643
1393697
1393697
1393884
1393843
1393809
1393867
1393905
1393975
1394050
1394039
1394208
1394280
1394320
1394400
1394451
1394601
1394755
1394836
1394914
1395050
1395057
1395270
1395379
1395518
1395464
1395477
1395481
1395436
1395253
1395089
1394851
1394752
1394620
1394574
1394518
1394508
1394451
1394421
1394396
1394335
1394317
1394305
1394348
1394302
1394391
1394449
1394420
1394330
1394435
1394415
1394458
1394511
1394579
1394593
1394558
1394673
1394727
1394644
1394655
1394593
1394592
1394669
1394688
1394600
1394563
1394635
1394573
1394547
1394580
1394458
1394591
1394487
1394599
1394567
1394536
1394582
1394690
1394628
1394791
1394752
1394791
1394937
1394978
1395070
1395115
1395173
1395288
1395308
1395370
1395476
1395558
1395674
1395775
1395796
1395997
1395992
1396174
1396205
1396331
1396383
1396327
1396185
1396142
1395799
1395580
1395358
1395233
1395105
1395037
1395003
1394947
1394877
1394913
1394846
1394748
1394780
1394757
1394680
1394745
1394751
1394685
1394650
1394679
1394680
1394676
1394729
1394730
1394743
1394818
1394720
1394808
1394784
1394817
1394725
1394825
1394767
1394815
1394793
1394792
1394723
1394657
1394632
1394686
1394658
1394526
1394541
1394542
1394505
1394325
1394487
1394504
1394551
1394580
1394711
1394662
1394757
1394744
1394772
1394835
1394952
1394919
1395044
1395198
1395256
1395296
1395379
1395452
1395563
1395642
1395861
1395879
1396037
1396172
1396169
1396201
1396149
1396122
1396051
1395822
1395562
1395382
1395084
1394943
1394916
1394811
1394757
1394680
1394616
1394590
1394497
1394574
1394483
1394424
1394420
1394387
1394453
1394387
1394339
1394309
1394296
1394361
1394247
1394254
1394287
1394390
1394340
1394432
1394389
1394415
1394393
1394356
1394422
1394420
1394338
1394321
1394287
1394278
1394241
1394233
1394149
1394137
1394210
1394132
1394174
1394138
1394236
1394323
1394320
1394253
1394384
1394436
1394547
1394595
1394551
1394639
1394752
1394807
1394888
1394933
1395229
1395187
1395338
1395450
1395566
1395621
1395756
1395861
1396034
1396172
1396101
1396174
1396043
1395866
1395608
1395430
1395199
1394983
1394888
1394846
1394889
1394842
1394695
1394746
1394632
1394537
1394589
1394478
1394508
1394603
1394569
1394583
1394566
1394586
1394566
1394696
1394615
1394745
1394803
1394824
1394808
1394820
1394808
1394921
1394940
1394952
1394966
1394998
1395057
1394994
1395042
1395002
1394998
1395061
1394970
1394950
1394978
1394993
1395042
1395125
1395171
1395231
1395319
1395277
1395373
1395398
1395535
1395618
1395595
1395764
1395811
1395932
1396098
1396240
1396381
1396409
1396553
1396663
1396777
1396920
1397005
1397046
1396983
1396859
1396714
1396365
1396190
1396007
1395971
1395858
1395865
1395732
1395587
1395526
1395430
1395432
1395388
1395446
1395490
1395491
1395535
1395547
1395568
1395576
1395554
1395600
1395657
1395686
1395764
1395828
1395915
1395960
1395892
1396010
1396015
1396006
1396041
1396099
1396046
1396073
1396118
1396036
1396053
1396042
1395965
1396008
1396008
1396018
1396003
1396137
1396146
1396308
1396252
1396293
1396347
1396418
1396552
1396430
1396462
1396545
1396661
1396618
1396730
1396906
1396997
1397077
1397274
1397278
1397409
1397459
1397488
1397443
1397412
1397162
1396859
1396607
1396406
1396301
1396121
1396083
1395943
1395966
1395776
1395763
1395669
1395670
1395559
1395565
1395630
1395547
1395545
1395534
1395452
1395461
1395516
1395541
1395655
1395715
1395675
1395715
1395688
1395797
1395695
1395655
1395698
1395754
1395688
1395668
1395553
1395694
1395571
1395623
1395511
1395519
1395487
1395468
1395455
1395527
1395535
1395511
1395565
1395600
1395478
1395556
1395599
1395639
1395672
1395666
1395671
1395753
1395812
1395806
1395985
1396016
1396099
1396203
1396236
1396397
1396456
1396394
1396262
1396080
1395773
1395556
1395302
1395175
1394954
1394829
1394777
1394654
1394597
1394506
1394483
1394375
1394283
1394207
1394179
1394142
1394068
1394020
1393945
1393926
1393888
1393869
1393887
1393787
1393851
1393811
1393905
1393876
1393843
1393838
1393792
1393800
1393746
1393719
1393746
1393638
1393612
1393632
1393526
1393500
1393493
1393372
1393389
1393294
1393313
1393299
1393406
1393350
1393413
1393426
1393447
1393389
1393443
1393552
1393530
1393557
1393629
1393760
1393857
1393899
1393992
1394079
1394231
1394332
1394481
1394519
1394583
1394568
1394534
1394457
1394227
1393901
1393693
1393541
1393323
1393206
1393188
1393136
1393106
1393033
1392992
1393019
1392973
1392921
1392842
1392837
1392865
1392883
1392787
1392800
1392789
1392797
1392724
1392862
1392858
1392988
1392998
1392945
1393026
1393078
1393010
1393094
1393126
1393211
1393130
1393120
1393149
1393189
1393141
1393216
1393149
1393093
1393070
1393187
1393125
1393117
1393153
1393251
1393212
1393333
1393422
1393454
1393437
1393528
1393613
1393650
1393732
1393792
1393924
1394101
1394216
1394249
1394433
1394521
1394753
1394847
1394907
1394897
1395026
1394856
1394700
1394550
1394299
1394173
1394054
1393900
1393890
1393798
1393804
1393712
1393797
1393806
1393707
1393703
1393710
1393732
1393763
1393787
1393780
1393776
1393840
1393953
1393955
1394118
1394204
1394168
1394223
1394238
1394250
1394342
1394404
1394333
1394380
1394385
1394503
1394434
1394527
1394480
1394366
1394339
1394405
1394353
1394385
1394470
1394424
1394453
1394548
1394662
1394704
1394795
1394799
1394871
1394926
1394980
1394908
1395024
1395072
1395156
1395276
1395437
1395472
1395586
1395736
1395728
1395960
1396031
1396121
1396132
1396094
1395932
1395699
1395567
1395369
1395153
1395033
1395023
1394919
1394878
1394871
1394883
1394779
1394734
1394727
1394723
1394707
1394699
1394731
1394749
1394765
1394759
1394762
1394741
1394889
1394920
1395003
1394954
1394964
1394979
1394946
1394980
1395020
1395001
1394966
1394913
1394900
1394911
1394912
1394805
1394701
1394727
1394710
1394609
1394580
1394600
1394636
1394625
1394636
1394696
1394772
1394803
1394837
1394859
1394942
1394975
1394972
1394938
1395035
1395124
1395216
1395323
1395380
1395630
1395734
1395878
1395828
1396049
1396214
1396250
1396233
1396192
1396117
1395846
1395589
1395476
1395306
1395130
1394990
1394869
1394819
1394843
1394797
1394840
1394722
1394674
1394690
1394606
1394607
1394576
1394584
1394546
1394479
1394525
1394441
1394448
1394536
1394571
1394590
1394676
1394675
1394656
1394596
1394619
1394631
1394557
1394544
1394624
1394558
1394514
1394540
1394486
1394518
1394477
1394427
1394421
1394380
1394338
1394336
1394347
1394440
1394424
1394422
1394396
1394490
1394533
1394524
1394539
1394563
1394648
1394722
1394825
1394877
1394946
1394938
1395105
1395193
1395271
1395404
1395603
1395655
1395774
1395903
1396072
1396041
1396077
1395912
1395754
1395510
1395337
1395244
1395059
1394916
1394830
1394805
1394838
1394738
1394701
1394715
1394719
1394764
1394694
1394602
1394608
1394609
1394562
1394504
1394629
1394636
1394639
1394676
1394600
1394713
1394662
1394743
1394752
1394853
1394858
1394869
1394901
1394967
1394886
1394833
1394869
1394879
1394899
1394887
1394789
1394740
1394800
1394745
1394661
1394699
1394696
1394803
1394828
1394824
1394875
1394883
1395024
1394992
1395133
1395191
1395256
1395325
1395349
1395440
1395609
1395731
1395806
1395951
1396039
1396204
1396372
1396530
1396553
1396723
1396833
1396962
1396919
1396826
1396779
1396493
1396260
1396169
1395991
1395942
1395894
1395815
1395900
1395907
1395822
1395801
1395779
1395802
1395749
1395752
1395782
1395738
1395805
1395752
1395798
1395801
1395917
1395893
1395886
1395935
1396074
1396074
1396043
1396070
1396149
1396134
1396200
1396240
1396276
1396309
1396208
1396257
1396228
1396190
1396151
1396214
1396206
1396212
1396211
1396247
1396316
1396265
1396404
1396429
1396465
1396432
1396567
1396671
1396669
1396741
1396785
1396856
1396971
1397030
1397203
1397361
1397450
1397595
1397833
1397760
1397990
1398113
1398233
1398332
1398421
1398375
1398321
1398244
1397998
1397909
1397615
1397459
1397311
1397264
1397259
1397256
1397241
1397186
1397206
1397218
1397169
1397238
1397219
1397298
1397304
1397338
1397417
1397437
1397512
1397520
1397605
1397617
1397711
1397834
1397781
1397797
1397892
1398013
1398048
1398006
1398108
1398145
1398160
1398165
1398146
1398301
1398218
1398131
1398202
1398245
1398218
1398229
1398283
1398372
1398399
1398415
1398408
1398573
1398570
1398680
1398735
1398790
1398879
1398951
1398957
1399078
1399169
1399336
1399434
1399515
1399707
1399821
1399869
1400027
1400089
1400248
1400181
1400092
1400049
1399873
1399634
1399453
1399286
1399149
1399102
1399039
1398998
1399011
1398995
1398959
1398985
1398907
1399016
1399041
1398987
1399022
1399063
1399110
1399146
1399220
1399275
1399453
1399394
1399495
1399502
1399532
1399581
1399667
1399681
1399784
1399758
1399856
1399829
1399905
1399883
1399917
1399839
1399767
1399837
1399787
1399776
1399814
1399898
1399837
1399894
1399959
1399974
1400102
1400101
1400196
1400276
1400405
1400438
1400480
1400489
1400548
1400586
1400750
1400869
1400933
1401074
1401197
1401216
1401327
1401469
1401573
1401640
1401785
1401698
1401605
1401475
1401322
1401118
1400968
1400828
1400669
1400533
1400501
1400444
1400317
1400352
1400333
1400285
1400377
1400356
1400320
1400405
1400459
1400444
1400340
1400455
1400484
1400540
1400600
1400582
1400736
1400748
1400655
1400791
1400760
1400780
1400859
1400898
1400876
1400926
1400921
1400765
1400863
1400891
1400911
1400929
1400897
1400799
1400830
1400873
1400820
1400828
1400805
1400930
1400926
1400968
1401102
1401065
1401134
1401088
1401210
1401286
1401361
1401372
1401458
1401489
1401555
1401626
1401751
1401831
1401919
1402039
1402149
1402288
1402435
1402376
1402428
1402284
1402207
1402035
1401766
1401572
1401403
1401236
1401108
1400939
1400907
1400805
1400783
1400701
1400658
1400601
1400556
1400586
1400566
1400549
1400513
1400403
1400508
1400525
1400540
1400609
1400575
1400637
1400592
1400598
1400634
1400594
1400604
1400650
1400702
1400707
1400676
1400559
1400623
1400647
1400622
1400636
1400546
1400565
1400527
1400539
1400512
1400531
1400551
1400533
1400518
1400512
1400557
1400617
1400557
1400587
1400620
1400726
1400836
1400897
1401003
1400997
1401137
1401171
1401280
1401393
1401568
1401603
1401769
1401829
1401868
1401960
1402113
1402024
1401996
1401887
1401583
1401424
1401221
1400990
1400799
1400714
1400606
1400601
1400524
1400455
1400437
1400405
1400265
1400302
1400317
1400369
1400235
1400208
1400235
1400272
1400273
1400300
1400334
1400303
1400347
1400351
1400393
1400454
1400451
1400520
1400520
1400464
1400517
1400517
1400579
1400635
1400520
1400552
1400544
1400435
1400466
1400508
1400544
1400523
1400495
1400535
1400509
1400459
1400556
1400653
1400634
1400714
1400632
1400793
1400809
1400833
1400944
1401022
1401065
1401156
1401164
1401368
1401487
1401682
1401721
1401877
1401942
1402042
1402152
1402106
1402047
1401981
1401740
1401449
1401320
1401140
1400867
1400838
1400572
1400627
1400538
1400501
1400433
1400404
1400388
1400306
1400298
1400308
1400221
1400235
1400205
1400233
1400281
1400277
1400373
1400355
1400359
1400385
1400451
1400472
1400465
1400540
1400510
1400571
1400611
1400615
1400645
1400683
1400629
1400691
1400683
1400677
1400609
1400542
1400713
1400662
1400677
1400739
1400673
1400758
1400814
1400920
1400945
1401049
1401120
1401107
1401147
1401198
1401242
1401312
1401369
1401535
1401578
1401652
1401840
1401833
1402008
1402124
1402119
1402212
1402169
1402147
1401961
1401823
1401535
1401394
1401161
1401043
1400939
1400783
1400779
1400779
1400708
1400554
1400578
1400533
1400489
1400444
1400436
1400462
1400512
1400546
1400557
1400654
1400634
1400694
1400720
1400721
1400772
1400780
1400795
1400826
1400896
1400961
1400928
1400961
1400980
1401036
1400941
1400892
1400844
1400823
1400826
1400791
1400769
1400717
1400780
1400803
1400850
1400901
1400954
1401015
1401043
1401043
1401118
1401121
1401145
1401181
1401280
1401382
1401373
1401470
1401616
1401735
1401794
1401894
1401915
1402030
1402063
1401959
1401959
1401846
1401537
1401290
1401081
1400919
1400709
1400581
1400589
1400478
1400445
1400325
1400229
1400199
1400122
1400165
1400097
1400059
1400088
1400111
1400073
1400093
1400107
1400109
1400257
1400225
1400280
1400388
1400369
1400240
1400358
1400310
1400393
1400314
1400383
1400282
1400313
1400222
1400214
1400178
1400161
1400151
1400084
1400132
1400090
1400002
1400108
1399977
1400109
1400103
1400097
1400205
1400227
1400203
1400183
1400235
1400174
1400230
1400242
1400359
1400389
1400457
1400548
1400662
1400774
1400869
1400954
1401011
1400892
1400933
1400768
1400527
1400219
1400063
1399806
1399542
1399486
1399442
1399295
1399245
1399151
1399014
1398955
1398911
1398965
1398824
1398881
1398808
1398746
1398612
1398609
1398570
1398600
1398602
1398609
1398681
1398752
1398668
1398679
1398670
1398694
1398617
1398634
1398670
1398593
1398617
1398528
1398506
1398388
1398428
1398372
1398365
1398317
1398323
1398314
1398307
1398272
1398329
1398259
1398327
1398333
1398378
1398350
1398358
1398399
1398473
1398402
1398518
1398561
1398520
1398598
1398604
1398715
1398861
1398965
1399021
1399082
1399274
1399329
1399340
1399290
1399219
1399024
1398796
1398530
1398283
1398093
1397922
1397814
1397730
1397686
1397536
1397544
1397514
1397410
1397339
1397276
1397226
1397149
1397146
1397073
1397047
1396988
1397024
1396996
1396918
1396935
1397024
1396931
1397003
1396960
1396949
1397022
1397088
1397063
1397076
1396974
1396979
1396838
1396895
1396869
1396752
1396705
1396728
1396637
1396623
1396661
1396625
1396672
1396731
1396659
1396697
1396727
1396702
1396813
1396827
1396839
1396866
1396909
1396967
1396901
1397067
1397161
1397170
1397223
1397322
1397401
1397578
1397640
1397771
1397828
1397892
1397996
1398010
1397979
1397754
1397612
1397399
1397131
1396896
1396733
1396709
1396624
1396551
1396525
1396474
1396390
1396345
1396273
1396168
1396212
1396153
1396155
1396189
1396129
1396013
1396098
1396062
1396098
1396181
1396248
1396239
1396232
1396267
1396276
1396238
1396225
1396264
1396235
1396178
1396242
1396144
1396127
1396062
1396094
1396102
1395996
1395995
1396014
1395943
1395972
1396061
1396070
1396082
1396184
1396223
1396230
1396355
1396368
1396395
1396468
1396438
1396505
1396572
1396705
1396790
1396937
1397024
1397082
1397223
1397333
1397488
1397587
1397755
1397884
1397945
1397928
1397995
1397954
1397870
1397621
1397585
1397302
1397109
1397005
1396975
1396915
1396836
1396915
1396838
1396752
1396740
1396784
1396782
1396808
1396766
1396804
1396871
1396840
1396880
1396888
1396949
1396958
1396983
1397163
1397142
1397199
1397249
1397263
1397207
1397260
1397352
1397442
1397535
1397545
1397523
1397485
1397432
1397391
1397439
1397391
1397364
1397417
1397538
1397542
1397567
1397612
1397635
1397648
1397696
1397798
1397816
1397912
1397883
1397997
1398074
1398120
1398223
1398357
1398544
1398477
1398720
1398797
1398813
1398970
1399000
1399097
1399184
1399100
1399024
1398774
1398587
1398480
1398270
1398188
1398023
1398053
1397974
1397881
1397878
1397788
1397768
1397844
1397744
1397739
1397772
1397811
1397894
1397934
1397942
1397953
1398055
1398195
1398157
1398227
1398243
1398327
1398301
1398314
1398407
1398415
1398460
1398560
1398526
1398530
1398471
1398485
1398451
1398452
1398383
1398403
1398446
1398392
1398486
1398465
1398447
1398462
1398537
1398504
1398565
1398604
1398753
1398726
1398765
1398764
1398863
1398860
1398864
1398987
1399095
1399145
1399261
1399354
1399535
1399518
1399752
1399783
1399778
1399778
1399714
1399465
1399290
1399123
1398867
1398717
1398634
1398571
1398427
1398398
1398452
1398284
1398249
1398238
1398242
1398183
1398163
1398175
1398150
1398142
1398142
1398104
1398220
1398220
1398294
1398343
1398339
1398431
1398405
1398468
1398501
1398534
1398524
1398519
1398615
1398484
1398546
1398528
1398525
1398566
1398505
1398478
1398429
1398417
1398411
1398468
1398475
1398467
1398494
1398514
1398620
1398530
1398728
1398735
1398683
1398845
1398833
1398943
1398902
1398957
1399095
1399105
1399270
1399385
1399447
1399510
1399604
1399717
1399831
1399957
1399956
1399981
1399914
1399694
1399357
1399281
1399036
1398839
1398713
1398615
1398599
1398514
1398426
1398427
1398387
1398309
1398322
1398268
1398318
1398206
1398235
1398266
1398258
1398227
1398213
1398266
1398243
1398112
1398283
1398278
1398241
1398289
1398273
1398205
1398297
1398318
1398238
1398238
1398318
1398323
1398271
1398345
1398305
1398291
1398244
1398137
1398242
1398147
1398121
1398236
1398191
1398200
1398237
1398305
1398435
1398521
1398531
1398580
1398635
1398709
1398756
1398796
1398998
1399007
1399189
1399346
1399441
1399595
1399749
1399807
1399963
1400042
1400146
1400123
1400118
1400011
1399787
1399675
1399419
1399295
1399189
1399105
1398986
1399033
1398915
1398894
1398949
1398895
1398941
1398830
1398928
1398894
1399009
1399032
1399053
1399052
1399224
1399267
1399258
1399248
1399390
1399444
1399464
1399557
1399634
1399627
1399708
1399770
1399750
1399832
1399911
1399887
1399941
1399846
1399973
1399955
1399856
1399859
1399915
1399946
1399900
1399906
1400076
1400093
1400163
1400220
1400358
1400314
1400289
1400409
1400505
1400579
1400711
1400755
1400882
1401068
1401118
1401264
1401315
1401456
1401482
1401531
1401558
1401507
1401393
1401170
1400992
1400766
1400654
1400567
1400505
1400438
1400382
1400404
1400349
1400274
1400269
1400254
1400219
1400189
1400322
1400334
1400443
1400373
1400462
1400529
1400568
1400634
1400627
1400679
1400834
1400910
1400958
1400944
1400956
1401015
1401016
1400956
1400985
1401008
1401014
1400973
1401031
1400937
1400933
1400911
1400905
1400902
1400967
1400932
1401033
1401043
1400992
1401024
1401094
1401083
1401156
1401167
1401231
1401362
1401372
1401485
1401601
1401684
1401798
1401913
1402041
1402216
1402265
1402267
1402198
1402196
1402028
1401770
1401565
1401333
1401284
1401156
1401055
1400968
1400908
1400834
1400824
1400708
1400669
1400567
1400642
1400566
1400622
1400568
1400547
1400524
1400501
1400549
1400624
1400697
1400801
1400728
1400783
1400749
1400852
1400815
1400780
1400836
1400841
1400861
1400899
1400904
1400887
1400929
1400946
1400843
1400756
1400835
1400768
1400828
1400782
1400789
1400753
1400862
1400847
1400826
1400846
1400891
1400898
1401009
1400983
1401019
1401024
1401075
1401050
1401160
1401328
1401467
1401572
1401680
1401775
1401739
1401851
1401943
1401944
1401836
1401652
1401486
1401224
1401069
1400900
1400712
1400661
1400643
1400583
1400516
1400491
1400440
1400496
1400395
1400413
1400281
1400370
1400270
1400275
1400314
1400327
1400284
1400357
1400295
1400365
1400356
1400417
1400355
1400454
1400399
1400378
1400436
1400479
1400468
1400493
1400409
1400531
1400470
1400389
1400386
1400329
1400350
1400357
1400365
1400334
1400324
1400367
1400363
1400323
1400356
1400368
1400440
1400485
1400547
1400591
1400628
1400689
1400763
1400774
1400852
1400918
1401006
1401086
1401251
1401372
1401534
1401620
1401637
1401756
1401799
1401682
1401613
1401529
1401372
1401096
1400919
1400861
1400639
1400684
1400631
1400489
1400446
1400431
1400334
1400307
1400311
1400276
1400302
1400277
1400318
1400311
1400317
1400312
1400337
1400333
1400389
1400372
1400365
1400364
1400407
1400392
1400344
1400475
1400408
1400446
1400508
1400480
1400473
1400570
1400511
1400544
1400492
1400445
1400492
1400446
1400443
1400418
1400349
1400365
1400440
1400510
1400539
1400624
1400653
1400789
1400860
1400846
1400981
1401027
1401110
1401195
1401260
1401379
1401468
1401602
1401722
1401784
1401918
1402032
1402175
1402282
1402481
1402487
1402492
1402485
1402326
1402181
1402068
1401894
1401774
1401636
1401591
1401466
1401505
1401481
1401481
1401418
1401461
1401419
1401361
1401486
1401340
1401405
1401498
1401486
1401508
1401550
1401608
1401653
1401719
1401781
1401894
1401939
1401988
1402037
1402097
1402098
1402172
1402189
1402236
1402267
1402308
1402176
1402311
1402283
1402253
1402276
1402287
1402336
1402279
1402316
1402415
1402378
1402472
1402451
1402533
1402544
1402636
1402687
1402841
1402874
1402927
1403114
1403087
1403273
1403291
1403407
1403520
1403688
1403751
1403957
1404023
1404082
1404155
1404120
1404115
1404111
1403854
1403712
1403496
1403349
1403265
1403154
1403076
1403080
1403008
1403078
1403012
1403006
1402983
1402963
1403009
1403101
1403138
1403112
1403191
1403225
1403277
1403408
1403440
1403474
1403554
1403586
1403627
1403750
1403767
1403797
1403852
1403871
1403849
1403904
1403901
1403933
1403864
1403862
1403879
1403773
1403775
1403810
1403813
1403816
1403847
1403911
1404002
1403931
1404018
1404014
1404059
1404178
1404258
1404230
1404153
1404319
1404377
1404406
1404560
1404618
1404748
1404847
1404955
1405078
1405090
1405264
1405193
1405193
1405188
1405134
1404897
1404685
1404458
1404391
1404175
1404122
1404125
1404008
1404077
1403947
1403996
1404035
1404019
1404004
1403938
1403878
1404013
1404020
1404101
1404141
1404182
1404247
1404369
1404335
1404416
1404421
1404457
1404430
1404526
1404634
1404653
1404639
1404614
1404690
1404662
1404725
1404790
1404733
1404667
1404757
1404767
1404664
1404804
1404767
1404722
1404672
1404733
1404809
1404800
1404778
1404818
1404837
1404840
1404897
1404904
1405009
1405006
1405014
1405047
1405167
1405262
1405271
1405356
1405491
1405590
1405651
1405762
1405849
1405960
1405965
1405994
1405890
1405894
1405670
1405405
1405162
1404989
1404780
1404596
1404572
1404422
1404492
1404368
1404377
1404213
1404230
1404211
1404264
1404227
1404134
1404095
1404068
1404076
1404139
1404136
1404086
1404195
1404235
1404148
1404175
1404136
1404206
1404225
1404288
1404292
1404174
1404258
1404229
1404269
1404259
1404367
1404240
1404229
1404210
1404123
1404105
1404133
1404110
1404048
1404133
1404107
1404134
1404247
1404230
1404336
1404296
1404410
1404397
1404462
1404542
1404476
1404623
1404702
1404796
1404959
1404983
1405070
1405162
1405246
1405364
1405490
1405630
1405574
1405668
1405502
1405389
1405118
1404971
1404726
1404521
1404360
1404247
1404203
1404097
1404050
1403954
1403906
1403863
1403841
1403861
1403830
1403861
1403872
1403811
1403773
1403781
1403684
1403713
1403759
1403850
1403929
1403899
1403913
1403913
1404040
1404014
1404105
1404111
1404098
1404052
1404111
1404093
1404084
1404118
1404062
1404081
1403995
1403988
1404004
1403973
1404090
1404027
1404039
1404033
1404091
1404223
1404128
1404214
1404331
1404302
1404283
1404280
1404393
1404414
1404489
1404708
1404739
1404796
1404929
1404956
1405180
1405155
1405292
1405400
1405490
1405551
1405581
1405483
1405306
1405232
1405003
1404827
1404554
1404408
1404319
1404237
1404159
1404037
1403960
1403951
1403923
1403786
1403769
1403753
1403769
1403690
1403714
1403697
1403682
1403584
1403572
1403629
1403627
1403599
1403678
1403754
1403812
1403759
1403780
1403909
1403877
1403885
1403922
1403938
1403958
1404015
1403951
1403873
1403832
1403797
1403729
1403811
1403762
1403740
1403755
1403788
1403798
1403853
1403824
1403851
1403911
1403895
1403954
1404012
1404013
1404125
1404132
1404343
1404420
1404543
1404619
1404741
1404809
1404933
1405086
1405158
1405206
1405219
1405352
1405276
1405161
1405059
1404796
1404565
1404370
1404199
1403982
1403879
1403768
1403659
1403638
1403584
1403498
1403478
1403377
1403451
1403342
1403331
1403411
1403434
1403417
1403402
1403416
1403506
1403555
1403564
1403625
1403611
1403703
1403618
1403715
1403716
1403715
1403808
1403825
1403826
1403905
1403849
1403781
1403807
1403750
1403752
1403744
1403753
1403816
1403862
1403833
1403870
1403882
1403890
1403966
1404009
1404084
1404112
1404187
1404188
1404297
1404330
1404425
1404445
1404575
1404694
1404676
1404878
1404995
1405049
1405097
1405192
1405225
1405175
1405093
1404964
1404780
1404483
1404245
1404099
1403971
1403848
1403682
1403599
1403557
1403490
1403386
1403371
1403318
1403207
1403252
1403194
1403234
1403265
1403363
1403408
1403349
1403491
1403513
1403474
1403582
1403607
1403672
1403644
1403652
1403768
1403730
1403771
1403813
1403769
1403780
1403692
1403738
1403770
1403784
1403724
1403807
1403649
1403714
1403694
1403726
1403802
1403875
1403888
1403903
1403860
1403980
1403937
1404009
1404061
1404107
1404224
1404274
1404330
1404373
1404515
1404642
1404658
1404761
1404918
1405015
1405051
1405059
1405024
1404938
1404718
1404474
1404263
1403986
1403836
1403696
1403546
1403374
1403274
1403272
1403163
1403031
1402984
1402883
1402884
1402846
1402766
1402916
1402883
1402853
1402820
1402908
1402870
1402909
1402945
1402978
1402996
1403051
1403117
1403061
1403096
1403075
1403039
1403116
1403123
1403075
1403061
1402988
1402967
1402961
1402865
1402816
1402879
1402809
1402902
1402912
1402900
1402864
1402905
1402944
1402912
1402938
1403105
1403145
1403168
1403127
1403184
1403169
1403333
1403359
1403504
1403555
1403660
1403714
1403876
1403887
1403935
1403970
1403961
1403804
1403695
1403412
1403252
1403006
1402712
1402532
1402434
1402324
1402212
1402105
1402041
1401924
1401904
1401879
1401778
1401726
1401725
1401611
1401528
1401509
1401518
1401521
1401498
1401516
1401547
1401647
1401608
1401537
1401572
1401619
1401611
1401615
1401650
1401658
1401610
1401569
1401504
1401475
1401412
1401394
1401374
1401327
1401413
1401441
1401457
1401483
1401407
1401421
1401377
1401408
1401476
1401507
1401511
1401467
1401433
1401533
1401538
1401673
1401672
1401706
1401830
1401853
1401927
1402092
1402208
1402260
1402302
1402487
1402609
1402630
1402665
1402717
1402644
1402382
1402158
1401889
1401651
1401396
1401298
1401072
1400999
1400959
1400763
1400678
1400625
1400540
1400384
1400373
1400295
1400256
1400263
1400173
1400157
1400093
1400088
1400135
1400102
1400166
1400152
1400152
1400118
1400121
1400193
1400095
1400223
1400213
1400216
1400205
1400235
1400199
1400285
1400149
1400122
1400078
1400067
1400074
1400010
1399982
1400044
1400012
1400076
1400111
1400134
1400174
1400281
1400257
1400330
1400354
1400429
1400572
1400609
1400721
1400837
1400851
1400975
1401015
1401157
1401333
1401385
1401488
1401616
1401675
1401891
1401988
1401995
1401812
1401714
1401534
1401269
1401092
1400854
1400733
1400605
1400508
1400460
1400339
1400219
1400107
1400052
1400037
1400035
1400008
1400029
1400094
1400015
1400070
1400166
1400121
1400299
1400217
1400278
1400422
1400423
1400444
1400536
1400608
1400590
1400729
1400726
1400769
1400837
1400888
1400902
1400901
1400861
1400815
1400875
1400851
1400844
1400906
1400970
1401011
1401086
1401074
1401081
1401156
1401186
1401323
1401357
1401441
1401517
1401490
1401674
1401732
1401868
1401968
1402068
1402240
1402354
1402400
1402508
1402609
1402589
1402543
1402430
1402214
1402012
1401755
1401483
1401382
1401300
1401162
1401053
1400904
1400860
1400805
1400638
1400530
1400508
1400534
1400593
1400589
1400555
1400533
1400650
1400606
1400662
1400758
1400821
1400886
1400868
1400880
1400893
1400918
1401030
1401112
1401136
1401194
1401164
1401145
1401065
1401028
1401083
1401082
1401038
1401103
1401037
1401017
1401120
1401141
1401020
1401089
1401165
1401278
1401292
1401304
1401393
1401452
1401506
1401560
1401603
1401689
1401617
1401829
1401871
1402028
1402075
1402208
1402267
1402319
1402282
1402261
1402081
1401873
1401583
1401348
1401195
1400944
1400827
1400661
1400478
1400326
1400217
1399991
1399960
1399827
1399733
1399721
1399752
1399714
1399656
1399639
1399620
1399656
1399644
1399621
1399640
1399661
1399720
1399733
1399781
1399832
1399883
1399819
1399803
1399820
1399773
1399768
1399736
1399814
1399815
1399704
1399743
1399668
1399645
1399591
1399648
1399581
1399518
1399608
1399555
1399607
1399637
1399678
1399730
1399743
