1096130
1096017
1095925
1095950
1095927
1095894
1095875
1095762
1095790
1095758
1095633
1095715
1095580
1095594
1095559
1095601
1095587
1095527
1095546
1095460
1095377
1095376
1095383
1095341
1095331
1095328
1095358
1095326
1095309
1095278
1095279
1095245
1095299
1095267
1095387
1095422
1095404
1095423
1095455
1095485
1095526
1095592
1095684
1095667
1095712
1095748
1095886
1095987
1095903
1096168
1096208
1096249
1096390
1096422
1096467
1096520
1096651
1096754
1096793
1096843
1097028
1097192
1097307
1097427
1097424
1097341
1097170
1097067
1096978
1096826
1096833
1096740
1096711
1096677
1096583
1096568
1096448
1096352
1096260
1096251
1096167
1096144
1096174
1096190
1096180
1096281
1096241
1096292
1096300
1096312
1096379
1096330
1096408
1096372
1096392
1096409
1096412
1096321
1096402
1096399
1096422
1096382
1096485
1096469
1096443
1096490
1096463
1096478
1096514
1096551
1096585
1096610
1096616
1096682
1096771
1096855
1096908
1096979
1096984
1097065
1097153
1097221
1097233
1097358
1097400
1097458
1097498
1097682
1097739
1097832
1097853
1097975
1098041
1098131
1098204
1098352
1098450
1098578
1098727
1098715
1098748
1098644
1098446
1098285
1098222
1098112
1098018
1097953
1097818
1097720
1097634
1097574
1097367
1097240
1097125
1097069
1096946
1096989
1096876
1096998
1096915
1096859
1096833
1096852
1096798
1096775
1096848
1096802
1096778
1096797
1096773
1096697
1096733
1096672
1096619
1096594
1096611
1096553
1096556
1096507
1096440
1096420
1096422
1096340
1096368
1096324
1096279
1096296
1096290
1096238
1096388
1096311
1096310
1096289
1096307
1096295
1096319
1096296
1096360
1096341
1096384
1096420
1096403
1096493
1096489
1096614
1096611
1096722
1096619
1096667
1096786
1096805
1096941
1096983
1097033
1096999
1096972
1096838
1096633
1096457
1096292
1096148
1095909
1095798
1095674
1095553
1095438
1095145
1095100
1094786
1094694
1094583
1094406
1094461
1094376
1094309
1094295
1094251
1094217
1094119
1094090
1093966
1094004
1094012
1093995
1093968
1093939
1093913
1093845
1093838
1093702
1093685
1093680
1093660
1093628
1093564
1093610
1093534
1093433
1093492
1093460
1093415
1093462
1093373
1093382
1093473
1093500
1093423
1093432
1093440
1093501
1093481
1093510
1093544
1093618
1093601
1093655
1093707
1093733
1093801
1093828
1093880
1093947
1094034
1094101
1094183
1094146
1094298
1094310
1094490
1094535
1094576
1094606
1094508
1094335
1094184
1094018
1093845
1093754
1093620
1093464
1093277
1093234
1093039
1092832
1092702
1092537
1092456
1092405
1092358
1092314
1092317
1092334
1092300
1092264
1092197
1092170
1092185
1092143
1092093
1092158
1092144
1092076
1092209
1092114
1092121
1092070
1092035
1092011
1092015
1091998
1091929
1091896
1091956
1091856
1091907
1091822
1091885
1091847
1091799
1091829
1091902
1091893
1091907
1091923
1092014
1092045
1092048
1092062
1092067
1092165
1092202
1092297
1092302
1092392
1092451
1092552
1092566
1092616
1092725
1092874
1092935
1092964
1093089
1093197
1093272
1093267
1093412
1093508
1093593
1093731
1093898
1093989
1094087
1094127
1093989
1093804
1093726
1093610
1093432
1093296
1093236
1093098
1092941
1092862
1092739
1092678
1092553
1092433
1092261
1092251
1092235
1092179
1092161
1092219
1092186
1092172
1092159
1092163
1092147
1092097
1092057
1092174
1092081
1092100
1092128
1092146
1092058
1092057
1092016
1092080
1091961
1092014
1092023
1092027
1092006
1092053
1091983
1092013
1091971
1091974
1092015
1092037
1092062
1092113
1092181
1092194
1092131
1092194
1092214
1092254
1092348
1092322
1092413
1092488
1092548
1092628
1092667
1092743
1092784
1092874
1092968
1093024
1093125
1093177
1093293
1093373
1093465
1093586
1093729
1093853
1093839
1093747
1093621
1093536
1093326
1093268
1093167
1093167
1093104
1093091
1093073
1093044
1092945
1092847
1092783
1092660
1092612
1092624
1092636
1092530
1092645
1092596
1092612
1092593
1092570
1092546
1092510
1092554
1092562
1092581
1092568
1092560
1092570
1092555
1092566
1092496
1092536
1092521
1092537
1092521
1092563
1092540
1092563
1092601
1092530
1092570
1092546
1092560
1092578
1092617
1092710
1092778
1092713
1092758
1092776
1092895
1092895
1092950
1092997
1093071
1093151
1093138
1093259
1093297
1093361
1093456
1093528
1093615
1093759
1093832
1093922
1093921
1094113
1094178
1094352
1094466
1094519
1094485
1094437
1094409
1094204
1094157
1094018
1094029
1094076
1094088
1094106
1094009
1093957
1093939
1093888
1093912
1093791
1093772
1093777
1093797
1093764
1093803
1093843
1093750
1093806
1093763
1093649
1093823
1093792
1093749
1093737
1093855
1093810
1093782
1093748
1093745
1093796
1093767
1093756
1093753
1093823
1093858
1093891
1093930
1093977
1093895
1093893
1093894
1093895
1093992
1093988
1094050
1094045
1094173
1094191
1094204
1094241
1094238
1094269
1094319
1094408
1094402
1094506
1094578
1094670
1094733
1094838
1094926
1094971
1095130
1095107
1095199
1095282
1095412
1095423
1095608
1095792
1095821
1095896
1095903
1095733
1095692
1095608
1095493
1095484
1095452
1095465
1095469
1095476
1095476
1095433
1095467
1095404
1095314
1095263
1095294
1095189
1095210
1095250
1095194
1095248
1095232
1095198
1095183
1095133
1095179
1095219
1095204
1095204
1095235
1095188
1095208
1095153
1095161
1095132
1095239
1095143
1095138
1095151
1095246
1095195
1095197
1095224
1095244
1095189
1095103
1095242
1095252
1095308
1095280
1095346
1095334
1095478
1095378
1095425
1095474
1095546
1095576
1095636
1095646
1095733
1095826
1095862
1095920
1095988
1096059
1096173
1096225
1096317
1096367
1096454
1096523
1096613
1096661
1096797
1096840
1097004
1097089
1097219
1097097
1096970
1096942
1096804
1096753
1096733
1096671
1096653
1096680
1096671
1096726
1096651
1096701
1096618
1096546
1096471
1096490
1096443
1096453
1096477
1096443
1096456
1096448
1096380
1096360
1096377
1096365
1096340
1096411
1096350
1096394
1096278
1096300
1096307
1096309
1096309
1096271
1096320
1096292
1096293
1096344
1096357
1096290
1096344
1096353
1096306
1096326
1096360
1096349
1096411
1096432
1096442
1096574
1096483
1096491
1096556
1096594
1096637
1096645
1096724
1096748
1096850
1096917
1096938
1096998
1097092
1097139
1097209
1097295
1097353
1097454
1097530
1097647
1097699
1097735
1097853
1097986
1098056
1098103
1098099
1098045
1097954
1097900
1097838
1097750
1097734
1097656
1097688
1097818
1097663
1097668
1097645
1097552
1097526
1097520
1097390
1097328
1097320
1097359
1097295
1097256
1097282
1097237
1097195
1097155
1097245
1097239
1097161
1097138
1097172
1097110
1097133
1097078
1097047
1097024
1096996
1097020
1097022
1096978
1097022
1097021
1097040
1096983
1097024
1096939
1096961
1096900
1096924
1096906
1096926
1096949
1096994
1097116
1097116
1097064
1097056
1097100
1097101
1097143
1097232
1097204
1097289
1097400
1097403
1097404
1097560
1097587
1097599
1097737
1097714
1097830
1097845
1097977
1098047
1098162
1098269
1098228
1098151
1098036
1097869
1097789
1097718
1097682
1097609
1097570
1097561
1097609
1097510
1097466
1097320
1097164
1097098
1097005
1096994
1096989
1097006
1096973
1096914
1096843
1096832
1096783
1096768
1096754
1096738
1096752
1096686
1096650
1096623
1096563
1096545
1096561
1096481
1096479
1096494
1096525
1096478
1096515
1096398
1096395
1096416
1096398
1096322
1096355
1096347
1096362
1096378
1096395
1096396
1096452
1096446
1096483
1096442
1096481
1096524
1096525
1096505
1096644
1096731
1096769
1096751
1096858
1096919
1097011
1097088
1097064
1097171
1097264
1097331
1097343
1097548
1097489
1097558
1097466
1097359
1097295
1097120
1097049
1096938
1096901
1096857
1096747
1096748
1096674
1096471
1096455
1096287
1096273
1096229
1096122
1096032
1096067
1095938
1095939
1095929
1095848
1095858
1095828
1095770
1095792
1095747
1095747
1095698
1095625
1095654
1095556
1095574
1095591
1095469
1095512
1095488
1095464
1095490
1095441
1095377
1095397
1095361
1095301
1095325
1095304
1095261
1095295
1095324
1095350
1095382
1095390
1095394
1095463
1095472
1095474
1095476
1095551
1095556
1095593
1095719
1095689
1095832
1095931
1095933
1096037
1096035
1096116
1096132
1096206
1096376
1096394
1096504
1096459
1096505
1096356
1096240
1096155
1096005
1095878
1095774
1095667
1095610
1095529
1095473
1095384
1095244
1095151
1095104
1094954
1094895
1094862
1094794
1094870
1094797
1094836
1094705
1094634
1094642
1094655
1094594
1094587
1094545
1094506
1094514
1094532
1094417
1094445
1094348
1094392
1094377
1094309
1094300
1094285
1094270
1094302
1094207
1094250
1094216
1094260
1094226
1094209
1094241
1094249
1094245
1094269
1094312
1094321
1094356
1094381
1094379
1094432
1094432
1094444
1094621
1094637
1094830
1094819
1094841
1094939
1094907
1094994
1095045
1095180
1095215
1095352
1095507
1095548
1095515
1095440
1095453
1095257
1095118
1094986
1094883
1094749
1094646
1094608
1094521
1094389
1094234
1094108
1094024
1093897
1093886
1093780
1093708
1093656
1093637
1093666
1093628
1093649
1093520
1093522
1093438
1093454
1093457
1093454
1093373
1093373
1093344
1093364
1093287
1093200
1093223
1093236
1093224
1093208
1093216
1093181
1093161
1093148
1093107
1093071
1093093
1093008
1093089
1093075
1093108
1093147
1093106
1093214
1093230
1093196
1093241
1093269
1093323
1093436
1093420
1093454
1093597
1093639
1093682
1093755
1093823
1093898
1093978
1094006
1094154
1094184
1094240
1094136
1093978
1093875
1093760
1093622
1093452
1093365
1093268
1093202
1093020
1092943
1092809
1092761
1092576
1092543
1092438
1092411
1092405
1092377
1092383
1092317
1092326
1092270
1092232
1092253
1092179
1092224
1092216
1092173
1092152
1092203
1092124
1092075
1092077
1092084
1092047
1092046
1092042
1092006
1091981
1091947
1091934
1091961
1091933
1091909
1091947
1091919
1092049
1092030
1092035
1092067
1092111
1092168
1092156
1092256
1092229
1092295
1092350
1092363
1092456
1092551
1092698
1092711
1092752
1092830
1092937
1092954
1093123
1093228
1093270
1093318
1093314
1093218
1093142
1092993
1092850
1092751
1092619
1092546
1092508
1092400
1092358
1092339
1092169
1092069
1091969
1091926
1091855
1091866
1091841
1091823
1091827
1091859
1091842
1091791
1091729
1091784
1091711
1091748
1091745
1091774
1091747
1091720
1091770
1091762
1091646
1091770
1091698
1091669
1091742
1091733
1091709
1091765
1091750
1091751
1091657
1091719
1091714
1091714
1091775
1091853
1091882
1091904
1091937
1091955
1092058
1092105
1092079
1092180
1092239
1092311
1092429
1092492
1092513
1092690
1092696
1092842
1092869
1092963
1093096
1093193
1093331
1093302
1093312
1093222
1093119
1093003
1092847
1092849
1092818
1092691
1092708
1092657
1092563
1092554
1092423
1092434
1092382
1092298
1092280
1092254
1092314
1092231
1092260
1092275
1092297
1092269
1092268
1092231
1092240
1092194
1092203
1092230
1092229
1092219
1092202
1092197
1092197
1092204
1092283
1092226
1092232
1092248
1092233
1092240
1092242
1092234
1092200
1092245
1092292
1092241
1092368
1092459
1092483
1092515
1092516
1092565
1092648
1092639
1092701
1092706
1092857
1092912
1093001
1093093
1093215
1093260
1093307
1093430
1093482
1093615
1093705
1093770
1093679
1093622
1093553
1093454
1093440
1093326
1093289
1093320
1093283
1093204
1093177
1093175
1093117
1093060
1093029
1092932
1092967
1092954
1092933
1093002
1092998
1092954
1092930
1092926
1092904
1092929
1092919
1092965
1092927
1093007
1093009
1092962
1092962
1092896
1092930
1092863
1092939
1092985
1093048
1093093
1093032
1093026
1093034
1093041
1093081
1092991
1093069
1093183
1093123
1093215
1093250
1093283
1093292
1093312
1093437
1093439
1093453
1093576
1093598
1093668
1093784
1093822
1093926
1093977
1094068
1094115
1094254
1094335
1094394
1094341
1094279
1094201
1094059
1094050
1093908
1094019
1093970
1093916
1093877
1093974
1093825
1093826
1093716
1093713
1093709
1093667
1093617
1093704
1093707
1093650
1093734
1093666
1093609
1093622
1093632
1093621
1093599
1093603
1093582
1093703
1093638
1093604
1093583
1093568
1093591
1093591
1093670
1093599
1093583
1093627
1093650
1093630
1093656
1093617
1093714
1093639
1093703
1093733
1093818
1093817
1093888
1093919
1093876
1093917
1093975
1094035
1094054
1094174
1094240
1094262
1094378
1094556
1094573
1094572
1094676
1094797
1094842
1094934
1095022
1094907
1094757
1094680
1094633
1094606
1094514
1094478
1094474
1094415
1094453
1094458
1094420
1094419
1094319
1094297
1094154
1094175
1094201
1094222
1094218
1094183
1094113
1094171
1094163
1094168
1094150
1094176
1094137
1094086
1094087
1094109
1094072
1094072
1094079
1094089
1094071
1094145
1094058
1094144
1094079
1094104
1094106
1094124
1094128
1094124
1094152
1094100
1094198
1094214
1094257
1094330
1094375
1094344
1094370
1094426
1094394
1094488
1094525
1094579
1094715
1094779
1094864
1094931
1094958
1095055
1095140
1095252
1095386
1095488
1095382
1095422
1095324
1095254
1095168
1095090
1095016
1095024
1094976
1094958
1094947
1094960
1094869
1094797
1094755
1094760
1094639
1094618
1094641
1094602
1094632
1094634
1094645
1094602
1094642
1094590
1094645
1094575
1094611
1094515
1094530
1094590
1094565
1094492
1094509
1094480
1094489
1094519
1094515
1094485
1094436
1094510
1094461
1094483
1094508
1094480
1094496
1094495
1094513
1094577
1094654
1094654
1094700
1094726
1094783
1094805
1094814
1094879
1094921
1094985
1095044
1095161
1095270
1095279
1095319
1095408
1095538
1095589
1095635
1095550
1095485
1095446
1095419
1095299
1095285
1095150
1095131
1095152
1095110
1095072
1094996
1094985
1094911
1094820
1094802
1094744
1094751
1094727
1094798
1094772
1094733
1094712
1094727
1094715
1094635
1094657
1094614
1094633
1094660
1094524
1094562
1094593
1094596
1094490
1094504
1094546
1094561
1094586
1094529
1094547
1094534
1094520
1094572
1094520
1094522
1094527
1094578
1094664
1094746
1094741
1094759
1094804
1094781
1094859
1094904
1094893
1094982
1095102
1095201
1095175
1095342
1095380
1095426
1095624
1095658
1095693
1095840
1095971
1096117
1096111
1096055
1095919
1095901
1095867
1095778
1095810
1095811
1095897
1095838
1095837
1095890
1095840
1095770
1095722
1095698
1095763
1095769
1095771
1095811
1095901
1095942
1095925
1096006
1095991
1096124
1096123
1096099
1096117
1096158
1096106
1096115
1096233
1096243
1096244
1096279
1096323
1096278
1096395
1096362
1096489
1096436
1096513
1096571
1096674
1096753
1096823
1096938
1096943
1097105
1097039
1097132
1097139
1097183
1097298
1097347
1097454
1097592
1097660
1097813
1097899
1097953
1098091
1098151
1098275
1098401
1098577
1098700
1098879
1099002
1099022
1099000
1098974
1098895
1098864
1098811
1098889
1098885
1099018
1099126
1099189
1099254
1099295
1099294
1099290
1099361
1099427
1099520
1099677
1099764
1099854
1099909
1099969
1100115
1100260
1100256
1100399
1100435
1100609
1100635
1100684
1100768
1100786
1100811
1100930
1101042
1101053
1101160
1101280
1101356
1101385
1101463
1101620
1101582
1101728
1101793
1101833
1101917
1101958
1102043
1102133
1102244
1102274
1102334
1102418
1102484
1102554
1102607
1102766
1102864
1102951
1103021
1103085
1103226
1103295
1103403
1103505
1103630
1103789
1103866
1103978
1103896
1103815
1103737
1103637
1103553
1103556
1103585
1103619
1103692
1103845
1103847
1103908
1103861
1103906
1103989
1103959
1103946
1103987
1104134
1104189
1104217
1104344
1104330
1104464
1104521
1104658
1104715
1104741
1104760
1104832
1104833
1104880
1104978
1105011
1105044
1105041
1105176
1105229
1105341
1105367
1105398
1105531
1105581
1105629
1105681
1105743
1105908
1105949
1106027
1106157
1106263
1106273
1106273
1106474
1106518
1106568
1106682
1106666
1106751
1106899
1106927
1107039
1107132
1107147
1107344
1107385
1107486
1107631
1107851
1108005
1108061
1108053
1108007
1107914
1107798
1107743
1107662
1107693
1107666
1107799
1107826
1107900
1107868
1107933
1107950
1108004
1108014
1108068
1108037
1108120
1108147
1108219
1108297
1108332
1108313
1108389
1108457
1108479
1108578
1108532
1108655
1108673
1108685
1108709
1108681
1108682
1108729
1108811
1108827
1108863
1108953
1109071
1109087
1109142
1109234
1109207
1109336
1109333
1109398
1109457
1109492
1109623
1109647
1109751
1109795
1109836
1109981
1109962
1109955
1110019
1110125
1110096
1110251
1110312
1110464
1110417
1110527
1110636
1110563
1110697
1110733
1110876
1110878
1111004
1111104
1111147
1111054
1111051
1111003
1110903
1110747
1110647
1110690
1110602
1110696
1110715
1110688
1110748
1110754
1110753
1110763
1110714
1110641
1110643
1110667
1110668
1110739
1110796
1110910
1110882
1110801
1110811
1110841
1110895
1110859
1110870
1110882
1110899
1110886
1110917
1110909
1110927
1110902
1110948
1110941
1111025
1111025
1111035
1111086
1111107
1111047
1111041
1111157
1111096
1111116
1111194
1111197
1111115
1111222
1111194
1111226
1111261
1111278
1111254
1111335
1111315
1111378
1111411
1111441
1111531
1111493
1111571
1111524
1111605
1111673
1111778
1111710
1111784
1111800
1111875
1111887
1111935
1112006
1112008
1112068
1112049
1112081
1112103
1112201
1112268
1112248
1112111
1111962
1111821
1111682
1111575
1111488
1111461
1111454
1111482
1111494
1111507
1111515
1111490
1111415
1111388
1111321
1111309
1111258
1111285
1111275
1111224
1111300
1111293
1111327
1111329
1111262
1111344
1111245
1111262
1111293
1111271
1111212
1111260
1111132
1111187
1111156
1111173
1111101
1111134
1111103
1111101
1111116
1111068
1111179
1111057
1111118
1111113
1111134
1111077
1111114
1111114
1111222
1111145
1111114
1111138
1111111
1111118
1111153
1111172
1111163
1111184
1111137
1111189
1111253
1111236
1111239
1111195
1111323
1111372
1111316
1111341
1111341
1111350
1111476
1111399
1111371
1111435
1111432
1111445
1111393
1111443
1111480
1111534
1111519
1111462
1111307
1111223
1111053
1110894
1110754
1110609
1110624
1110495
1110498
1110451
1110477
1110409
1110251
1110242
1110182
1110064
1110023
1109973
1109949
1109954
1109912
1109912
1109894
1109832
1109799
1109779
1109781
1109729
1109684
1109640
1109577
1109603
1109578
1109424
1109448
1109429
1109284
1109289
1109325
1109233
1109277
1109287
1109231
1109154
1109129
1109103
1109036
1109094
1109090
1109095
1109092
1109060
1109104
1109064
1108998
1109000
1108987
1108994
1108945
1108983
1108907
1109061
1109002
1108988
1109020
1108976
1108918
1108995
1108984
1108935
1108903
1108954
1108962
1108962
1108969
1108950
1109014
1108966
1108960
1108900
1108898
1108966
1108938
1109010
1108855
1108835
1108650
1108438
1108296
1108058
1108029
1107923
1107808
1107747
1107595
1107597
1107465
1107438
1107247
1107134
1107064
1106958
1106929
1106844
1106827
1106871
1106744
1106781
1106610
1106658
1106561
1106484
1106516
1106446
1106452
1106337
1106249
1106227
1106197
1106177
1106041
1105986
1105947
1105826
1105852
1105787
1105771
1105845
1105718
1105694
1105691
1105663
1105599
1105588
1105539
1105462
1105503
1105501
1105523
1105566
1105486
1105492
1105388
1105448
1105433
1105415
1105491
1105553
1105580
1105589
1105541
1105540
1105625
1105648
1105689
1105622
1105669
1105747
1105783
1105807
1105808
1105895
1105925
1105905
1105947
1105982
1105994
1106001
1106028
1105850
1105706
1105625
1105387
1105200
1105035
1104859
1104782
1104677
1104571
1104413
1104351
1104128
1103999
1103798
1103770
1103663
1103599
1103554
1103500
1103435
1103440
1103300
1103279
1103147
1103156
1103160
1103056
1103105
1102993
1102942
1102862
1102830
1102781
1102773
1102675
1102634
1102559
1102583
1102462
1102372
1102337
1102350
1102339
1102262
1102195
1102145
1102099
1102074
1102036
1102026
1102063
1101986
1102061
1102032
1102017
1101984
1101941
1101897
1101921
1101981
1101955
1101977
1102058
1102065
1101925
1102036
1102000
1102039
1102016
1102103
1102103
1102148
1102165
1102225
1102185
1102128
1102188
1102215
1102311
1102166
1102149
1101959
1101773
1101590
1101326
1101124
1101002
1100830
1100741
1100603
1100421
1100318
1100149
1100015
1099776
1099740
1099617
1099502
1099410
1099387
1099373
1099300
1099215
1099201
1099159
1099086
1099107
1099077
1099129
1099028
1098939
1098911
1098932
1098853
1098832
1098810
1098787
1098711
1098678
1098649
1098605
1098588
1098466
1098404
1098364
1098337
1098336
1098307
1098238
1098248
1098292
1098287
1098338
1098293
1098267
1098288
1098303
1098316
1098365
1098358
1098399
1098440
1098504
1098647
1098611
1098649
1098713
1098760
1098772
1098830
1098855
1098883
1099007
1099062
1099048
1099059
1099188
1099241
1099229
1099328
1099357
1099186
1099074
1098816
1098646
1098409
1098271
1098132
1097898
1097723
1097513
1097460
1097295
1097060
1096935
1096829
1096679
1096560
1096505
1096394
1096402
1096409
1096382
1096298
1096321
1096287
1096360
1096306
1096317
1096345
1096310
1096276
1096330
1096340
1096299
1096292
1096290
1096231
1096215
1096222
1096231
1096209
1096196
1096178
1096169
1096091
1096090
1096052
1096057
1096065
1096093
1096147
1096176
1096195
1096216
1096281
1096202
1096251
1096266
1096328
1096340
1096401
1096506
1096543
1096597
1096676
1096735
1096770
1096786
1096838
1096879
1096990
1097020
1097060
1097102
1097115
1097288
1097376
1097410
1097373
1097269
1097069
1096857
1096721
1096512
1096287
1096198
1095942
1095820
1095690
1095478
1095282
1095106
1095056
1094892
1094705
1094626
1094602
1094558
1094543
1094570
1094462
1094459
1094483
1094489
1094421
1094473
1094454
1094476
1094458
1094520
1094445
1094473
1094477
1094419
1094484
1094412
1094382
1094343
1094351
1094356
1094342
1094251
1094250
1094242
1094219
1094236
1094227
1094292
1094246
1094323
1094344
1094360
1094409
1094420
1094423
1094511
1094476
1094590
1094581
1094651
1094741
1094843
1094877
1094959
1095038
1094947
1095088
1095169
1095138
1095296
1095335
1095423
1095493
1095553
1095444
1095353
1095144
1094932
1094824
1094650
1094443
1094276
1094151
1093977
1093839
1093762
1093484
1093393
1093287
1093226
1093072
1093068
1092988
1093028
1093020
1093028
1092993
1092915
1092912
1092968
1092969
1092986
1092961
1093047
1092979
1093049
1093044
1093003
1093020
1093062
1092997
1093036
1093141
1093106
1093139
1093232
1093170
1093138
1093213
1093261
1093146
1093271
1093320
1093433
1093502
1093608
1093701
1093718
1093819
1093943
1094006
1094074
1094179
1094291
1094385
1094526
1094640
1094780
1094910
1094982
1095150
1095235
1095363
1095507
1095630
1095811
1095881
1095987
1095902
1095814
1095694
1095557
1095430
1095343
1095263
1095186
1095125
1095045
1094957
1094841
1094745
1094614
1094442
1094407
1094414
1094362
1094364
1094395
1094374
1094377
1094413
1094249
1094319
1094320
1094440
1094343
1094347
1094369
1094388
1094385
1094375
1094345
1094357
1094373
1094393
1094403
1094342
1094381
1094367
1094365
1094383
1094368
1094356
1094279
1094380
1094373
1094289
1094427
1094423
1094417
1094505
1094477
1094549
1094517
1094621
1094582
1094694
1094716
1094707
1094824
1094870
1094853
1094972
1095040
1095045
1095161
1095064
1095292
1095311
1095275
1095168
1095016
1094763
1094642
1094525
1094348
1094253
1094143
1093945
1093850
1093794
1093718
1093536
1093420
1093359
1093228
1093260
1093181
1093118
1093092
1093072
1093021
1092977
1092959
1092914
1092926
1092948
1092942
1092923
1092935
1092900
1092929
1092882
1092811
1092786
1092749
1092817
1092780
1092814
1092759
1092764
1092744
1092720
1092680
1092728
1092664
1092627
1092658
1092733
1092743
1092668
1092750
1092781
1092711
1092738
1092891
1092884
1092870
1092915
1093010
1093036
1093159
1093148
1093235
1093238
1093263
1093323
1093400
1093496
1093484
1093479
1093328
1093228
1093084
1092917
1092827
1092639
1092604
1092471
1092416
1092427
1092277
1092177
1092150
1092004
1091938
1091938
1091964
1091831
1091857
1091803
1091799
1091724
1091736
1091722
1091726
1091710
1091740
1091731
1091687
1091654
1091660
1091673
1091595
1091578
1091545
1091554
1091463
1091586
1091526
1091546
1091572
1091588
1091508
1091539
1091472
1091455
1091464
1091549
1091528
1091645
1091577
1091599
1091632
1091662
1091687
1091638
1091761
1091844
1091935
1092012
1092101
1092160
1092265
1092247
1092356
1092459
1092518
1092604
1092600
1092616
1092555
1092504
1092399
1092253
1092138
1092033
1092061
1092102
1092019
1092105
1092049
1091987
1092020
1091931
1091882
1091841
1091862
1091812
1091895
1091860
1091885
1091847
1091806
1091851
1091814
1091880
1091904
1091793
1091866
1091823
1091816
1091748
1091700
1091715
1091754
1091766
1091689
1091746
1091779
1091671
1091725
1091735
1091675
1091650
1091619
1091683
1091717
1091637
1091713
1091701
1091815
1091772
1091722
1091820
1091836
1091859
1091902
1091895
1092026
1092051
1092177
1092241
1092248
1092325
1092382
1092444
1092473
1092528
1092549
1092491
1092344
1092263
1092210
1091981
1092017
1091948
1091874
1091868
1091926
1091988
1091900
1091826
1091860
1091878
1091733
1091726
1091782
1091738
1091764
1091802
1091757
1091772
1091728
1091714
1091711
1091769
1091782
1091736
1091787
1091765
1091791
1091808
1091773
1091747
1091760
1091791
1091867
1091816
1091844
1091825
1091814
1091893
1091866
1091886
1091890
1091913
1091941
1091989
1091942
1092019
1092115
1092103
1092138
1092224
1092164
1092262
1092274
1092325
1092396
1092487
1092567
1092628
1092668
1092749
1092847
1092900
1092897
1092975
1093086
1093116
1092991
1092939
1092865
1092810
1092640
1092645
1092628
1092586
1092562
1092644
1092653
1092610
1092618
1092614
1092577
1092540
1092585
1092497
1092565
1092563
1092512
1092617
1092532
1092568
1092620
1092627
1092613
1092596
1092596
1092585
1092561
1092577
1092494
1092529
1092529
1092605
1092606
1092596
1092556
1092653
1092646
1092651
1092635
1092623
1092617
1092592
1092574
1092618
1092637
1092620
1092659
1092732
1092673
1092726
1092799
1092769
1092786
1092767
1092878
1092925
1093047
1093084
1093147
1093138
1093294
1093245
1093429
1093452
1093462
1093509
1093439
1093285
1093241
1093195
1093215
1093082
1092999
1093061
1093044
1093114
1093096
1093113
1093079
1093047
1093041
1092961
1093019
1092938
1092987
1092961
1092956
1092885
1092900
1092898
1092859
1092861
1092855
1092820
1092823
1092735
1092738
1092676
1092679
1092659
1092612
1092591
1092599
1092538
1092571
1092532
1092518
1092491
1092504
1092511
1092490
1092471
1092475
1092512
1092448
1092511
1092497
1092508
1092508
1092524
1092490
1092516
1092640
1092689
1092786
1092750
1092819
1092871
1092977
1092934
1093014
1093033
1093110
1093191
1093199
1093201
1093179
1093016
1092949
1092953
1092742
1092739
1092665
1092682
1092681
1092692
1092733
1092725
1092624
1092638
1092603
1092527
1092548
1092489
1092395
1092368
1092300
1092299
1092278
1092224
1092324
1092221
1092189
1092245
1092163
1092056
1091990
1091938
1091960
1091969
1091882
1091886
1091931
1091871
1091800
1091833
1091807
1091754
1091757
1091659
1091618
1091645
1091622
1091648
1091583
1091618
1091649
1091608
1091671
1091672
1091715
1091731
1091724
1091790
1091827
1091811
1091857
1091920
1091988
1092008
1092107
1092124
1092244
1092202
1092261
1092259
1092221
1092285
1092104
1092092
1092047
1091950
1091879
1091847
1091793
1091779
1091771
1091739
1091781
1091668
1091648
1091552
1091558
1091521
1091421
1091401
1091378
1091332
1091267
1091201
1091174
1091154
1091136
1091162
1091177
1091117
1091088
1091049
1090967
1090972
1091007
1090980
1090946
1090950
1090981
1090983
1090974
1090970
1090964
1091000
1090916
1090958
1090926
1090946
1090976
1091041
1091021
1091033
1091141
1091138
1091173
1091254
1091251
1091303
1091394
1091480
1091585
1091622
1091877
1092062
1092151
1092180
1092327
1092442
1092626
1092779
1092788
1092829
1092882
1092923
1092961
1092929
1093044
1093152
1093380
1093507
1093720
1093776
1093933
1094000
1094077
1094197
1094230
1094441
1094518
1094643
1094692
1094821
1094876
1094959
1095252
1095400
1095473
1095543
1095650
1095703
1095789
1095756
1095746
1095874
1095874
1095979
1096077
1096127
1096186
1096262
1096275
1096273
1096377
1096417
1096482
1096526
1096533
1096552
1096608
1096673
1096741
1096747
1096756
1096825
1096881
1096911
1096986
1097096
1097235
1097227
1097342
1097358
1097518
1097648
1097607
1097574
1097559
1097509
1097471
1097515
1097531
1097660
1097745
1097770
1097893
1097978
1098002
1098091
1098140
1098313
1098347
1098398
1098486
1098573
1098626
1098710
1098879
1098933
1099047
1099064
1099208
1099146
1099207
1099345
1099286
1099328
1099434
1099513
1099585
1099621
1099771
1099793
1099890
1099865
1099903
1099977
1100026
1100003
1100083
1100017
1100071
1100170
1100192
1100242
1100317
1100337
1100385
1100426
1100477
1100491
1100543
1100570
1100656
1100660
1100774
1100835
1100823
1100810
1100724
1100701
1100521
1100524
1100503
1100434
1100457
1100528
1100652
1100701
1100801
1100823
1100848
1100804
1100841
1100875
1100835
1100927
1101012
1101104
1101033
1101101
1101130
1101196
1101271
1101338
1101373
1101431
1101437
1101484
1101479
1101543
1101588
1101608
1101628
1101789
1101822
1101783
1101865
1102007
1102065
1102139
1102229
1102233
1102285
1102306
1102407
1102482
1102474
1102536
1102651
1102700
1102704
1102754
1102871
1102934
1102941
1102950
1103103
1103238
1103206
1103172
1103140
1103039
1102963
1102907
1102922
1102852
1102858
1102967
1102978
1103046
1103117
1103107
1103127
1103117
1103162
1103119
1103171
1103132
1103169
1103112
1103135
1103161
1103175
1103214
1103290
1103317
1103235
1103252
1103237
1103166
1103185
1103122
1103235
1103211
1103212
1103231
1103242
1103306
1103308
1103296
1103298
1103185
1103274
1103193
1103209
1103258
1103253
1103286
1103286
1103284
1103310
1103326
1103351
1103339
1103406
1103517
1103554
1103579
1103646
1103724
1103706
1103815
1103828
1103876
1103834
1103772
1103733
1103693
1103621
1103590
1103670
1103639
1103743
1103802
1103851
1103911
1103915
1103924
1103928
1104027
1104002
1104034
1104050
1104063
1104115
1104134
1104253
1104249
1104244
1104356
1104337
1104427
1104383
1104374
1104382
1104405
1104378
1104411
1104418
1104401
1104381
1104458
1104451
1104507
1104462
1104501
1104473
1104503
1104503
1104505
1104538
1104478
1104533
1104478
1104534
1104532
1104562
1104563
1104578
1104632
1104648
1104692
1104661
1104711
1104757
1104790
1104848
1104810
1104913
1104826
1104880
1104832
1104815
1104714
1104602
1104550
1104416
1104382
1104355
1104303
1104277
1104253
1104251
1104255
1104191
1104187
1104131
1104097
1104050
1103893
1103893
1103878
1103832
1103802
1103788
1103705
1103678
1103655
1103594
1103574
1103498
1103442
1103458
1103402
1103274
1103250
1103251
1103200
1103125
1103106
1103123
1103031
1103010
1102903
1102912
1102871
1102918
1102765
1102815
1102723
1102712
1102729
1102754
1102660
1102696
1102655
1102651
1102597
1102675
1102621
1102619
1102648
1102727
1102715
1102680
1102711
1102721
1102741
1102806
1102788
1102800
1102850
1102910
1102904
1102867
1102889
1102990
1102944
1102856
1102737
1102547
1102471
1102217
1102129
1101976
1101888
1101795
1101739
1101616
1101580
1101477
1101269
1101258
1101042
1100905
1100803
1100686
1100588
1100543
1100428
1100334
1100278
1100212
1100071
1100000
1099964
1099881
1099922
1099774
1099748
1099674
1099552
1099400
1099363
1099237
1099119
1099136
1098991
1098971
1098951
1098794
1098768
1098733
1098668
1098532
1098568
1098490
1098476
1098411
1098392
1098331
1098413
1098347
1098411
1098260
1098288
1098275
1098304
1098277
1098325
1098331
1098315
1098419
1098363
1098504
1098333
1098431
1098406
1098421
1098523
1098516
1098532
1098494
1098526
1098624
1098521
1098554
1098551
1098420
1098294
1098148
1098006
1097792
1097594
1097462
1097357
1097240
1097133
1097102
1097008
1096976
1096790
1096644
1096559
1096463
1096275
1096179
1096102
1095943
1095876
1095872
1095793
1095689
1095566
1095667
1095595
1095545
1095445
1095380
1095351
1095328
1095306
1095230
1095217
1095115
1095252
1095138
1095129
1095090
1095086
1095035
1095058
1094983
1095034
1094999
1095011
1095001
1094973
1095009
1095019
1095037
1095035
1095077
1095129
1095223
1095173
1095249
1095289
1095342
1095446
1095467
1095563
1095624
1095616
1095680
1095738
1095817
1095880
1095905
1096011
1096038
1096064
1096125
1096209
1096277
1096304
1096254
1096187
1096046
1095874
1095776
1095646
1095615
1095521
1095450
1095340
1095335
1095363
1095259
1095179
1095096
1094981
1094915
1094894
1094776
1094717
1094673
1094626
1094508
1094460
1094430
1094417
1094452
1094333
1094318
1094278
1094229
1094235
1094101
1094120
1094036
1094023
1094005
1094033
1093994
1093974
1094014
1093986
1093956
1094025
1093944
1093973
1093889
1093964
1093898
1094017
1094024
1093972
1094002
1094129
1094188
1094222
1094290
1094346
1094357
1094397
1094520
1094592
1094689
1094691
1094817
1094892
1094979
1095051
1095215
1095297
1095342
1095392
1095481
1095492
1095599
1095621
1095777
1095782
1095847
1095904
1095925
1095825
1095713
1095581
1095454
1095412
1095269
1095219
1095197
1095133
1095075
1095073
1095057
1094990
1094911
1094870
1094781
1094728
1094690
1094660
1094592
1094628
1094572
1094500
1094446
1094453
1094390
1094351
1094377
1094351
1094314
1094362
1094275
1094308
1094254
1094297
1094330
1094289
1094276
1094281
1094283
1094324
1094294
1094311
1094315
1094319
1094363
1094358
1094444
1094443
1094544
1094593
1094623
1094689
1094735
1094818
1094940
1095028
1095085
1095137
1095252
1095459
1095434
1095561
1095664
1095748
1095835
1095945
1096067
1096217
1096247
1096291
1096440
1096504
1096599
1096648
1096705
1096778
1096854
1096838
1096863
1096857
1096771
1096687
1096515
1096463
1096425
1096396
1096310
1096244
1096297
1096219
1096233
1096188
1096090
1096051
1096032
1095993
1095975
1095934
1095781
1095765
1095664
1095602
1095599
1095559
1095658
1095619
1095613
1095598
1095572
1095568
1095457
1095380
1095320
1095318
1095289
1095245
1095306
1095274
1095312
1095339
1095249
1095256
1095197
1095230
1095215
1095234
1095181
1095130
1095242
1095254
1095260
1095267
1095266
1095315
1095333
1095394
1095430
1095464
1095521
1095662
1095734
1095763
1095771
1095884
1095877
1095867
1095916
1096006
1096082
1096094
1096126
1096220
1096281
1096355
1096396
1096377
1096312
1096314
1096144
1096006
1095910
1095847
1095717
1095724
1095645
1095613
1095601
1095589
1095539
1095477
1095445
1095375
1095303
1095292
1095241
1095167
1095249
1095133
1095102
1095075
1095080
1095037
1095091
1094989
1095002
1095010
1094954
1094902
1094905
1094829
1094814
1094766
1094814
1094800
1094793
1094767
1094642
1094683
1094636
1094612
1094609
1094605
1094570
1094522
1094554
1094584
1094599
1094594
1094650
1094737
1094701
1094789
1094853
1094899
1094932
1095029
1095097
1095197
1095216
1095375
1095380
1095471
1095459
1095596
1095669
1095745
1095764
1095771
1095825
1095971
1095973
1095970
1095897
1095792
1095728
1095595
1095499
1095415
1095337
1095219
1095181
1095259
1095224
1095161
1095108
1095086
1094978
1094902
1094786
1094743
1094749
1094666
1094620
1094641
1094555
1094488
1094495
1094418
1094386
1094379
1094335
1094284
1094203
1094166
1094104
1094063
1094093
1093983
1094051
1093931
1094032
1093908
1093936
1093928
1093873
1093946
1093908
1093871
1093894
1093825
1093884
1093846
1093937
1093954
1093952
1094015
1094150
1094184
1094324
1094343
1094367
1094472
1094507
1094491
1094489
1094515
1094645
1094585
1094674
1094805
1094752
1094867
1094869
1094774
1094841
1094768
1094621
1094530
1094348
1094273
1094229
1094064
1094011
1093925
1093965
1093824
1093840
1093774
1093657
1093546
1093504
1093406
1093321
1093204
1093190
1093095
1093020
1092913
1092855
1092843
1092836
1092916
1092865
1092795
1092795
1092708
1092640
1092587
1092580
1092603
1092524
1092489
1092551
1092462
1092443
1092534
1092368
1092453
1092385
1092460
1092531
1092566
1092594
1092527
1092544
1092584
1092592
1092655
1092645
1092663
1092730
1092755
1092880
1092919
1092945
1093011
1093078
1093181
1093243
1093243
1093334
1093383
1093321
1093465
1093391
1093524
1093611
1093730
1093666
1093672
1093525
1093478
1093456
1093254
1093176
1093097
1093026
1092899
1092905
1093016
1092993
1092965
1092980
1093020
1093023
1092984
1093009
1093064
1093039
1093054
1093134
1093271
1093312
1093437
1093450
1093430
1093446
1093436
1093373
1093492
1093427
1093440
1093473
1093596
1093758
1093923
1094003
1094253
1094392
1094531
1094599
1094706
1094835
1094940
1095035
1095209
1095460
1095647
1095779
1095977
1096207
1096310
1096367
1096584
1096720
1096898
1097177
1097336
1097538
1097763
1097947
1098159
1098315
1098475
1098601
1098772
1098983
1099116
1099310
1099523
1099643
1099828
1099986
1100073
1100103
1100106
1100086
1100137
1100138
1100150
1100257
1100221
1100253
1100368
1100503
1100504
1100621
1100692
1100796
1100884
1100939
1101026
1101078
1101189
1101300
1101335
1101551
1101668
1101809
1101874
1101878
1101909
1101954
1102026
1101997
1102092
1102153
1102200
1102333
1102332
1102457
1102530
1102594
1102654
1102770
1102858
1102854
1103005
1103128
1103242
1103258
1103288
1103287
1103290
1103422
1103444
1103570
1103636
1103659
1103643
1103688
1103867
1103973
