1515090
1515245
1515438
1515616
1515755
1515695
1515531
1515297
1514841
1514292
1513679
1513095
1512558
1511993
1511524
1511168
1511004
1510794
1510672
1510574
1510539
1510498
1510494
1510522
1510477
1510668
1510683
1510772
1510919
1510966
1511104
1511355
1511456
1511515
1511786
1511823
1511983
1512031
1512115
1512275
1512361
1512266
1512398
1512486
1512453
1512616
1512652
1512796
1512820
1512955
1513007
1513241
1513397
1513559
1513638
1513841
1514022
1514269
1514375
1514556
1514686
1514942
1515092
1515317
1515486
1515715
1515894
1515992
1516164
1516426
1516548
1516648
1516644
1516351
1516033
1515594
1515017
1514458
1513853
1513350
1512764
1512388
1512039
1511812
1511594
1511563
1511433
1511453
1511506
1511401
1511462
1511548
1511586
1511704
1511880
1511876
1512060
1512288
1512414
1512467
1512685
1512841
1513009
1513113
1513267
1513240
1513386
1513400
1513513
1513483
1513599
1513747
1513791
1513857
1513993
1514100
1514240
1514451
1514534
1514667
1514818
1514947
1515223
1515387
1515595
1515748
1515976
1516124
1516286
1516441
1516691
1516936
1517105
1517224
1517484
1517581
1517759
1517740
1517627
1517332
1516955
1516491
1515808
1515214
1514626
1514082
1513671
1513263
1513013
1512811
1512680
1512470
1512392
1512473
1512381
1512413
1512451
1512553
1512672
1512688
1512883
1512915
1513107
1513290
1513431
1513561
1513699
1513813
1513999
1514129
1514166
1514190
1514311
1514407
1514352
1514374
1514556
1514558
1514685
1514745
1514814
1514864
1515009
1515128
1515251
1515390
1515560
1515712
1515855
1516048
1516191
1516250
1516400
1516600
1516718
1516862
1517020
1517193
1517479
1517561
1517726
1517835
1517773
1517620
1517304
1516924
1516406
1515719
1515148
1514440
1513928
1513442
1513088
1512774
1512525
1512306
1512163
1512136
1512098
1512035
1512022
1512093
1512154
1512198
1512202
1512318
1512455
1512540
1512676
1512842
1513036
1513072
1513121
1513280
1513324
1513388
1513462
1513462
1513503
1513529
1513535
1513659
1513635
1513791
1513811
1513877
1514059
1514117
1514299
1514434
1514486
1514602
1514790
1514914
1515015
1515284
1515432
1515614
1515739
1515793
1516025
1516186
1516407
1516532
1516790
1516792
1517063
1517224
1517291
1517223
1517018
1516661
1516161
1515628
1514941
1514247
1513641
1513253
1512822
1512495
1512249
1512022
1511989
1511907
1511871
1511802
1511773
1511800
1511869
1511978
1512017
1512078
1512090
1512161
1512385
1512497
1512657
1512800
1512783
1512907
1512957
1513173
1513117
1513179
1513242
1513269
1513370
1513469
1513421
1513472
1513599
1513818
1513834
1513917
1514056
1514190
1514342
1514567
1514699
1514802
1515039
1515254
1515480
1515592
1515728
1515990
1516072
1516205
1516353
1516525
1516725
1516930
1517125
1517287
1517497
1517694
1517936
1517969
1518147
1518122
1518011
1517607
1517261
1516600
1515990
1515304
1514742
1514122
1513657
1513352
1512986
1512768
1512705
1512556
1512529
1512387
1512350
1512491
1512587
1512625
1512751
1512760
1512877
1512901
1513081
1513260
1513392
1513606
1513682
1513808
1513936
1513962
1514092
1514085
1514224
1514313
1514372
1514462
1514498
1514561
1514688
1514789
1514921
1514953
1515127
1515315
1515377
1515572
1515798
1515927
1516089
1516318
1516445
1516635
1516828
1516910
1517138
1517350
1517435
1517681
1517903
1517954
1518198
1518326
1518538
1518648
1518800
1518989
1519097
1519219
1519124
1518881
1518442
1517972
1517315
1516775
1516060
1515540
1515111
1514566
1514212
1513938
1513831
1513669
1513578
1513531
1513411
1513456
1513552
1513535
1513631
1513679
1513846
1513957
1514036
1514145
1514250
1514447
1514531
1514745
1514886
1514967
1515011
1515181
1515188
1515223
1515297
1515381
1515458
1515419
1515493
1515626
1515646
1515765
1515867
1515997
1516125
1516320
1516449
1516622
1516698
1516830
1517064
1517147
1517371
1517449
1517549
1517804
1517945
1518167
1518295
1518401
1518626
1518820
1519041
1519150
1519374
1519505
1519554
1519838
1519860
1519725
1519411
1519033
1518475
1517922
1517271
1516643
1516085
1515556
1515137
1514805
1514598
1514366
1514165
1514073
1513945
1513981
1513978
1514105
1514168
1514224
1514352
1514383
1514546
1514688
1514914
1514989
1515032
1515182
1515406
1515458
1515599
1515673
1515758
1515746
1515788
1515879
1515912
1516002
1516048
1516095
1516213
1516291
1516372
1516498
1516643
1516758
1516947
1517078
1517211
1517398
1517489
1517626
1517811
1517991
1518043
1518244
1518522
1518603
1518774
1519002
1519143
1519357
1519534
1519729
1519770
1519980
1520074
1520191
1520126
1519954
1519687
1519171
1518674
1518033
1517485
1516806
1516215
1515877
1515377
1515113
1514852
1514588
1514555
1514355
1514383
1514378
1514405
1514421
1514563
1514560
1514637
1514772
1514884
1514908
1515146
1515276
1515338
1515524
1515596
1515787
1515901
1516030
1516072
1516089
1516151
1516253
1516273
1516262
1516420
1516547
1516631
1516646
1516638
1516817
1516963
1516973
1517215
1517335
1517439
1517659
1517777
1517899
1518039
1518290
1518308
1518605
1518713
1518887
1519043
1519185
1519373
1519505
1519604
1519919
1520039
1520162
1520373
1520454
1520578
1520617
1520612
1520210
1519955
1519408
1518761
1518114
1517577
1516961
1516360
1515938
1515603
1515348
1515153
1514977
1514871
1514876
1514792
1514766
1514787
1514877
1514851
1514944
1514932
1515135
1515221
1515387
1515503
1515669
1515687
1515858
1515983
1516041
1516199
1516359
1516434
1516525
1516458
1516582
1516565
1516583
1516703
1516723
1516822
1516901
1517043
1517142
1517168
1517328
1517498
1517601
1517796
1518065
1518208
1518295
1518491
1518599
1518736
1518929
1519106
1519265
1519501
1519692
1519829
1520078
1520157
1520320
1520562
1520739
1520860
1520967
1521168
1521266
1521344
1521447
1521210
1520903
1520517
1520026
1519457
1518721
1518097
1517515
1517061
1516535
1516236
1516035
1515867
1515768
1515584
1515608
1515574
1515621
1515622
1515693
1515785
1515918
1515953
1516112
1516256
1516347
1516558
1516661
1516866
1516938
1517023
1517202
1517365
1517342
1517450
1517535
1517545
1517667
1517707
1517805
1517812
1517836
1517952
1518106
1518239
1518195
1518401
1518557
1518661
1518816
1519025
1519196
1519319
1519508
1519646
1519863
1519995
1520182
1520403
1520606
1520678
1520867
1520978
1521124
1521260
1521518
1521661
1521803
1521950
1522086
1522102
1522030
1521765
1521223
1520775
1520202
1519544
1518967
1518269
1517846
1517458
1517128
1516800
1516609
1516437
1516501
1516442
1516421
1516394
1516501
1516545
1516660
1516678
1516768
1516833
1517054
1517143
1517325
1517486
1517614
1517853
1517933
1518080
1518113
1518241
1518228
1518386
1518405
1518433
1518495
1518540
1518666
1518635
1518767
1518855
1519023
1519114
1519185
1519387
1519579
1519704
1519857
1520005
1520054
1520276
1520457
1520517
1520685
1520825
1521043
1521196
1521399
1521565
1521603
1521854
1522003
1522139
1522288
1522222
1522081
1521946
1521516
1520881
1520380
1519740
1519150
1518590
1518044
1517668
1517344
1516999
1516907
1516737
1516673
1516577
1516588
1516640
1516645
1516719
1516731
1516876
1516957
1517011
1517133
1517306
1517486
1517606
1517753
1517936
1518035
1518194
1518202
1518282
1518389
1518494
1518524
1518639
1518696
1518741
1518787
1518893
1519056
1519134
1519200
1519355
1519424
1519664
1519800
1519915
1520138
1520271
1520424
1520627
1520724
1520884
1521107
1521248
1521391
1521513
1521727
1521891
1521970
1522084
1522244
1522262
1521960
1521629
1521208
1520632
1520067
1519394
1518766
1518355
1517853
1517485
1517240
1516951
1516842
1516824
1516645
1516613
1516655
1516644
1516686
1516684
1516797
1516828
1517004
1517037
1517214
1517353
1517493
1517617
1517788
1517959
1518048
1518210
1518166
1518311
1518350
1518335
1518430
1518440
1518472
1518593
1518599
1518723
1518735
1518866
1518933
1519129
1519253
1519399
1519509
1519739
1519782
1519930
1520078
1520234
1520293
1520522
1520707
1520821
1520961
1521129
1521259
1521437
1521519
1521457
1521274
1520868
1520391
1519771
1519201
1518548
1517918
1517409
1516961
1516593
1516256
1516121
1515871
1515853
1515744
1515713
1515632
1515725
1515646
1515761
1515852
1515892
1515943
1516123
1516316
1516393
1516496
1516694
1516791
1516935
1516988
1517078
1517124
1517221
1517291
1517354
1517381
1517464
1517522
1517522
1517610
1517763
1517832
1517897
1518035
1518152
1518277
1518391
1518602
1518747
1518883
1519016
1519137
1519324
1519439
1519650
1519725
1520010
1520080
1520265
1520514
1520621
1520775
1520863
1520953
1520827
1520453
1519957
1519452
1518879
1518081
1517453
1516924
1516433
1516035
1515835
1515563
1515406
1515294
1515204
1515175
1515206
1515124
1515254
1515241
1515439
1515378
1515540
1515642
1515753
1515915
1516076
1516180
1516321
1516451
1516456
1516631
1516743
1516813
1516911
1516886
1516953
1517015
1517049
1517103
1517128
1517256
1517289
1517381
1517541
1517672
1517842
1517905
1518040
1518277
1518397
1518517
1518621
1518799
1518962
1519150
1519210
1519403
1519559
1519811
1519923
1520043
1520262
1520394
1520651
1520710
1520842
1521031
1520951
1520788
1520443
1519910
1519398
1518695
1517998
1517286
1516710
1516261
1515754
1515458
1515306
1515103
1514938
1514877
1514904
1514868
1514970
1515004
1514954
1515141
1515270
1515327
1515503
1515613
1515794
1515941
1516074
1516278
1516381
1516513
1516681
1516687
1516767
1516865
1516924
1517014
1517130
1517128
1517180
1517194
1517380
1517432
1517554
1517795
1517912
1518064
1518215
1518356
1518550
1518761
1518882
1519030
1519230
1519355
1519500
1519619
1519847
1519992
1520158
1520412
1520555
1520692
1520895
1520999
1521144
1521177
1521090
1520733
1520379
1519733
1519036
1518353
1517634
1517011
1516521
1516078
1515745
1515528
1515360
1515159
1515087
1515073
1515101
1515099
1515163
1515185
1515310
1515345
1515527
1515592
1515721
1515877
1516026
1516184
1516347
1516400
1516623
1516767
1516831
1516894
1517006
1517029
1517077
1517122
1517203
1517283
1517297
1517366
1517497
1517572
1517682
1517813
1517803
1518044
1518180
1518397
1518435
1518726
1518842
1518999
1519131
1519376
1519503
1519602
1519834
1519968
1520193
1520287
1520615
1520705
1520847
1521052
1521143
1521234
1521136
1520905
1520523
1519899
1519263
1518507
1517849
1517198
1516612
1516151
1515818
1515591
1515315
1515157
1515105
1514938
1515100
1515132
1515053
1515098
1515223
1515316
1515280
1515423
1515616
1515786
1515850
1516097
1516180
1516271
1516441
1516616
1516694
1516767
1516846
1516850
1516935
1516944
1516983
1517175
1517143
1517363
1517363
1517471
1517456
1517642
1517799
1517870
1518075
1518257
1518464
1518708
1518738
1518953
1519134
1519335
1519489
1519641
1519809
1519971
1520137
1520387
1520461
1520690
1520832
1521017
1521212
1521196
1520994
1520748
1520356
1519658
1519045
1518328
1517746
1517147
1516528
1516181
1515818
1515602
1515466
1515327
1515290
1515269
1515326
1515343
1515411
1515502
1515692
1515824
1515862
1515906
1516057
1516221
1516319
1516604
1516688
1516803
1516962
1517083
1517220
1517255
1517324
1517402
1517455
1517503
1517551
1517667
1517625
1517827
1517816
1517941
1518069
1518239
1518329
1518394
1518592
1518718
1518980
1519071
1519325
1519474
1519681
1519840
1519954
1520123
1520203
1520394
1520576
1520725
1520880
1521134
1521185
1521309
1521135
1520892
1520527
1519894
1519260
1518529
1517945
1517202
1516637
1516134
1515721
1515471
1515156
1515023
1514840
1514764
1514648
1514462
1514321
1514194
1514110
1514089
1513949
1514008
1514157
1514240
1514433
1514530
1514722
1514847
1515024
1515118
1515306
1515372
1515546
1515657
1515686
1515801
1515809
1515920
1516036
1516113
1516288
1516297
1516347
1516611
1516717
1516870
1516983
1517204
1517463
1517555
1517691
1517917
1518094
1518251
1518462
1518628
1518889
1519016
1519284
1519412
1519609
1519847
1519869
1519967
1519856
1519464
1519043
1518485
1517817
1517091
1516392
1515875
1515388
1515040
1514774
1514549
1514356
1514339
1514305
1514183
1514348
1514365
1514385
1514508
1514603
1514730
1514820
1514920
1515086
1515307
1515481
1515546
1515808
1515984
1516083
1516221
1516344
1516480
1516518
1516624
1516668
1516794
1516918
1516917
1517061
1517146
1517222
1517315
1517543
1517634
1517784
1517982
1518198
1518361
1518496
1518697
1518736
1518901
1519068
1519237
1519426
1519616
1519786
1519989
1520072
1520262
1520373
1520456
1520454
1520208
1519817
1519357
1518674
1518000
1517226
1516495
1515928
1515398
1515026
1514685
1514523
1514341
1514244
1514160
1514115
1513957
1513994
1513972
1514087
1514073
1514221
1514301
1514385
1514496
1514533
1514602
1514654
1514757
1514849
1514900
1514997
1514998
1515042
1515055
1515063
1515066
1515126
1515089
1515042
1515164
1515181
1515221
1515381
1515398
1515440
1515714
1515739
1515900
1515989
1516169
1516283
1516444
1516602
1516779
1516986
1517103
1517305
1517528
1517663
1517892
1518061
1518261
1518355
1518500
1518586
1518769
1518550
1518345
1517813
1517264
1516497
1515805
1515080
1514416
1513897
1513479
1513124
1512916
1512725
1512537
1512486
1512564
1512450
1512397
1512380
1512542
1512576
1512628
1512765
1512754
1512861
1512912
1513122
1513180
1513285
1513395
1513549
1513596
1513736
1513761
1513778
1513870
1513887
1513861
1513884
1514014
1514166
1514161
1514221
1514409
1514492
1514598
1514772
1514997
1515102
1515266
1515427
1515589
1515767
1515999
1516192
1516376
1516592
1516793
1516928
1517125
1517336
1517520
1517709
1517885
1518085
1518301
1518609
1518789
1518929
1519094
1519243
1519314
1519235
1518994
1518503
1517885
1517136
1516428
1515710
1515007
1514487
1514037
1513781
1513552
1513317
1513249
1513085
1513131
1513110
1513082
1513166
1513201
1513283
1513410
1513477
1513573
1513690
1513765
1514013
1514131
1514432
1514450
1514720
1514777
1514845
1514950
1514983
1515118
1515111
1515189
1515152
1515341
1515403
1515461
1515538
1515654
1515830
1515938
1516002
1516178
1516360
1516481
1516695
1516780
1517011
1517218
1517399
1517515
1517710
1517793
1518118
1518178
1518417
1518593
1518779
1518901
1519169
1519304
1519464
1519647
1519920
1520050
1520218
1520186
1520036
1519777
1519334
1518769
1518070
1517316
1516535
1515853
1515256
1514799
1514452
1514154
1513962
1513805
1513753
1513722
1513634
1513724
1513750
1513771
1513886
1513956
1514029
1514105
1514155
1514367
1514436
1514622
1514663
1514822
1514989
1515085
1515119
1515252
1515234
1515330
1515324
1515343
1515414
1515489
1515583
1515598
1515689
1515704
1515855
1515950
1516063
1516192
1516308
1516510
1516566
1516865
1516975
1517094
1517242
1517460
1517600
1517791
1517901
1518037
1518213
1518403
1518555
1518744
1518943
1519120
1519216
1519392
1519554
1519680
1519613
1519484
1519031
1518498
1517907
1517260
1516442
1515747
1515209
1514591
1514296
1513951
1513754
1513571
1513442
1513444
1513454
1513420
1513355
1513444
1513548
1513611
1513693
1513778
1513894
1514080
1514217
1514340
1514612
1514675
1514793
1514941
1515036
1515134
1515210
1515288
1515332
1515316
1515426
1515438
1515547
1515480
1515652
1515675
1515790
1515816
1516022
1516038
1516285
1516383
1516591
1516781
1516889
1517004
1517169
1517332
1517522
1517761
1517918
1518067
1518293
1518490
1518515
1518822
1518964
1519142
1519298
1519459
1519558
1519736
1519751
1519718
1519474
1519046
1518496
1517860
1517099
1516377
1515702
1515054
1514595
1514186
1513935
1513755
1513561
1513521
1513464
1513496
1513464
1513447
1513465
1513494
1513544
1513659
1513704
1513788
1513934
1514099
1514179
1514251
1514410
1514552
1514681
1514708
1514794
1514794
1514903
1514945
1514914
1514961
1514991
1515033
1515150
1515161
1515213
1515342
1515433
1515558
1515684
1515851
1516026
1516188
1516313
1516456
1516656
1516827
1517038
1517184
1517338
1517558
1517736
1517911
1518146
1518302
1518566
1518769
1518865
1519069
1519327
1519403
1519347
1519186
1518822
1518354
1517734
1517046
1516278
1515626
1515083
1514579
1514309
1514002
1513805
1513630
1513546
1513555
1513545
1513482
1513584
1513639
1513803
1513820
1513846
1513968
1514079
1514254
1514498
1514669
1514777
1514857
1515052
1515076
1515283
1515319
1515398
1515414
1515511
1515520
1515587
1515626
1515660
1515680
1515777
1515950
1515904
1516141
1516252
1516444
1516511
1516738
1516960
1516987
1517254
1517325
1517491
1517714
1517907
1518140
1518238
1518440
1518651
1518746
1519039
1519233
1519358
1519519
1519738
1519852
1519961
1520047
1519781
1519437
1518976
1518359
1517675
1516909
1516283
1515672
1515161
1514714
1514470
1514210
1514020
1514078
1513834
1513969
1513958
1513990
1513982
1514105
1514288
1514372
1514402
1514531
1514644
1514862
1515019
1515209
1515335
1515422
1515616
1515590
1515814
1515886
1515959
1515978
1516030
1516098
1516059
1516154
1516254
1516329
1516386
1516508
1516649
1516778
1516871
1516997
1517141
1517394
1517507
1517647
1517817
1517975
1518188
1518211
1518461
1518585
1518747
1518909
1519050
1519235
1519316
1519519
1519674
1519749
1519796
1519864
1519645
1519308
1518769
1518192
1517553
1516712
1515941
1515347
1514769
1514389
1514082
1513715
1513693
1513490
1513454
1513346
1513293
1513394
1513468
1513434
1513460
1513533
1513632
1513696
1513825
1513947
1514113
1514224
1514422
1514484
1514543
1514670
1514752
1514809
1514891
1514907
1514930
1514963
1514977
1514946
1514996
1515161
1515238
1515352
1515464
1515477
1515536
1515701
1515836
1515932
1516160
1516307
1516411
1516629
1516771
1516945
1517029
1517181
1517321
1517547
1517679
1517777
1518052
1518221
1518366
1518632
1518788
1518866
1518786
1518539
1518137
1517570
1516888
1516213
1515409
1514705
1514259
1513717
1513364
1513152
1512956
1512956
1512774
1512664
1512669
1512611
1512706
1512669
1512716
1512832
1512884
1512885
1513048
1513081
1513265
1513428
1513537
1513663
1513776
1513927
1514035
1514001
1514139
1514108
1514172
1514196
1514242
1514248
1514329
1514430
1514471
1514566
1514663
1514736
1514857
1515033
1515123
1515261
1515438
1515586
1515715
1515889
1516036
1516235
1516421
1516501
1516576
1516894
1516981
1517157
1517368
1517512
1517764
1517925
1518058
1518299
1518388
1518512
1518623
1518648
1518455
1518126
1517584
1516924
1516222
1515536
1514779
1514217
1513711
1513380
1512975
1512849
1512705
1512613
1512558
1512546
1512557
1512551
1512580
1512693
1512760
1512865
1512889
1512970
1513122
1513242
1513403
1513475
1513646
1513764
1513787
1513972
1514125
1514177
1514232
1514247
1514281
1514273
1514377
1514389
1514393
1514565
1514589
1514686
1514702
1514812
1514993
1515140
1515205
1515394
1515493
1515708
1515788
1515931
1516073
1516249
1516419
1516606
1516711
1516911
1517007
1517210
1517416
1517588
1517698
1517831
1518047
1518123
1517945
1517677
1517290
1516651
1516031
1515186
1514532
1513912
1513386
1512912
1512568
1512420
1512228
1512064
1511992
1511989
1511944
1511916
1511932
1512002
1511985
1512163
1512221
1512251
1512294
1512487
1512615
1512726
1512938
1512968
1513187
1513260
1513367
1513470
1513484
1513582
1513684
1513636
1513755
1513753
1513864
1513910
1513982
1514105
1514090
1514270
1514383
1514545
1514679
1514888
1515033
1515197
1515341
1515522
1515667
1515797
1516082
1516184
1516495
1516666
1516819
1516903
1517119
1517160
1517051
1516848
1516372
1515779
1515191
1514464
1513812
1513186
1512741
1512310
1512031
1511874
1511664
1511586
1511552
1511598
1511547
1511471
1511519
1511553
1511724
1511765
1511855
1511912
1512153
1512231
1512361
1512515
1512709
1512760
1512941
1513033
1513237
1513288
1513321
1513382
1513490
1513512
1513610
1513629
1513766
1513785
1513976
1514134
1514247
1514412
1514499
1514716
1514880
1515031
1515219
1515393
1515569
1515610
1515911
1516025
1516212
1516486
1516630
1516851
1516932
1517200
1517203
1517333
1517229
1516868
1516337
1515824
1515137
1514429
1513816
1513197
1512662
1512301
1512037
1511907
1511707
1511698
1511524
1511556
1511522
1511514
1511603
1511637
1511850
1511822
1511859
1512006
1512196
1512344
1512503
1512705
1512808
1513068
1513117
1513268
1513483
1513563
1513593
1513708
1513789
1513875
1514015
1514029
1514211
1514270
1514412
1514643
1514695
1514899
1515082
1515230
1515319
1515549
1515779
1515919
1516120
1516342
1516519
1516619
1516972
1517149
1517397
1517641
1517793
1518062
1518190
1518398
1518507
1518347
1518050
1517579
1517129
1516405
1515669
1514941
1514346
1513946
1513444
1513130
1513043
1512968
1512935
1512845
1512839
1512817
1512880
1512914
1512967
1513122
1513138
1513303
1513394
1513592
1513826
1514005
1514129
1514327
1514531
1514573
1514670
1514814
1514938
1514898
1515007
1515042
1515056
1515143
1515194
1515256
1515344
1515479
1515452
1515613
1515787
1515934
1516070
1516202
1516377
1516522
1516696
1516852
1517011
1517197
1517356
1517505
1517726
1517905
1518074
1518209
1518308
1518409
1518454
1518308
1517917
1517399
1516791
1516137
1515357
1514693
1514058
1513592
1513258
1513016
1512763
1512572
1512506
1512393
1512355
1512319
1512343
1512327
1512453
1512480
1512665
1512630
1512718
1512842
1512946
1513060
1513209
1513346
1513492
1513567
1513601
1513607
1513690
1513721
1513720
1513818
1513836
1513896
1513875
1513996
1514059
1514124
1514235
1514395
1514446
1514535
1514647
1514764
1514993
1515092
1515209
1515311
1515599
1515720
1515859
1516049
1516158
1516314
1516546
1516696
1516913
1516986
1517146
1517142
1516929
1516604
1516116
1515434
1514728
1513982
1513420
1512844
1512382
1512097
1511803
1511679
1511529
1511443
1511476
1511404
1511440
1511351
1511380
1511492
1511543
1511628
1511789
1511857
1512002
1512098
1512257
1512470
1512623
1512667
1512859
1512947
1513050
1513126
1513169
1513227
1513312
1513351
1513454
1513431
1513620
1513697
1513783
1513927
1514018
1514116
1514294
1514497
1514636
1514824
1515004
1515133
1515445
1515538
1515672
1515858
1516062
1516263
1516359
1516579
1516786
1517000
1517187
1517373
1517498
1517631
1517851
1517771
1517559
1517166
1516560
1515940
1515239
1514493
1513814
1513264
1512744
1512334
1512091
1511909
1511839
1511674
1511743
1511633
1511555
1511647
1511704
1511703
1511819
1511808
1511919
1512095
1512206
1512347
1512525
1512658
1512862
1512958
1513020
1513199
1513258
1513370
1513359
1513434
1513439
1513580
1513546
1513639
1513652
1513849
1513882
1513970
1514115
1514266
1514457
1514560
1514753
1514955
1515137
1515338
1515559
1515673
1515937
1516114
1516226
1516481
1516637
1516825
1517013
1517242
1517500
1517618
1517880
1517993
1518080
1518013
1517756
1517327
1516782
1516075
1515411
1514669
1514177
1513566
1513034
1512778
1512522
1512382
1512217
1512269
1512261
1512184
1512181
1512260
1512339
1512395
1512499
1512563
1512630
1512776
1512903
1513011
1513178
1513262
1513454
1513550
1513614
1513738
1513804
1513865
1513977
1513941
1513842
1514026
1514041
1514110
1514140
1514216
1514249
1514404
1514457
1514584
1514709
1514894
1515057
1515086
1515313
1515420
1515653
1515762
1515860
1516059
1516163
1516426
1516603
1516761
1516976
1517170
1517306
1517524
1517644
1517804
1517646
1517487
1517051
1516497
1515823
1515105
1514414
1513693
1513143
1512729
1512313
1512035
1511938
1511848
1511708
1511676
1511681
1511712
1511657
1511778
1511810
1511874
1511993
1512143
1512162
1512307
1512419
1512588
1512710
1512892
1512974
1513035
1513203
1513218
1513341
1513285
1513430
1513474
1513437
1513536
1513635
1513733
1513779
1513787
1513987
1514029
1514187
1514258
1514379
1514583
1514746
1514968
1515104
1515270
1515376
1515639
1515604
1515933
1516115
1516268
1516496
1516645
1516779
1516927
1517034
1517180
1517128
1516823
1516475
1515878
1515209
1514380
1513625
1512753
1512037
1511513
1510975
1510665
1510430
1510271
1510146
1510038
1510083
1510113
1510121
1510184
1510333
1510375
1510491
1510671
1510754
1510927
1511086
1511208
1511275
1511489
1511477
1511590
1511759
1511869
1511986
1511978
1512053
1512121
1512247
1512210
1512374
1512416
1512442
1512590
1512706
1512851
1513023
1513269
1513394
1513603
1513755
1513871
1514056
1514282
1514445
1514700
1514757
1515039
1515183
1515289
1515513
1515857
1515935
1516193
1516373
1516542
1516741
1516836
1516855
1516675
1516293
1515781
1515178
1514461
1513780
1513132
1512537
1512132
1511819
1511519
1511297
1511138
1511073
1510942
1510959
1510974
1511067
1511025
1511085
1511238
1511199
1511298
1511393
1511569
1511723
1511782
1511901
1512066
1512160
1512224
1512394
1512513
1512474
1512642
1512691
1512664
1512706
1512738
1512746
1512846
1512876
1512909
1513081
1513196
1513366
1513377
1513574
1513693
1513925
1514030
1514270
1514391
1514577
1514818
1514977
1515126
1515340
1515463
1515682
1515838
1516044
1516264
1516509
1516656
1516757
1516746
1516669
1516215
1515630
1515102
1514438
1513671
1513064
1512478
1512050
1511783
1511506
1511335
1511216
1511112
1511208
1511202
1511154
1511110
1511159
1511178
1511335
1511327
1511539
1511487
1511800
1511963
1512073
1512240
1512398
1512487
1512675
1512691
1512860
1512944
1513007
1513016
1513056
1513160
1513146
1513196
1513329
1513461
1513458
1513656
1513703
1513906
1514106
1514211
1514359
1514524
1514690
1514891
1515085
1515138
1515559
1515785
1515984
1516188
1516422
1516579
1516754
1516870
1517092
1517172
1517117
1516759
1516515
1515959
1515234
1514573
1513942
1513290
1512792
1512312
1512071
1511765
1511706
1511627
1511556
1511542
1511437
1511455
1511507
1511640
1511630
1511684
1511817
1511919
1512076
1512267
1512359
1512454
1512621
1512697
1512794
1512918
1513013
1513086
1513129
1513110
1513099
1513153
1513170
1513269
1513255
1513408
1513377
1513487
1513625
1513698
1513795
1513972
1514089
1514255
1514308
1514543
1514700
1514856
1514985
1515149
1515305
1515476
1515670
1515843
1516031
1516176
1516316
1516373
1516545
1516348
1516124
1515700
1515163
1514509
1513834
1513088
1512438
1511936
1511530
1511205
1510928
1510812
1510625
1510529
1510563
1510491
1510515
1510448
1510473
1510459
1510554
1510552
1510693
1510772
1510960
1511083
1511243
1511273
1511321
1511561
1511644
1511745
1511701
1511763
1511766
1511780
1511896
1511915
1511937
1512000
1512064
1512115
1512265
1512343
1512466
1512577
1512786
1512844
1513085
1513101
1513375
1513502
1513642
1513846
1514021
1514179
1514223
1514365
1514607
1514879
1514981
1515149
1515391
1515480
1515638
1515596
1515302
1514951
1514340
1513801
1513007
1512372
1511819
1511317
1510947
1510725
1510554
1510427
1510357
1510219
1510268
1510155
1510186
1510230
1510194
1510208
1510347
1510386
1510434
1510563
1510673
1510912
1511020
1511016
1511264
1511380
1511502
1511591
1511590
1511727
1511703
1511680
1511763
1511881
1511855
1511917
1511946
1512058
1512211
1512282
1512372
1512488
1512573
1512774
1512885
1513029
1513177
1513334
1513491
1513676
1513758
1513914
1514151
1514343
1514520
1514670
1514942
1515090
1515188
1515380
1515575
1515715
1515623
1515387
1514956
1514444
1513816
1513175
1512400
1511821
1511286
1510919
1510619
1510445
1510209
1510143
1510063
1509997
1509994
1509986
1509912
1509991
1510154
1510103
1510204
1510283
1510299
1510553
1510566
1510778
1510941
1510919
1511161
1511194
1511280
1511324
1511469
1511493
1511527
1511536
1511621
1511633
1511674
1511732
1511858
1511884
1512004
1512120
1512297
1512393
1512560
1512711
1512856
1512984
1513229
1513355
1513563
1513710
1513901
1513913
1514091
1514283
1514464
1514641
1514882
1515060
1515200
1515246
1515475
1515512
1515387
1515310
1514873
1514324
1513547
1512853
1512248
1511624
1511047
1510628
1510287
1510057
1509936
1509740
1509644
1509603
1509528
1509550
1509574
1509577
1509607
1509722
1509816
1509788
1509922
1510094
1510234
1510237
1510444
1510574
1510664
1510744
1510875
1510936
1510979
1511031
1511094
1511054
1511084
1511144
1511206
1511347
1511329
1511412
1511546
1511682
1511801
1511883
1512078
1512251
1512348
1512539
1512670
1512833
1512989
1513163
1513269
1513452
1513641
1513883
1514099
1514227
1514392
1514495
1514531
1514313
1514092
1513635
1513058
1512349
1511709
1511107
1510648
1510210
1509869
1509734
1509542
1509340
1509197
1509180
1509206
1509165
1509087
1509178
1509221
1509246
1509341
1509384
1509460
1509533
1509700
1509721
1509908
1510053
1510184
1510359
1510408
1510514
1510500
1510598
1510627
1510638
1510717
1510831
1510864
1510940
1510912
1511079
1511117
1511348
1511334
1511580
1511588
1511827
1511954
1512148
1512239
1512361
1512584
1512663
1512947
1513133
1513266
1513384
1513527
1513617
1513652
1513405
1513028
1512542
1512040
1511405
1510881
1510347
1509916
1509699
1509454
1509333
1509208
1509059
1508992
1509054
1509026
1508896
1508966
1509008
1509211
1509315
1509381
1509480
1509640
1509851
1510096
1510215
1510322
1510587
1510700
1510780
1510991
1510947
1511110
1511177
1511291
1511327
1511391
1511459
1511675
1511704
1511874
1511925
1512162
1512236
1512449
1512479
1512766
1512909
1513122
1513267
1513474
1513657
1513812
1514072
1514297
1514587
1514650
1514848
1515040
1514982
1514830
1514624
1514189
1513619
1513009
1512415
1511847
1511417
1511035
1510869
1510625
1510542
1510466
1510458
1510408
1510549
1510469
1510465
1510663
1510787
1510898
1510846
1511023
1511174
1511329
1511548
1511632
1511803
1511894
1512091
1512150
1512270
1512205
1512289
1512309
1512356
1512428
1512502
1512541
1512635
1512694
1512853
1512916
1513101
1513141
1513233
1513486
1513610
1513716
1513908
1514089
1514263
1514403
1514565
1514782
1515071
1515196
1515349
1515639
1515744
1515822
1515710
1515433
1515006
1514419
1513911
1513193
1512594
1512139
1511783
1511500
1511247
1511218
1511067
1510936
1510898
1510954
1510926
1510962
1510985
1511052
1511146
1511271
1511268
1511485
1511659
1511835
1511909
1512084
1512212
1512258
1512449
1512485
1512609
1512663
1512595
1512687
1512769
1512838
1512827
1512908
1512947
1513060
1513212
1513334
1513551
1513521
1513709
1513890
1514157
1514183
1514344
1514566
1514725
1514941
1515123
1515312
1515455
1515602
1515786
1515863
1515872
1515687
1515333
1514869
1514330
1513694
1513042
1512560
1511950
1511515
1511298
1511046
1510931
1510791
1510787
1510719
1510765
1510663
1510752
1510741
1510822
1510851
1510968
1511040
1511167
1511358
1511509
1511663
1511726
1511817
1511989
1511870
1512073
1512073
1512103
1512095
1512088
1512164
1512087
1512226
1512260
1512348
1512383
1512523
1512556
1512731
1512750
1512835
1512990
1513135
1513291
1513427
1513623
1513654
1513874
1514064
1514259
1514347
1514561
1514704
1514676
1514601
1514322
1513928
1513357
1512795
1512138
1511627
1511069
1510652
1510324
1510193
1509954
1509879
1509784
1509766
1509740
1509714
1509610
1509631
1509672
1509798
1509781
1510011
1510047
1510149
1510184
1510329
1510423
1510538
1510581
1510702
1510819
1510841
1510806
1510808
1510943
1510837
1510993
1511060
1511052
1511124
1511215
1511222
1511376
1511473
1511580
1511631
1511854
1511881
1512115
1512287
1512351
1512567
1512616
1512856
1512994
1513183
1513418
1513579
1513719
1513920
1514036
1514153
1514118
1513882
1513586
1513008
1512365
1511854
1511271
1510748
1510291
1510030
1509716
1509559
1509478
1509305
1509282
1509311
1509220
1509128
1509274
1509273
1509256
1509335
1509458
1509575
1509607
1509690
1509866
1510042
1510099
1510197
1510406
1510405
1510495
1510479
1510575
1510648
1510650
1510688
1510757
1510850
1510794
1510928
1511025
1511098
1511192
1511273
1511426
1511494
1511710
1511786
1512025
1512014
1512252
1512432
1512637
1512694
1512861
1512925
1513218
1513321
1513487
1513678
1513903
1514035
1514150
1514345
1514289
1514161
1513922
1513494
1512980
1512326
1511682
1511042
1510645
1510178
1509915
1509771
1509530
1509487
1509405
1509398
1509384
1509289
1509324
1509414
1509517
1509475
1509614
1509682
1509747
1509956
1510022
1510204
1510290
1510385
1510515
1510609
1510642
1510716
1510731
1510801
1510785
1510833
1510931
1510902
1510900
1511026
1510990
1511175
1511227
1511280
1511499
1511460
1511708
1511812
1511950
1512100
1512301
1512444
1512555
1512706
1512872
1513008
1513242
1513367
1513512
1513725
1513809
1514054
1514193
1514352
1514457
1514420
1514262
1513933
1513535
1512944
1512253
1511637
1511083
1510596
1510256
1509845
1509747
1509616
1509414
1509288
1509297
1509297
1509281
1509285
1509253
1509284
1509439
1509432
1509599
1509578
1509737
1509930
1510015
1510122
1510225
1510348
1510407
1510479
1510522
1510550
1510580
1510665
1510557
1510707
1510657
1510747
1510833
1510888
1510951
1511003
1511096
1511140
1511311
1511447
1511530
1511617
1511744
1511960
1512011
1512186
1512383
1512499
1512537
1512717
1512939
1513110
1513222
1513393
1513431
1513574
1513511
1513453
1513026
1512556
1512049
1511425
1510776
1510248
1509729
1509473
1509160
1509019
1508891
1508768
1508685
1508652
1508511
1508614
1508575
1508552
1508645
1508719
1508757
1508746
1508948
1508974
1509260
1509313
1509468
1509569
1509611
1509640
1509807
1509776
1509910
1509976
1509972
1510025
1510069
1510127
1510199
1510258
1510420
1510534
1510564
1510662
1510770
1510866
1511130
1511245
1511480
1511567
1511626
1511906
1511995
1512176
1512313
1512607
1512807
1512961
1513011
1513208
1513312
1513344
1513074
1512771
1512353
1511729
1511175
1510588
1510026
1509604
1509319
1509098
1508890
1508811
1508726
1508699
1508608
1508668
1508726
1508692
1508743
1508812
1508904
1508973
1509099
1509239
1509339
1509477
1509663
1509739
1509834
1509988
1510058
1510149
1510126
1510319
1510324
1510394
1510427
1510519
1510582
1510584
1510743
1510801
1510940
1511007
1511100
1511191
1511310
1511574
1511698
1511867
1512022
1512245
1512350
1512578
1512825
1512951
1513203
1513412
1513447
1513641
1513745
1513635
1513351
1512978
1512428
1511861
1511270
1510729
1510295
1509944
1509665
1509541
1509355
1509243
1509215
1509170
1509211
1509157
1509211
1509180
1509308
1509300
1509382
1509454
1509652
1509687
1509957
1509987
1510049
1510316
1510362
1510384
1510450
1510541
1510612
1510699
1510662
1510661
1510752
1510801
1510864
1510856
1510983
1511077
1511127
1511246
1511335
1511437
1511529
1511818
1511873
1511904
1511993
1512287
1512446
1512600
1512764
1512929
1513036
1513180
1513246
1513332
1513342
1513314
1512906
1512485
1511911
1511274
1510704
1510132
1509719
1509429
1509102
1508913
1508675
1508667
1508533
1508411
1508477
1508390
1508416
1508430
1508543
1508499
1508655
1508710
1508780
1508976
1509059
1509245
1509360
1509477
1509611
1509759
1509823
1509877
1509951
1510014
1510119
1510045
1510220
1510247
1510337
1510430
1510583
1510681
1510743
1510934
1511095
1511204
1511337
1511483
1511627
1511900
1512062
1512173
1512417
1512495
1512760
1512858
1513181
1513284
1513532
1513719
1513875
1513999
1514035
1513848
1513564
1513263
1512733
1512122
1511496
1510839
1510396
1510039
1509687
1509462
1509422
1509258
1509132
1509149
1509144
1509102
1509139
1509163
1509240
1509219
1509399
1509443
1509569
1509838
1509866
1509974
1510193
1510297
1510449
1510567
1510670
1510696
1510728
1510827
1510783
1510969
1510969
1511064
1511037
1511248
1511329
1511424
1511521
1511689
1511800
1511907
1512146
1512233
1512412
1512633
1512809
1512915
1513106
1513358
1513505
1513721
1513834
1514064
1514195
1514415
1514597
1514611
1514629
1514399
1514053
1513501
1512969
1512359
1511772
1511319
1510895
1510537
1510315
1510227
1510007
1509961
1509880
1509923
1509853
1509838
1509880
1509929
1510028
1510118
1510110
1510291
1510450
1510589
1510752
1510840
1511007
1511136
1511204
1511278
1511357
1511372
1511460
1511486
1511562
1511636
1511648
1511731
1511774
1511921
1511931
1512058
1512161
1512361
1512401
1512621
1512759
1512888
1513070
1513154
1513393
1513624
1513666
1513886
1514061
1514296
1514326
1514548
1514645
1514813
1514727
1514541
1514164
1513665
1512939
1512356
1511806
1511214
1510864
1510458
1510200
1510063
1509837
1509679
1509596
1509622
1509579
1509524
1509506
1509574
1509587
1509688
1509722
1509874
1509975
1510106
1510222
1510315
1510427
1510528
1510517
1510611
1510708
1510723
1510741
1510824
1510785
1510842
1510803
1510934
1510966
1511051
1511119
1511296
1511342
1511333
1511522
1511689
1511714
1511873
1512128
1512145
1512293
1512462
1512631
1512812
1512983
1513143
1513292
1513530
1513670
1513664
1513539
1513447
1513036
1512512
1511986
1511294
1510761
1510349
1509950
1509577
1509314
1509187
1509010
1508913
1508851
1508801
1508748
1508766
1508807
1508773
1508868
1508936
1509088
1509103
1509273
1509350
1509494
1509589
1509728
1509870
1509952
1510069
1510071
1510133
1510214
1510186
1510282
1510360
1510432
1510419
1510541
1510656
1510680
1510839
1510972
1511078
1511216
1511309
1511513
1511653
1511724
1511954
1512081
1512312
1512384
1512567
1512698
1512881
1513144
1513287
1513391
1513639
1513629
1513918
1513975
1514017
1513856
1513570
1513135
1512563
1511880
1511332
1510769
1510267
1510032
1509717
1509562
1509269
1509188
1509064
1509000
1509026
1508975
1508970
1508921
1509109
1509057
1509153
1509229
1509295
1509418
1509598
1509664
1509808
1509876
1509996
1510041
1510145
1510174
1510173
1510177
1510200
1510283
1510442
1510438
1510425
1510581
1510571
1510702
1510914
1510823
1511099
1511178
1511335
1511474
1511593
1511750
1511906
1512014
1512188
1512373
1512510
1512674
1512852
1512960
1513056
1513305
1513423
1513630
1513778
1513959
1514109
1514233
1514164
1513891
1513583
1513067
1512441
1511809
1511206
1510745
1510390
1510046
1509676
1509579
1509428
1509384
1509327
1509349
1509269
1509275
1509333
1509334
1509387
1509460
1509566
1509614
1509820
1509883
1510011
1510117
1510292
1510377
1510365
1510601
1510680
1510651
1510685
1510809
1510879
1510859
1510911
1511049
1511022
1511114
1511220
1511310
1511425
1511455
1511599
1511791
1511876
1512008
1512127
1512389
1512485
1512606
1512790
1512904
1513070
1513206
1513321
1513447
1513704
1513771
1514045
1514166
1514360
1514505
1514681
1514736
1514750
1514646
1514432
1514015
1513463
1513016
1512351
1511749
1511214
1510721
1510379
1510197
1509939
1509781
1509640
1509659
1509469
1509604
1509568
1509527
1509526
1509679
1509662
1509772
1509874
1509930
1509973
1510176
1510255
1510452
1510611
1510618
1510734
1510734
1510784
1510806
1510830
1510899
1510976
1511025
1510994
1511090
1511270
1511281
1511388
1511506
1511558
1511731
1511785
1511969
1512104
1512271
1512407
1512563
1512672
1512844
1512902
1513073
1513205
1513368
1513508
1513616
1513831
1513942
1514069
1514335
1514495
1514647
1514759
1514901
1514967
1515001
1514786
1514426
1514009
1513462
1512804
1512226
1511612
1511109
1510801
1510472
1510271
1510137
1510058
1509921
1509941
1509900
1509833
1509878
1509954
1509944
1509967
1510103
1510062
1510219
1510374
1510384
1510573
1510715
1510845
1510897
1511017
1511083
1511208
1511161
1511284
1511286
1511338
1511376
1511459
1511486
1511630
1511743
1511801
1511894
1511970
1512116
1512185
1512360
1512548
1512756
1512844
1513101
1513208
1513404
1513557
1513741
1513885
1513975
1514241
1514377
1514487
1514740
1514894
1515141
1515299
1515526
1515662
1515825
1516013
1515944
1515795
1515571
1515164
1514679
1514072
1513454
1512888
1512357
1511991
1511662
1511347
1511209
1511066
1510976
1510974
1510949
1510988
1511040
1511005
1511053
1511178
1511224
1511274
1511372
1511522
1511587
1511806
1512025
1512034
1512175
1512258
1512357
1512394
1512393
1512388
1512477
1512538
1512495
1512674
1512633
1512720
1512846
1512957
1512948
1513073
1513198
1513293
1513400
1513582
1513799
1513942
1514034
1514243
1514375
1514510
1514676
1514826
1514974
1515041
1515397
1515445
1515701
1515853
1516025
1516140
1516311
1516483
1516548
1516496
1516320
1516031
1515392
1514889
1514241
1513695
1513080
1512552
1512309
1511853
1511803
1511595
1511548
1511462
1511480
1511404
1511420
1511437
1511361
1511480
1511534
1511615
1511704
1511771
1511908
1511976
1512140
1512193
1512290
1512451
1512466
1512606
1512612
1512615
1512593
1512638
1512753
1512681
1512740
1512780
1512854
1512882
1513002
1513076
1513157
1513248
1513351
1513477
1513608
1513700
1513913
1513971
1514264
1514315
1514513
1514613
1514711
1514893
1515069
1515252
1515375
1515585
1515738
1515879
1515971
1516053
1516017
1515940
1515541
1515022
1514508
1514030
1513262
1512730
1512282
1511903
1511543
1511390
1511181
1511034
1510990
1510798
1510843
1510852
1510842
1510953
1510954
1510916
1511053
1511072
1511168
1511383
1511550
1511581
1511585
1511748
1511808
1511896
1511889
1511983
1512027
1512113
1512039
1512174
1512183
1512202
1512211
1512315
1512394
1512480
1512498
1512619
1512770
1512926
1512925
1513103
1513256
1513346
1513501
1513642
1513812
1513925
1514009
1514103
1514342
1514426
1514607
1514664
1514941
1514997
1515230
1515449
1515521
1515709
1515866
1515887
1515972
1515904
1515681
1515266
1514845
1514133
1513545
1512949
1512453
1511996
1511647
1511458
1511188
1511060
1510962
1510913
1510830
1510878
1510869
1510874
1510878
1510892
1510912
1510939
1511030
1511158
1511257
1511430
1511451
1511608
1511639
1511757
1511877
1511897
1512008
1511967
1512096
1512075
1512119
1512127
1512198
1512307
1512366
1512386
1512486
1512565
1512640
1512781
1512896
1513030
1513192
1513289
1513467
1513693
1513841
1514025
1514149
1514356
1514390
1514669
1514874
1514979
1515192
1515376
1515523
1515608
1515795
1516034
1516173
1516335
1516543
1516644
1516835
1517026
1517159
1517291
1517320
1517271
1516982
1516544
1516003
1515325
1514767
1514178
1513513
1513092
1512701
1512460
1512244
1512094
1511901
1511967
1511946
1511905
1511898
1511939
1512016
1512008
1512098
1512103
1512259
1512308
1512518
1512554
1512685
1512747
1512921
1512997
1513084
1513165
1513223
1513260
1513258
1513333
1513382
1513393
1513384
1513451
1513573
1513597
1513678
1513800
1513907
1513998
1514159
1514207
1514429
1514586
1514662
1514830
1514907
1515027
1515225
1515389
1515526
1515691
1515836
1516022
1516122
1516422
1516470
1516665
1516810
1517092
1517043
1517322
1517575
1517697
1517812
1517861
1518113
1518034
1518011
1517789
1517350
1516859
1516218
1515617
1514923
1514476
1513908
1513599
1513248
1513070
1512929
1512771
1512841
1512675
1512648
1512666
1512739
1512777
1512930
1512913
1513019
1513113
1513216
1513344
1513443
1513578
1513708
1513802
1513979
1513943
1514145
1514202
1514259
1514217
1514363
1514284
1514383
1514437
1514439
1514575
1514702
1514681
1514788
1514901
1515077
1515160
1515274
1515468
1515633
1515713
1515975
1516067
1516251
1516381
1516544
1516777
1516921
1517153
1517216
1517429
1517621
1517736
1517923
1518169
1518309
1518532
1518611
1518736
1518766
1518761
1518455
1518091
1517562
1517027
1516361
1515735
1515261
1514820
1514452
1514196
1513943
1513855
1513786
1513765
1513671
1513702
1513733
1513760
1513685
1513893
1513935
1513978
1514100
1514247
1514391
1514448
1514637
1514695
1514781
1514899
1515058
1515078
1515167
1515223
1515249
1515328
1515269
1515391
1515436
1515431
1515607
1515613
1515764
1515831
1515935
1516132
1516234
1516359
1516538
1516690
1516856
1517094
1517158
1517285
1517467
1517575
1517801
1517976
1518099
1518268
1518398
1518696
1518792
1518946
1519115
1519208
1519349
1519199
1518993
1518569
1518102
1517556
1517010
1516438
1515759
1515275
1514957
1514594
1514453
1514190
1514160
1514039
1514046
1514094
1514048
1514059
1514145
1514244
1514296
1514383
1514397
1514524
1514605
1514803
1514997
1515039
1515124
1515280
1515398
1515422
1515498
1515565
1515641
1515552
1515651
1515702
1515821
1515845
1515900
1515996
1516097
1516140
1516298
1516480
1516568
1516776
1516864
1517085
1517167
1517381
1517504
1517600
1517780
1518039
1518109
1518244
1518435
1518575
1518837
1519020
1519173
1519250
1519356
1519423
1519344
1519065
1518697
1518210
1517603
1516931
1516368
1515774
1515312
1514843
1514609
1514318
1514230
1514096
1513935
1513903
1513894
1513782
1513909
1513962
1513927
1513983
1514058
1514148
1514154
1514330
1514422
1514436
1514583
1514674
1514735
1514853
1514846
1514874
1514995
1514955
1515047
1514999
1515014
1515088
1515152
1515199
1515294
1515392
1515366
1515541
1515626
1515775
1515874
1516026
1516147
1516293
1516495
1516572
1516766
1516904
1517020
1517169
1517289
1517505
1517702
1517800
1517964
1518171
1518139
1518178
1517987
1517632
1517179
1516646
1515991
1515413
1514941
1514412
1514043
1513675
1513460
1513316
1513246
1513051
1513055
1513069
1513060
1513032
1513025
1512999
1513049
1513130
1513212
1513338
1513354
1513460
1513608
1513723
1513830
1513886
1514026
1514043
1514097
1514159
1514201
1514204
1514286
1514331
1514271
1514397
1514417
1514534
1514593
1514656
1514802
1514919
1515062
1515151
1515312
1515408
1515609
1515772
1515852
1515998
1516069
1516336
1516413
1516606
1516748
1516850
1516980
1517172
1517354
1517534
1517682
1517846
1517945
1517961
1517816
1517602
1517290
1516797
1516305
1515596
1514995
1514376
1513900
1513592
1513360
1513111
1512953
1512851
1512891
1512784
1512673
1512711
1512766
1512756
1512836
1512893
1512907
1512974
1513033
1513196
1513386
1513482
1513546
1513642
1513717
1513774
1513978
1513954
1514037
1514059
1514051
1514220
1514097
1514132
1514286
1514309
1514389
1514425
1514568
1514708
1514717
1514914
1515065
1515262
1515229
1515484
1515643
1515801
1515884
1516088
1516189
1516437
1516536
1516694
1516810
1516912
1517248
1517455
1517565
1517690
1517945
1517983
1518133
1518140
1517950
1517643
1517217
1516744
1516153
1515404
1514888
1514352
1513927
1513664
1513405
1513161
1513150
1513060
1512947
1512925
1512938
1512950
1512952
1513039
1513130
1513124
1513209
1513354
1513472
1513651
1513628
1513769
1513954
1514093
1514105
1514140
1514244
1514282
1514340
1514337
1514416
1514454
1514507
1514548
1514557
1514663
1514633
1514818
1514894
1515030
1515215
1515296
1515430
1515576
1515719
1515900
1515997
1516144
1516250
1516411
1516544
1516695
1516782
1517024
1517215
1517357
1517530
1517754
1517982
1518076
1518169
1518387
1518499
1518542
1518376
1518196
1517742
1517206
1516616
1516002
1515530
1514919
1514494
1514101
1513790
1513691
1513504
1513430
1513381
1513360
1513354
1513435
1513461
1513454
1513578
1513627
1513736
1513787
1513953
1514082
1514279
1514295
1514424
1514635
1514631
1514708
1514747
1514925
1514949
1514994
1515084
1515097
1515153
1515215
1515238
1515271
1515395
1515474
1515538
1515718
1515832
1515978
1516091
1516236
1516473
1516567
1516705
1516848
1516967
1517242
1517393
1517523
1517743
1517889
1517985
1518215
1518350
1518458
1518781
1518840
1519015
1519174
1519163
1519118
1518909
1518501
1517973
1517469
1516815
1516200
1515621
1515188
1514802
1514511
1514264
1514237
1514104
1514055
1514028
1514035
1514059
1514039
1514118
1514155
1514304
1514348
1514426
1514487
1514703
1514821
1514981
1515112
1515177
1515375
1515354
1515459
1515570
1515607
1515663
1515692
1515677
1515814
1515824
1515880
1515837
1516037
1516160
1516318
1516327
1516437
1516653
1516762
1516932
1517044
1517175
1517429
1517560
1517662
1517815
1518014
1518144
1518310
1518491
1518629
1518918
1519062
1519187
1519289
1519490
1519645
1519709
1519515
1519236
1518966
1518411
1517834
1517227
1516645
1516104
1515594
1515278
1514891
1514673
1514584
1514486
1514385
1514375
1514358
1514363
1514459
1514512
1514624
1514641
1514721
1514748
1514926
1515048
1515232
1515296
1515432
1515552
1515780
1515867
1515825
1515856
1515968
1516006
1516048
1516063
1516109
1516145
1516198
1516240
1516375
1516530
1516565
1516699
1516796
1516902
1517001
1517223
1517311
1517530
1517649
1517726
1517868
1518041
1518182
1518247
1518503
1518623
1518829
1518891
1519024
1519202
1519371
1519379
1519277
1519031
1518624
1518051
1517648
1516911
1516296
1515842
1515267
1514868
1514625
1514372
1514214
1514083
1514009
1513997
1513960
1513824
1513913
1514036
1513998
1514148
1514172
1514151
1514374
1514454
1514591
1514777
1514878
1514895
1515042
1515043
1515150
1515093
1515272
1515233
1515225
1515279
1515277
1515370
1515374
1515504
1515494
1515655
1515766
1515847
1516016
1515988
1516205
1516279
1516422
1516664
1516728
1516848
1517057
1517133
1517302
1517525
1517630
1517837
1518072
1518139
1518297
1518479
1518459
1518614
1518370
1518117
1517645
1517133
1516543
1515902
1515254
1514751
1514366
1514052
1513918
1513595
1513588
1513431
1513363
1513434
1513401
1513402
1513265
1513389
1513433
1513506
1513622
1513702
1513849
1513938
1514019
1514125
1514213
1514393
1514448
1514551
1514593
1514588
1514645
1514680
1514724
1514723
1514769
1514855
1514850
1514899
1515027
1515169
1515229
1515378
1515365
1515627
1515730
1515839
1515964
1516038
1516253
1516395
1516503
1516770
1516801
1516989
1517138
1517235
1517373
1517578
1517816
1518000
1518131
1518265
1518379
1518546
1518660
1518552
1518523
1518177
1517743
1517229
1516623
1515983
1515345
1514801
1514371
1514047
1513785
1513554
1513566
1513429
1513431
1513413
1513437
1513357
1513419
1513485
1513628
1513594
1513650
1513789
1513856
1513998
1514142
1514198
1514360
1514393
1514557
1514575
1514737
1514717
1514756
1514803
1514912
1514950
1514957
1515023
1515080
1515177
1515187
1515294
1515380
1515479
1515585
1515732
1515939
1516026
1516184
1516332
1516532
1516627
1516875
1516954
1517089
1517207
1517352
1517544
1517721
1517896
1517984
1518208
1518356
1518531
1518738
1518801
1518851
1518783
1518539
1518267
1517690
1517042
1516484
1515815
1515280
1514788
1514483
1514108
1513963
1513789
1513696
1513638
1513560
1513548
1513606
1513576
1513651
1513697
1513780
1513823
1513888
1513944
1514074
1514256
1514352
1514415
1514538
1514588
1514758
1514770
1514902
1514860
1514901
1514971
1515053
1515093
1515086
1515066
1515140
1515220
1515237
1515412
1515524
1515564
1515721
1515961
1516014
1516182
1516285
1516487
1516461
1516773
1516858
1516985
1517208
1517324
1517475
1517616
1517753
1517874
1518150
1518193
1518556
1518565
1518821
1518899
1519043
1519201
1519017
1518928
1518543
1518073
1517439
1516699
1516167
1515477
1515118
1514665
1514361
1514099
1513969
1513852
1513705
1513802
1513737
1513694
1513670
1513789
1513834
1513908
1513879
1513933
1514048
1514195
1514314
1514420
1514461
1514568
1514835
1514798
1514923
1515004
1515089
1515009
1515051
1515110
1515152
1515227
1515180
1515290
1515288
1515451
1515427
1515569
1515657
1515725
1515936
1516154
1516223
1516330
1516467
1516613
1516745
1516987
1517145
1517210
1517326
1517544
1517721
1517869
1518118
1518192
1518394
1518601
1518711
1518881
1518904
1518845
1518557
1518233
1517815
1517289
1516617
1516093
1515571
1515066
1514693
1514398
1514228
1514076
1513987
1513942
1513973
1513928
1514001
1513999
1514027
1514119
1514188
1514272
1514335
1514520
1514620
1514656
1514856
1514899
1515094
1515138
1515257
1515243
1515403
1515478
1515413
1515543
1515552
1515549
1515751
1515698
1515754
1515859
1515966
1516072
1516193
1516340
1516479
1516518
1516687
1516895
1516921
1517117
1517302
1517456
1517614
1517780
1517982
1518129
1518313
1518462
1518578
1518826
1518931
1519068
1519232
1519394
1519375
1519262
1519017
1518539
1518112
1517505
1516926
1516318
1515724
1515248
1514965
1514577
1514354
1514257
1514070
1514064
1514106
1514036
1514021
1514036
1514162
1514138
1514186
1514266
1514435
1514511
1514641
1514743
1514875
1515069
1515054
1515138
1515351
1515200
1515298
1515335
1515388
1515390
1515539
1515458
1515626
1515559
1515636
1515742
1515786
1515863
1515990
1516093
1516187
1516350
1516395
1516635
1516753
1516799
1516946
1517050
1517189
1517324
1517501
1517551
1517756
1517972
1518045
1518211
1518273
1518159
1517832
1517470
1516935
1516335
1515803
1515132
1514676
1514241
1513796
1513540
1513402
1513208
1513094
1512998
1513046
1512994
1512877
1512867
1512882
1512889
1513069
1513004
1513152
1513204
1513279
1513409
1513497
1513666
1513626
1513745
1513812
1513782
1513896
1513981
1513958
1513863
1514011
1514106
1514079
1514134
1514240
1514296
1514251
1514340
1514475
1514559
1514628
1514747
1514911
1515117
1515228
1515368
1515474
1515579
1515782
1515962
1516012
1516273
1516421
1516634
1516672
1516902
1516959
1517141
1517102
1516834
1516638
1516107
1515519
1514944
1514308
1513780
1513374
1512976
1512719
1512466
1512393
1512150
1512157
1512052
1512056
1512017
1512004
1511992
1512012
1512076
1512252
1512313
1512369
1512480
1512559
1512770
1512796
1512955
1513011
1513128
1513219
1513261
1513342
1513419
1513512
1513570
1513524
1513654
1513770
1513730
1513882
1513984
1514150
1514134
1514361
1514381
1514591
1514783
1514910
1515069
1515145
1515430
1515551
1515753
1515920
1516008
1516197
1516364
1516506
1516753
1516917
1517141
1517293
1517448
1517485
1517609
1517717
1517548
1517194
1516737
1516212
1515554
1515008
1514413
1513912
1513452
1513185
1512982
1512826
1512765
1512596
1512606
1512521
1512606
1512549
1512601
1512609
1512745
1512795
1512933
1512999
1513124
1513184
1513347
1513407
1513548
1513623
1513697
1513833
1513832
1513929
1514001
1513966
1514044
1514069
1514119
1514155
1514169
1514239
1514329
1514424
1514633
1514621
1514795
1514935
1515109
1515221
1515429
1515575
1515692
1515782
1516022
1516098
1516292
1516475
1516481
1516677
1516887
1516970
1517200
1517435
1517563
1517684
1517833
1517858
1517888
1517610
1517322
1516865
1516245
1515550
1514923
1514419
1513919
1513529
1513275
1513061
1512868
1512793
1512711
1512705
1512729
1512715
1512774
1512821
1512712
1512869
1512868
1513064
1513099
1513218
1513437
1513517
1513596
1513655
1513708
1513834
1513835
1513907
1513937
1513948
1514051
1514099
1514073
1514228
1514238
1514337
1514402
1514459
1514542
1514640
1514711
1514840
1514962
1515104
1515272
1515378
1515583
1515674
1515833
1516000
1516115
1516233
1516511
1516577
1516685
1516877
1517060
1517247
1517307
1517486
1517678
1517867
1517990
1518073
1518222
1518224
1517948
1517696
1517161
1516581
1516025
1515308
1514815
1514292
1513782
1513543
1513328
1513134
1513039
1512992
1512953
1512946
1513008
1512978
1513017
1513086
1513181
1513316
1513374
1513448
1513571
1513629
1513721
1513901
1513903
1514012
1514148
1514162
1514261
1514259
1514258
1514370
1514446
1514408
1514486
1514528
1514638
1514722
1514687
1514792
1514870
1514951
1515155
1515282
1515426
1515574
1515629
1515800
1515966
1516103
1516292
1516438
1516531
1516763
1516870
1516957
1517135
1517356
1517533
1517700
1517924
1517986
1518182
1518196
1518387
1518469
1518323
1517949
1517654
1517146
1516552
1515939
1515319
1514825
1514338
1513980
1513668
1513512
1513390
1513370
1513279
1513307
1513292
1513240
1513370
1513438
1513548
1513524
1513666
1513764
1513822
1514017
1514156
1514294
1514293
1514441
1514527
1514628
1514670
1514675
1514698
1514736
1514768
1514899
1514897
1514965
1514987
1515069
1515133
1515249
1515375
1515535
1515556
1515774
1515849
1516001
1516133
1516234
1516463
1516571
1516729
1516939
1517044
1517159
1517281
1517481
1517632
1517822
1517962
1518149
1518392
1518490
1518740
1518799
1518860
1518915
1518837
1518550
1518100
1517633
1516955
1516362
1515805
1515315
1514860
1514437
1514209
1514075
1513971
1513906
1513865
1513864
1513930
1513882
1513943
1514035
1514110
1514178
1514268
1514403
1514475
1514595
1514796
1514846
1514937
1515078
1515124
1515187
1515283
1515342
1515343
1515311
1515367
1515468
1515459
1515522
1515674
1515708
1515740
1515868
1515931
1516113
1516255
1516358
1516431
1516607
1516682
1516946
1517002
1517164
1517288
1517479
1517587
1517854
1517908
1518061
1518260
1518440
1518584
1518717
1518928
1519079
1519228
1519320
1519488
1519355
1519245
1518980
1518462
1517941
1517267
1516634
1516086
1515625
1515200
1514954
1514733
1514521
1514453
1514378
1514420
1514439
1514405
1514428
1514553
1514678
1514665
1514725
1514913
1515027
1515174
1515278
1515395
1515448
1515531
1515657
1515699
1515768
1515801
1515937
1515819
1515967
1516004
1516024
1516020
1516111
1516131
1516198
1516250
1516385
1516520
1516664
1516694
1516884
1516980
1517183
1517330
1517448
1517572
1517706
1517892
1518014
1518102
1518180
1518420
1518548
1518792
1518978
1519117
1519230
1519399
1519555
1519588
1519654
1519568
1519321
1518892
1518421
1517894
1517297
1516626
1516141
1515707
1515408
1515131
1514880
1514867
1514669
1514693
1514720
1514705
1514703
1514812
1514884
1515026
1514998
1515157
1515218
1515350
1515531
1515578
1515758
1515843
1515862
1515994
1516089
1516001
1516157
1516127
1516149
1516219
1516258
1516277
1516238
1516349
1516483
1516468
1516682
1516645
1516802
1516945
1517143
1517292
1517389
1517456
1517690
1517767
1517910
1518084
1518191
1518449
1518531
1518597
1518862
1518918
1519131
1519279
1519431
1519643
1519687
1519931
1520049
1520064
1520018
1519824
1519464
1519052
1518451
1517773
1517236
1516683
1516229
1515827
1515397
1515258
1515159
1515103
1515033
1515018
1514978
1515030
1515091
1515141
1515190
1515280
1515355
1515477
1515655
1515688
1515780
1515999
1515997
1516195
1516227
1516268
1516323
1516311
1516413
1516433
1516444
1516490
1516556
1516547
1516682
1516673
1516756
1516799
1516947
1517019
1517247
1517250
1517452
1517537
1517632
1517766
1518004
1518089
1518230
1518378
1518562
1518654
1518752
1518882
1519105
1519289
1519448
1519551
1519736
1519903
1520123
1520189
1520275
1520347
1520125
1519823
1519513
1519044
1518442
1517863
1517252
1516726
1516282
1515892
1515646
1515424
1515345
1515283
1515263
1515282
1515315
1515276
1515423
1515468
1515547
1515643
1515708
1515875
1515978
1516111
1516201
1516362
1516412
1516499
1516529
1516590
1516720
1516721
1516804
1516786
1516845
1516830
1516969
1516964
1516919
1517091
1517130
1517183
1517244
1517391
1517554
1517717
1517889
1517954
1518051
1518242
1518377
1518467
1518578
1518787
1518954
1519112
1519168
1519387
1519493
1519616
1519903
1519918
1520114
1520299
1520380
1520445
1520488
1520368
1520156
1519632
1519138
1518633
1517990
1517425
1516968
1516466
1516182
1515908
1515732
1515643
1515600
1515582
1515583
1515478
1515593
1515699
1515791
1515875
1515916
1516006
1516102
1516306
1516397
1516519
1516591
1516674
1516751
1516823
1516962
1516879
1516969
1517043
1517140
1517109
1517088
1517183
1517219
1517350
1517322
1517392
1517578
1517604
1517681
1517800
1517960
1518140
1518146
1518362
1518486
1518631
1518748
1518861
1519104
1519120
1519241
1519412
1519606
1519742
1520011
1520125
1520262
1520379
1520502
1520689
1520792
1520733
1520565
1520205
1519838
1519358
1518706
1518129
1517608
1517016
1516608
1516328
1516017
1515944
1515858
1515806
1515820
1515805
1515883
1515879
1515974
1516073
1516153
1516235
1516341
1516512
1516633
1516750
1516848
1516983
1517068
1517131
1517170
1517306
1517309
1517331
1517413
1517375
1517368
1517444
1517539
1517565
1517654
1517690
1517780
1517863
1517908
1518102
1518161
1518392
1518463
1518571
1518692
1518847
1518969
1519215
1519245
1519412
1519518
1519740
1519850
1520044
1520130
1520397
1520500
1520589
1520770
1520752
1520824
1520637
1520383
1519892
1519406
1518872
1518301
1517681
1517228
1516795
1516503
1516271
1516154
1515999
1516002
1515982
1516036
1516099
1516091
1516223
1516253
1516393
1516434
1516529
1516665
1516821
1516856
1517097
1517194
1517235
1517316
1517416
1517452
1517514
1517533
1517548
1517541
1517597
1517615
1517704
1517734
1517767
1517892
1517913
1518046
1518100
1518201
1518306
1518500
1518634
1518796
1518910
1518987
1519092
1519312
1519385
1519538
1519699
1519878
1519938
1520201
1520390
1520462
1520565
1520784
1520912
1520892
1520850
1520579
1520193
1519728
1519118
1518515
1517968
1517415
1517011
1516677
1516439
1516267
1516228
1516147
1516120
1516088
1516117
1516159
1516259
1516391
1516457
1516509
1516625
1516725
1516907
1517128
1517227
1517234
1517330
1517429
1517415
1517547
1517605
1517616
1517726
1517727
1517763
1517801
1517773
1517788
1517833
1518001
1517946
1518034
1518234
1518279
1518487
1518605
1518682
1518784
1518960
1519020
1519214
1519319
1519520
1519588
1519756
1519894
1520130
1520256
1520426
1520502
1520629
1520723
1520878
1520797
1520703
1520306
1519872
1519423
1518826
1518268
1517693
1517272
1516818
1516562
1516382
1516271
1516184
1516136
1516204
1516107
1516179
1516224
1516390
1516471
1516498
1516631
1516774
1516834
1516938
1517100
1517271
1517232
1517331
1517403
1517506
1517462
1517506
1517573
1517592
1517663
1517639
1517702
1517726
1517855
1517906
1517955
1518016
1518049
1518219
1518319
1518475
1518551
1518675
1518846
1518961
1519018
1519222
1519392
1519430
1519580
1519691
1519853
1520089
1520236
1520385
1520468
1520655
1520691
1520839
1520754
1520655
1520136
1519737
1519184
1518669
1518111
1517506
1517123
1516722
1516429
1516281
1516064
1516069
1516007
1516070
1516103
1516007
1516188
1516262
1516352
1516419
1516514
1516655
1516717
1516844
1516952
1517085
1517142
1517287
1517271
1517354
1517353
1517366
1517460
1517515
1517451
1517581
1517627
1517574
1517646
1517690
1517772
1517832
1517967
1518030
1518155
1518270
1518392
1518483
1518662
1518801
1518885
1519002
1519071
1519276
1519358
1519571
1519710
1519842
1519922
1520147
1520264
1520340
1520515
1520353
1520151
1519891
1519435
1518906
1518329
1517794
1517236
1516874
1516533
1516272
1516044
1515962
1515932
1515908
1515879
1515896
1515861
1515930
1516131
1516214
1516167
1516266
1516428
1516541
1516644
1516729
1516913
1516960
1517009
1517072
1517162
1517180
1517126
1517283
1517164
1517334
1517342
1517355
1517366
1517377
1517555
1517588
1517742
1517724
1517942
1518049
1518120
1518194
1518330
1518489
1518565
1518687
1518928
1519046
1519148
1519245
1519434
1519454
1519810
1519842
1519973
1520149
1520161
1520351
1520360
1520094
1519925
1519395
1518978
1518401
1517752
1517277
1516824
1516480
1516202
1515967
1515910
1515718
1515753
1515685
1515656
1515712
1515874
1515849
1515894
1515989
1516130
1516306
1516395
1516581
1516572
1516693
1516771
1516833
1516860
1516923
1517056
1517030
1516974
1517072
1517073
1517231
1517101
1517300
1517287
1517356
1517340
1517454
1517603
1517697
1517819
1517923
1518074
1518125
1518285
1518428
1518564
1518664
1518801
1518981
1519083
1519234
1519343
1519460
1519670
1519861
1519884
1520030
1520046
1519872
1519639
1519213
1518750
1518191
1517696
1517078
1516695
1516293
1515972
1515813
1515727
1515648
1515551
1515494
1515446
1515567
1515585
1515654
1515686
1515884
1515875
1515925
1516102
1516194
1516229
1516386
1516536
1516519
1516572
1516729
1516785
1516724
1516819
1516878
1516908
1516917
1516912
1516964
1516999
1517044
1517153
1517195
1517282
1517435
1517460
1517614
1517770
1517840
1517908
1518087
1518255
1518431
1518536
1518524
1518807
1518921
1519047
1519199
1519351
1519456
1519639
1519727
1519766
1519678
1519493
1519155
1518731
1518128
1517618
1517067
1516662
1516230
1515844
1515638
1515495
1515418
1515348
1515312
1515349
1515342
1515299
1515388
1515524
1515561
1515637
1515690
1515805
1515857
1516024
1516092
1516173
1516304
1516318
1516425
1516538
1516494
1516553
1516482
1516580
1516676
1516634
1516591
1516703
1516760
1516887
1516881
1516896
1516984
1517142
1517243
1517419
1517468
1517589
1517667
1517753
1517941
1518100
1518115
1518283
1518317
1518505
1518596
1518781
1518902
1519046
1519185
1519325
1519399
1519447
1519292
1519053
1518702
1518204
1517599
1517129
1516510
1516001
1515693
1515429
1515107
1514994
1514889
1514855
1514836
1514710
1514836
1514875
1514866
1515018
1515027
1515166
1515186
1515344
1515448
1515553
1515551
1515643
1515758
1515801
1515850
1515860
1516015
1516009
1515977
1516108
1516057
1516123
1516125
1516278
1516207
1516340
1516348
1516421
1516573
1516572
1516681
1516765
1516981
1517071
1517254
1517347
1517468
1517586
1517721
1517856
1517973
1518059
1518269
1518379
1518552
1518639
1518822
1518942
1519010
1519084
1518903
1518668
1518253
1517839
1517155
1516674
1516167
1515754
1515325
1515125
1514914
1514701
1514697
1514613
1514528
1514454
1514579
1514558
1514711
1514763
1514838
1514786
1514982
1514991
1515114
1515210
1515339
1515432
1515488
1515615
1515647
1515670
1515665
1515763
1515762
1515853
1515885
1515889
1515843
1515966
1515988
1515980
1516177
1516243
1516287
1516369
1516541
1516638
1516798
1516781
1516942
1517070
1517183
1517296
1517415
1517547
1517695
1517890
1518028
1518140
1518278
1518396
1518561
1518679
1518794
1518866
1518894
1518693
1518466
1518036
1517556
1516933
1516478
1515903
1515491
1515154
1514838
1514663
1514610
1514446
1514342
1514373
1514283
1514292
1514349
1514415
1514494
1514550
1514616
1514673
1514815
1514855
1514967
1515062
1515103
1515164
1515253
1515353
1515376
1515429
1515432
1515573
1515541
1515630
1515640
1515630
1515746
1515809
1515777
1515913
1515891
1516155
1516175
1516301
1516443
1516512
1516623
1516858
1516899
1517039
1517191
1517353
1517419
1517545
1517700
1517836
1517961
1518145
1518346
1518337
1518524
1518669
1518595
1518536
1518300
1517928
1517519
1516925
1516421
1515953
1515565
1515093
1514810
1514600
1514500
1514362
1514318
1514320
1514207
1514220
1514303
1514306
1514421
1514458
1514558
1514527
1514751
1514813
1514871
1514952
1515077
1515154
1515326
1515340
1515300
1515385
1515444
1515480
1515424
1515516
1515535
1515619
1515690
1515667
1515774
1515901
1515905
1515966
1516014
1516212
1516322
1516403
1516554
1516684
1516862
1516870
1517071
1517189
1517255
1517367
1517488
1517678
1517843
1517952
1518019
1518126
1518280
1518411
1518422
1518354
1518249
1517836
1517440
1516961
1516334
1515834
1515369
1515033
1514770
1514388
1514324
1514151
1514089
1514116
1514039
1514049
1514023
1514116
1514229
1514256
1514221
1514384
1514477
1514566
1514684
1514739
1514837
1514962
1515034
1515063
1515125
1515136
1515241
1515233
1515290
1515344
1515399
1515367
1515546
1515518
1515654
1515653
1515710
1515847
1515903
1516013
1516132
1516180
1516366
1516466
1516566
1516754
1516814
1516939
1517031
1517199
1517337
1517373
1517621
1517803
1517862
1518014
1518114
1518260
1518294
1518224
1518034
1517669
1517182
1516710
1516203
1515805
1515222
1514950
1514616
1514394
1514268
1514131
1514095
1514050
1514032
1513969
1514027
1514052
1514142
1514149
1514197
1514346
1514372
1514469
1514631
1514679
1514723
1514894
1515008
1515008
1515154
1515041
1515155
1515204
1515166
1515312
1515304
1515434
1515359
1515475
1515440
1515583
1515627
1515767
1515842
1516020
1516077
1516106
1516291
1516409
1516535
1516666
1516781
1516902
1516966
1517100
1517378
1517464
1517588
1517698
1517843
1517971
1518050
1518189
1518181
1518096
1517804
1517513
1516981
1516559
1516022
1515652
1515085
1514799
1514602
1514296
1514118
1514020
1514024
1513938
1514032
1513917
1513844
1514014
1514043
1514106
1514107
1514177
1514280
1514432
1514496
1514632
1514703
1514764
1514786
1514973
1514995
1515005
1515053
1515118
1515190
1515148
1515148
1515265
1515303
1515306
1515403
1515368
1515537
1515653
1515765
1515802
1515999
1516086
1516217
1516274
1516556
1516646
1516764
1516763
1516928
1517095
1517245
1517393
1517570
1517659
1517781
1517980
1518055
1518038
1517989
1517759
1517471
1517003
1516603
1516106
1515632
1515212
1514768
1514507
1514271
1514181
1513938
1513900
1513840
1513813
1513812
1513787
1513876
1513855
1513922
1513971
1514028
1514122
1514228
1514338
1514440
1514491
1514516
1514621
1514708
1514775
1514880
1514903
1514984
1515041
1514979
1515012
1515128
1515105
1515242
1515289
1515304
1515399
1515506
1515602
1515738
1515824
1515888
1516045
1516110
1516263
1516374
1516499
1516661
1516735
1516852
1517059
1517124
1517229
1517345
1517493
1517649
1517772
1517884
1517979
1518086
1518033
1517909
1517539
1517090
1516623
1516128
1515604
1515259
1514862
1514637
1514351
1514178
1513984
1513925
1513897
1513822
1513833
1513813
1513808
1513893
1513948
1513981
1514034
1513997
1514139
1514176
1514297
1514435
1514552
1514518
1514617
1514778
1514813
1514736
1514908
1514901
1514787
1514940
1514945
1515007
1515057
1515089
1515181
1515325
1515304
1515501
1515526
1515636
1515713
1515905
1516017
1516120
1516230
1516395
1516456
1516604
1516713
1516766
1516938
1517064
1517105
1517344
1517439
1517645
1517736
1517856
1517961
1517942
1517874
1517588
1517228
1516835
1516290
1515784
1515413
1514905
1514673
1514406
1514225
1514041
1513950
1513776
1513790
1513811
1513697
1513740
1513767
1513781
1513812
1513825
1513965
1514002
1514113
1514174
1514230
1514315
1514435
1514507
1514611
1514632
1514692
1514716
1514718
1514830
1514827
1514848
1514814
1514917
1515008
1515004
1515140
1515147
1515247
1515351
1515445
1515576
1515680
1515754
1515929
1516071
1516130
1516332
1516322
1516534
1516626
1516729
1516833
1517023
1517096
1517218
1517398
1517445
1517683
1517761
1517853
1518009
1518068
1517912
1517627
1517298
1516759
1516319
1515852
1515334
1514959
1514569
1514357
1514127
1513957
1513834
1513781
1513639
1513671
1513599
1513690
1513658
1513671
1513665
1513750
1513752
1513841
1513930
1513990
1514100
1514184
1514318
1514341
1514445
1514534
1514518
1514529
1514627
1514683
1514677
1514671
1514709
1514801
1514782
1514853
1515040
1515060
1515119
1515220
1515279
1515414
1515562
1515575
1515784
1515881
1515975
1516147
1516200
1516395
1516415
1516549
1516737
1516723
1517009
1517139
1517228
1517455
1517586
1517606
1517751
1517874
1517835
1517681
1517484
1517114
1516753
1516252
1515849
1515356
1514961
1514563
1514346
1514086
1513994
1513749
1513672
1513558
1513553
1513512
1513540
1513565
1513534
1513686
1513682
1513737
1513691
1513821
1513993
1514057
1514132
1514295
1514437
1514484
1514441
1514544
1514642
1514617
1514690
1514727
1514736
1514758
1514847
1514914
1514972
1515058
1515095
1515227
1515258
1515444
1515522
1515623
1515804
1515844
1516047
1516103
1516277
1516309
1516492
1516671
1516781
1516910
1517018
1517104
1517258
1517394
1517547
1517658
1517797
1517754
1517899
1517976
1517793
1517628
1517117
1516724
1516267
1515758
1515381
1514941
1514558
1514225
1514115
1513900
1513804
1513697
1513601
1513600
1513589
1513474
1513515
1513593
1513672
1513689
1513666
1513803
1513873
1514005
1514048
1514121
1514248
1514238
1514356
1514443
1514487
1514532
1514534
1514525
1514589
1514623
1514618
1514759
1514725
1514788
1514868
1515034
1515100
1515050
1515253
1515356
1515427
1515495
1515733
1515778
1515901
1516031
1516113
1516291
1516357
1516491
1516566
1516767
1516886
1516953
1517122
1517311
1517406
1517503
1517607
1517663
1517527
1517399
1516975
1516668
1516237
1515684
1515226
1514777
1514409
1514130
1513906
1513673
1513606
1513486
1513418
1513348
1513329
1513367
1513350
1513316
1513408
1513472
1513494
1513482
1513605
1513662
1513696
1513858
1513979
1513956
1514082
1514149
1514268
1514264
1514325
1514357
1514352
1514355
1514389
1514566
1514523
1514598
1514722
1514793
1514863
1514950
1515078
1515158
1515260
1515296
1515534
1515642
1515793
1515876
1515987
1516099
1516152
1516251
1516403
1516554
1516778
1516860
1516892
1517099
1517146
1517101
1517060
1516922
1516542
1516092
1515538
1515152
1514711
1514303
1514018
1513664
1513535
1513322
1513210
1513053
1513020
1512964
1512936
1512897
1512879
1512906
1512985
1513067
1513089
1513133
1513247
1513367
1513424
1513377
1513566
1513646
1513644
1513744
1513786
1513804
1513923
1513988
1513973
1513964
1514046
1514073
1514125
1514191
1514260
1514352
1514456
1514517
1514623
1514741
1514776
1514947
1515087
1515193
1515305
1515436
1515601
1515564
1515719
1515873
1516018
1516247
1516297
1516555
1516478
1516737
1516766
1516809
1516698
1516389
1516110
1515720
1515167
1514738
1514326
1513905
1513574
1513287
1513068
1512943
1512766
1512682
1512560
1512539
1512528
1512563
1512515
1512536
1512569
1512676
1512596
1512748
1512827
1512914
1513059
1513109
1513238
1513309
1513324
1513364
1513505
1513472
1513492
1513539
1513586
1513617
1513676
1513718
1513770
1513850
1513851
1513927
1514076
1514154
1514324
1514332
1514486
1514549
1514677
1514800
1515001
1515031
1515133
1515272
1515369
1515515
1515735
1515811
1515963
1516009
1516204
1516269
1516264
1516248
1515993
1515816
1515312
1514921
1514382
1513955
1513561
1513276
1512942
1512648
1512495
1512343
1512310
1512186
1512112
1512122
1512152
1512121
1512097
1512195
1512161
1512185
1512340
1512422
1512565
1512537
1512749
1512793
1512821
1512975
1513027
1512959
1513091
1513102
1513178
1513163
1513196
1513224
1513306
1513298
1513402
1513499
1513617
1513638
1513774
1513787
1513953
1514074
1514209
1514290
1514446
1514618
1514616
1514755
1514795
1514972
1515187
1515266
1515423
1515500
1515669
1515771
1515904
1515982
1515957
1515935
1515693
1515369
1514904
1514502
1514026
1513485
1513173
1512854
1512606
1512345
1512170
1512072
1511905
1511853
1511788
1511776
1511665
1511727
1511712
1511812
1511770
1511863
1511872
1512001
1512104
1512215
1512234
1512378
1512393
1512464
1512576
1512564
1512643
1512667
1512667
1512689
1512735
1512740
1512810
1512851
1512901
1512956
1513113
1513187
1513251
1513326
1513501
1513625
1513690
1513859
1514005
1514061
1514222
1514293
1514434
1514497
1514630
1514823
1514926
1515071
1515175
1515236
1515379
1515461
1515492
1515410
1515261
1514837
1514424
1514014
1513551
1513053
1512656
1512353
1512046
1511765
1511603
1511354
1511387
1511306
1511198
1511267
1511186
1511002
1511059
1511224
1511183
1511215
1511241
1511414
1511535
1511622
1511701
1511707
1511809
1511761
1511969
1511966
1511995
1512047
1512062
1512119
1512071
1512136
1512216
1512239
1512436
1512464
1512537
1512646
1512708
1512878
1512934
1513013
1513077
1513279
1513363
1513504
1513702
1513715
1513742
1513981
1514023
1514232
1514333
1514472
1514654
1514667
1514813
1514915
1514849
1514901
1514617
1514236
1513839
1513286
1512973
1512505
1512077
1511791
1511465
1511212
1511069
1510989
1510880
1510803
1510751
1510778
1510683
1510668
1510737
1510771
1510833
1510801
1510858
1510981
1511139
1511140
1511229
1511368
1511397
1511525
1511581
1511564
1511664
1511678
1511622
1511762
1511694
1511755
1511843
1511824
1511924
1512000
1512135
1512230
1512291
1512385
1512492
1512623
1512784
1512839
1512946
1513081
1513229
1513294
1513472
1513594
1513722
1513875
1513924
1514052
1514283
1514343
1514385
1514621
1514605
1514710
1514622
1514358
1514133
1513621
1513250
1512796
1512279
1511894
1511533
1511232
1511009
1510755
1510754
1510565
1510557
1510470
1510436
1510500
1510400
1510455
1510492
1510469
1510587
1510678
1510710
1510928
1510928
1511006
1511094
1511200
1511284
1511222
1511325
1511369
1511402
1511469
1511442
1511463
1511503
1511577
1511660
1511738
1511795
1511956
1511978
1512078
1512142
1512335
1512342
1512561
1512620
1512796
1512884
1513012
1513085
1513222
1513275
1513452
1513641
1513747
1513886
1513925
1514066
1514146
1514030
1513872
1513545
1513209
1512642
1512346
1511826
1511403
1511175
1510866
1510636
1510471
1510378
1510333
1510191
1510160
1510094
1510201
1510109
1510123
1510117
1510183
1510259
1510274
1510400
1510486
1510489
1510608
1510751
1510869
1510941
1510927
1510984
1511033
1511015
1511078
1511142
1511080
1511169
1511275
1511352
1511307
1511471
1511574
1511656
1511777
1511744
1511856
1512094
1512147
1512262
1512418
1512447
1512562
1512711
1512812
1513041
1513107
1513259
1513353
1513468
1513620
1513657
1513780
1513658
1513438
1513152
1512738
1512311
1511894
1511499
1511131
1510805
1510609
1510395
1510185
1509999
1509940
1509872
1509835
1509826
1509765
1509782
1509746
1509881
1509871
1509961
1509995
1510009
1510155
1510252
1510337
1510429
1510463
1510573
1510624
1510643
1510768
1510822
1510850
1510873
1510875
1510936
1510968
1511019
1511108
1511154
1511316
1511352
1511469
1511530
1511653
1511783
1511902
1512024
1512194
1512276
1512385
1512471
1512615
1512804
1512867
1513150
1513142
1513204
1513416
1513538
1513509
1513474
1513221
1512922
1512484
1512151
