1582548
1582687
1582782
1582897
1582971
1583032
1583138
1583175
1583263
1583214
1583395
1583484
1583549
1583560
1583660
1583793
1583815
1583879
1584075
1584198
1584288
1584305
1584469
1584564
1584520
1584639
1584662
1584769
1584770
1584904
1584963
1585082
1585081
1585223
1585250
1585371
1585435
1585283
1585265
1584947
1584667
1584402
1584096
1583668
1583359
1583093
1582734
1582553
1582313
1582153
1582066
1581925
1581868
1581814
1581847
1581842
1581693
1581781
1581829
1581726
1581725
1581811
1581788
1581842
1581945
1582101
1582207
1582143
1582181
1582225
1582207
1582372
1582381
1582419
1582386
1582476
1582514
1582550
1582483
1582683
1582656
1582790
1582969
1583101
1583251
1583401
1583617
1583797
1583915
1583997
1584203
1584308
1584369
1584595
1584718
1584791
1584828
1584815
1584868
1584998
1585012
1584983
1584951
1584972
1585093
1585069
1585276
1585323
1585244
1585200
1584909
1584627
1584216
1583837
1583425
1583072
1582838
1582590
1582212
1582117
1581861
1581702
1581581
1581454
1581324
1581038
1581034
1580656
1580588
1580616
1580645
1580723
1580892
1580989
1581179
1581267
1581394
1581584
1581811
1582034
1582419
1582752
1583123
1583266
1583405
1583689
1583984
1584062
1584342
1584588
1584726
1584905
1585139
1585542
1585700
1586116
1586425
1586632
1586783
1586995
1586986
1587074
1587242
1587588
1587934
1588215
1588299
1588034
1587696
1587362
1587152
1586756
1586157
1585759
1585386
1584962
1584150
1583060
1581789
1580608
1579551
1578613
1577698
1576691
1575732
1574720
1573702
1572923
1572602
1572743
1573147
1573592
1573767
1573894
1573789
1573395
1572911
1572939
1573440
1574085
1574469
1574725
1575136
1575752
1575774
1575550
1575575
1575983
1576365
1576853
1577275
1578071
1578048
1577328
1576229
1575588
1576081
1574125
1553076
1548467
1548868
1552048
1553612
1552927
1551479
1550271
1549235
1548526
1548159
1549440
1551001
1552006
1552460
1552316
1552122
1552174
1552699
1553406
1554013
1554552
1554872
1555290
1555554
1555563
1555338
1554860
1554021
1553075
1551938
1550656
1548888
1547195
1545672
1544214
1543478
1542351
1540311
1539040
1538869
1539348
1539509
1539885
1540779
1542317
1544557
1547301
1549794
1552294
1555331
1558369
1560749
1562551
1564624
1566737
1568619
1570024
1571096
1570917
1569690
1569076
1568668
1568017
1566949
1566015
1565050
1564080
1563013
1561885
1560653
1559779
1559141
1558738
1558724
1558895
1559174
1558432
1554971
1553049
1552100
1552775
1552944
1552182
1550608
1548633
1545989
1543114
1540370
1537724
1535227
1533411
1532624
1532486
1533065
1534149
1535493
1537339
1539552
1542962
1547037
1552202
1557904
1563374
1568777
1573670
1578328
1582154
1583900
1583579
1581456
1578077
1574596
1573271
1572760
1572865
1572915
1573003
1572945
1572122
1568276
1562302
1556126
1550974
1546736
1543666
1540861
1537951
1535642
1534192
1533651
1533493
1533896
1534565
1535051
1535680
1536398
1537156
1538296
1539617
1541077
1542802
1544274
1545505
1546510
1547253
1547865
1548417
1548475
1548330
1548234
1548043
1547757
1547313
1546614
1545858
1545242
1544582
1544211
1543869
1543803
1543989
1544098
1544208
1544222
1544348
1544341
1544180
1543990
1543830
1543566
1543439
1543454
1543260
1543164
1543138
1543129
1543216
1543225
1543250
1543267
1543242
1543246
1543170
1543045
1542834
1542739
1542743
1542874
1543077
1543231
1543188
1543110
1543054
1543161
1543337
1543511
1543742
1543905
1543983
1544226
1544273
1544521
1544851
1545052
1545256
1545377
1545598
1545810
1545980
1546263
1546692
1546951
1547262
1547625
1547857
1548309
1548526
1548834
1549120
1549448
1549679
1549962
1550237
1550556
1550791
1551015
1551094
1551154
1551254
1551111
1551095
1551148
1550669
1550024
1549292
1548748
1548290
1548046
1547636
1547129
1546437
1545561
1545138
1544921
1545106
1545552
1546196
1547216
1548719
1550422
1551712
1552845
1554082
1555078
1555792
1555931
1555838
1555560
1555388
1555180
1555096
1555056
1554719
1554494
1554051
1553776
1553787
1554081
1554794
1555675
1556505
1557335
1558326
1559251
1559946
1560192
1560469
1560691
1561110
1561364
1561600
1561523
1561508
1561607
1561828
1562120
1562466
1562964
1563649
1564384
1565196
1566122
1567083
1567940
1568472
1568729
1569013
1569060
1569016
1568907
1568636
1568406
1568099
1567937
1567796
1567683
1567615
1567616
1567691
1567712
1567877
1567843
1567922
1568076
1568215
1568386
1568555
1568667
1568849
1569137
1569332
1569592
1569738
1569912
1570115
1570324
1570365
1570565
1570660
1570861
1570796
1570961
1571010
1571115
1571180
1571261
1571368
1571487
1571559
1571599
1571773
1571852
1572022
1572177
1572298
1572405
1572589
1572683
1572802
1572923
1573043
1573211
1573280
1573354
1573458
1573620
1573811
1573942
1574092
1574272
1574359
1574480
1574499
1574336
1574086
1573683
1573243
1572829
1572323
1571814
1571577
1571295
1571004
1570800
1570684
1570776
1570714
1570662
1570671
1570775
1570659
1570715
1570797
1570870
1570998
1571092
1571283
1571429
1571558
1571717
1571967
1572008
1572215
1572264
1572363
1572442
1572537
1572525
1572597
1572552
1572684
1572743
1572784
1572987
1573058
1573076
1573092
1573225
1573330
1573490
1573533
1573669
1573740
1573977
1574107
1574159
1574299
1574372
1574543
1574694
1574743
1574810
1575108
1575254
1575295
1575436
1575438
1575568
1575586
1575433
1575081
1574639
1574088
1573596
1573094
1572640
1572040
1571763
1571418
1571081
1570937
1570690
1570557
1570538
1570521
1570352
1570401
1570248
1570332
1570370
1570424
1570500
1570492
1570642
1570809
1570918
1571021
1571129
1571184
1571365
1571393
1571397
1571461
1571512
1571600
1571667
1571690
1571690
1571709
1571774
1571868
1571975
1572137
1572177
1572293
1572491
1572593
1572740
1572867
1572859
1572939
1573208
1573298
1573422
1573554
1573689
1573724
1573836
1574074
1574249
1574346
1574565
1574645
1574713
1574851
1574729
1574670
1574453
1574040
1573562
1572994
1572434
1571908
1571411
1571083
1570607
1570578
1570217
1570097
1570007
1569946
1569779
1569690
1569708
1569668
1569673
1569723
1569719
1569841
1569914
1569959
1570058
1570308
1570339
1570499
1570615
1570689
1570798
1570821
1570928
1571022
1571024
1571144
1571080
1571159
1571240
1571350
1571399
1571469
1571579
1571651
1571733
1571834
1571992
1572107
1572240
1572420
1572492
1572715
1572803
1572916
1573047
1573178
1573381
1573459
1573718
1573742
1573930
1574002
1574199
1574373
1574543
1574650
1574763
1574892
1574892
1574897
1574663
1574470
1573944
1573439
1572817
1572257
1571789
1571256
1570865
1570644
1570353
1570240
1570030
1569921
1569738
1569712
1569600
1569593
1569542
1569520
1569572
1569639
1569674
1569839
1569819
1570048
1570151
1570295
1570403
1570451
1570626
1570660
1570706
1570758
1570847
1570826
1570871
1570988
1571016
1571039
1571224
1571160
1571269
1571375
1571433
1571558
1571644
1571805
1571860
1572004
1572204
1572357
1572480
1572684
1572822
1572885
1573017
1573208
1573402
1573484
1573573
1573645
1573873
1573972
1574171
1574358
1574504
1574690
1574766
1574879
1574850
1574946
1574825
1574391
1574062
1573434
1572922
1572287
1571697
1571245
1570785
1570573
1570245
1570162
1569981
1569875
1569747
1569574
1569596
1569449
1569449
1569513
1569580
1569622
1569751
1569680
1569843
1569915
1570061
1570185
1570412
1570446
1570539
1570668
1570705
1570684
1570811
1570835
1570846
1570853
1570928
1571056
1571038
1571108
1571211
1571342
1571418
1571514
1571663
1571687
1571865
1572039
1572133
1572256
1572370
1572555
1572684
1572877
1573031
1573158
1573276
1573400
1573564
1573667
1573814
1573971
1574117
1574232
1574351
1574527
1574726
1574724
1574909
1574926
1574822
1574669
1574269
1573758
1573235
1572651
1572031
1571504
1571038
1570658
1570405
1570198
1570002
1569816
1569709
1569668
1569589
1569553
1569510
1569528
1569451
1569607
1569622
1569674
1569737
1569853
1569956
1570085
1570269
1570403
1570467
1570530
1570713
1570645
1570780
1570838
1570858
1570879
1570933
1570949
1571040
1571127
1571155
1571209
1571359
1571408
1571538
1571659
1571866
1571900
1571989
1572111
1572238
1572468
1572659
1572730
1572882
1573050
1573150
1573339
1573416
1573676
1573714
1573859
1573947
1574125
1574270
1574320
1574594
1574633
1574822
1574851
1574943
1574936
1574634
1574360
1573745
1573160
1572636
1571977
1571486
1571032
1570650
1570350
1570064
1569971
1569783
1569736
1569674
1569654
1569520
1569390
1569435
1569469
1569459
1569580
1569573
1569776
1569923
1569899
1570107
1570264
1570405
1570479
1570672
1570761
1570740
1570814
1570932
1570889
1570984
1571065
1571078
1571191
1571256
1571320
1571461
1571534
1571617
1571744
1571871
1571997
1572184
1572364
1572521
1572603
1572736
1572993
1573103
1573173
1573381
1573485
1573738
1573852
1573982
1574083
1574272
1574306
1574553
1574828
1574809
1575022
1575124
1575247
1575342
1575319
1575163
1574779
1574318
1573757
1573214
1572524
1571994
1571530
1571171
1570792
1570550
1570424
1570334
1570155
1570146
1570008
1570074
1570036
1570070
1570111
1570251
1570194
1570364
1570367
1570549
1570603
1570794
1570926
1571048
1571211
1571244
1571326
1571369
1571428
1571464
1571500
1571522
1571581
1571627
1571666
1571648
1571863
1571847
1571945
1572098
1572167
1572301
1572411
1572578
1572734
1572777
1572919
1573150
1573208
1573394
1573436
1573637
1573817
1573892
1574008
1574153
1574336
1574471
1574635
1574710
1574789
1575024
1575107
1575003
1574984
1574651
1574152
1573646
1572986
1572452
1571879
1571402
1570974
1570686
1570367
1570134
1570068
1569902
1569846
1569830
1569743
1569720
1569676
1569746
1569784
1569816
1569846
1569978
1570024
1570294
1570336
1570507
1570648
1570652
1570720
1570784
1570820
1570887
1570978
1570840
1570933
1570952
1570939
1571060
1571125
1571135
1571214
1571259
1571369
1571366
1571550
1571594
1571738
1571863
1572007
1572225
1572225
1572448
1572614
1572628
1572743
1572916
1572921
1573135
1573333
1573394
1573560
1573753
1573834
1573946
1573813
1573702
1573510
1573005
1572381
1571689
1571224
1570621
1570057
1569532
1569277
1569130
1568821
1568672
1568449
1568437
1568414
1568267
1568206
1568103
1568249
1568151
1568248
1568211
1568314
1568260
1568535
1568587
1568705
1568801
1568969
1569049
1569061
1569143
1569099
1569152
1569212
1569241
1569211
1569247
1569376
1569413
1569405
1569479
1569604
1569656
1569786
1569927
1569984
1570138
1570260
1570466
1570670
1570695
1570762
1570964
1571139
1571296
1571317
1571558
1571675
1571760
1571987
1572104
1572329
1572422
1572691
1572696
1572805
1572874
1572875
1572613
1572140
1571581
1571006
1570414
1569700
1569167
1568761
1568369
1568172
1567919
1567818
1567698
1567634
1567555
1567478
1567398
1567395
1567294
1567362
1567333
1567375
1567437
1567596
1567719
1567813
1567919
1568060
1568094
1568247
1568358
1568482
1568503
1568616
1568683
1568601
1568675
1568647
1568747
1568813
1568866
1568918
1568958
1568992
1569082
1569195
1569416
1569517
1569661
1569858
1569991
1569999
1570170
1570392
1570579
1570669
1570818
1570924
1571092
1571237
1571382
1571517
1571692
1571813
1571945
1572243
1572334
1572378
1572590
1572725
1572794
1572763
1572654
1572197
1571723
1571276
1570516
1569885
1569235
1568819
1568375
1568012
1567754
1567575
1567404
1567336
1567284
1567180
1567184
1567075
1567119
1567065
1567065
1567193
1567098
1567291
1567380
1567418
1567597
1567751
1567824
1567910
1567984
1568096
1568166
1568230
1568131
1568314
1568401
1568319
1568376
1568373
1568465
1568536
1568502
1568649
1568652
1568780
1568953
1569091
1569250
1569317
1569484
1569582
1569774
1569911
1570093
1570275
1570365
1570559
1570702
1570848
1571025
1571120
1571279
1571271
1571574
1571716
1571808
1571914
1572150
1572300
1572414
1572453
1572685
1572661
1572638
1572352
1571904
1571391
1570747
1569985
1569432
1568759
1568401
1568019
1567683
1567417
1567242
1567169
1567036
1566969
1566902
1566835
1566783
1566745
1566833
1566846
1566894
1566852
1567014
1567086
1567283
1567395
1567470
1567570
1567733
1567863
1567900
1567885
1568000
1567960
1568049
1568064
1568097
1568173
1568215
1568222
1568333
1568368
1568462
1568565
1568653
1568820
1568990
1569021
1569244
1569401
1569622
1569653
1569856
1570108
1570221
1570365
1570480
1570681
1570824
1571017
1571219
1571326
1571513
1571652
1571838
1571930
1572124
1572325
1572468
1572603
1572707
1572792
1572745
1572633
1572237
1571761
1571111
1570466
1569852
1569173
1568713
1568321
1567924
1567691
1567552
1567329
1567279
1567156
1567218
1567065
1567100
1566977
1567033
1567079
1567171
1567174
1567300
1567388
1567509
1567659
1567691
1567846
1567898
1568061
1568181
1568158
1568208
1568333
1568284
1568292
1568410
1568372
1568354
1568400
1568437
1568502
1568501
1568650
1568715
1568758
1568939
1569080
1569176
1569262
1569518
1569611
1569664
1569846
1569974
1570158
1570194
1570369
1570542
1570674
1570789
1570932
1571038
1571224
1571346
1571534
1571675
1571860
1571924
1572089
1572101
1572117
1571893
1571399
1570861
1570268
1569531
1568990
1568317
1567727
1567465
1567126
1566864
1566706
1566563
1566519
1566393
1566404
1566280
1566344
1566332
1566313
1566301
1566446
1566453
1566557
1566611
1566836
1566911
1567030
1567104
1567253
1567312
1567344
1567378
1567473
1567554
1567464
1567593
1567652
1567676
1567636
1567703
1567833
1567864
1568010
1568131
1568101
1568237
1568359
1568527
1568585
1568767
1568930
1569066
1569198
1569435
1569536
1569681
1569773
1569979
1570061
1570169
1570379
1570594
1570703
1570816
1570991
1571166
1571392
1571443
1571539
1571703
1571726
1571702
1571523
1571026
1570483
1569843
1569294
1568549
1567950
1567475
1566994
1566670
1566473
1566335
1566196
1566131
1566082
1566054
1565915
1566030
1565900
1565892
1565986
1565954
1566054
1566089
1566222
1566286
1566505
1566586
1566600
1566772
1566996
1566929
1567081
1567106
1567138
1567135
1567168
1567244
1567241
1567341
1567376
1567458
1567535
1567596
1567720
1567809
1567960
1567930
1568186
1568290
1568393
1568562
1568737
1568908
1569013
1569170
1569335
1569435
1569628
1569795
1569933
1570127
1570153
1570420
1570454
1570770
1570806
1570999
1571173
1571314
1571412
1571546
1571575
1571534
1571402
1570971
1570350
1569720
1569119
1568437
1567787
1567259
1566939
1566538
1566387
1566209
1566036
1566010
1565942
1565812
1565842
1565801
1565781
1565790
1565794
1565765
1565926
1566010
1566151
1566347
1566466
1566526
1566677
1566824
1566834
1566918
1566988
1567072
1567170
1567263
1567296
1567303
1567367
1567419
1567494
1567531
1567755
1567772
1567842
1567944
1568038
1568296
1568367
1568569
1568739
1568862
1569090
1569280
1569418
1569570
1569741
1569877
1570066
1570190
1570378
1570583
1570740
1570754
1570974
1571149
1571270
1571402
1571594
1571830
1571912
1572124
1572251
1572290
1572344
1572274
1572011
1571448
1570895
1570182
1569477
1568911
1568310
1567887
1567476
1567290
1567093
1566909
1566902
1566787
1566768
1566813
1566838
1566827
1566882
1566923
1566897
1567090
1567061
1567279
1567327
1567494
1567597
1567804
1567962
1567994
1568120
1568120
1568166
1568218
1568249
1568334
1568376
1568423
1568395
1568497
1568595
1568654
1568665
1568761
1568882
1568994
1569104
1569265
1569444
1569581
1569665
1569939
1570093
1570262
1570303
1570449
1570599
1570757
1570931
1571092
1571229
1571372
1571467
1571539
1571747
1571932
1571992
1572174
1572295
1572317
1572461
1572386
1572145
1571630
1571065
1570346
1569768
1569057
1568513
1567971
1567516
1567343
1567042
1566830
1566674
1566546
1566579
1566536
1566428
1566511
1566448
1566514
1566586
1566564
1566726
1566752
1566889
1567047
1567138
1567356
1567469
1567587
1567623
1567690
1567693
1567754
1567777
1567884
1567872
1567809
1567962
1567955
1567994
1568065
1568170
1568201
1568281
1568394
1568488
1568588
1568719
1568893
1569028
1569102
1569325
1569443
1569604
1569819
1569830
1569937
1570115
1570232
1570359
1570522
1570611
1570851
1570968
1571068
1571147
1571190
1571252
1571062
1570736
1570212
1569528
1568911
1568288
1567629
1567061
1566581
1566302
1565996
1565844
1565714
1565548
1565538
1565402
1565424
1565360
1565303
1565333
1565319
1565267
1565359
1565414
1565549
1565576
1565745
1565928
1566026
1566167
1566178
1566311
1566310
1566415
1566353
1566378
1566437
1566413
1566464
1566466
1566525
1566596
1566726
1566703
1566854
1567001
1566997
1567114
1567281
1567433
1567542
1567705
1567839
1568021
1568036
1568231
1568454
1568571
1568744
1568825
1569104
1569186
1569325
1569435
1569719
1569763
1570002
1570200
1570256
1570446
1570462
1570543
1570301
1569950
1569397
1568757
1568078
1567323
1566736
1566233
1565817
1565479
1565307
1565172
1565014
1564905
1564848
1564815
1564784
1564853
1564713
1564622
1564775
1564890
1564866
1564939
1565013
1565122
1565325
1565392
1565555
1565670
1565701
1565788
1565919
1565831
1565940
1566014
1565962
1566036
1566065
1566122
1566101
1566267
1566251
1566444
1566464
1566500
1566660
1566832
1566953
1567039
1567128
1567387
1567612
1567607
1567838
1567976
1568089
1568281
1568489
1568639
1568789
1568815
1569011
1569151
1569363
1569473
1569586
1569830
1570051
1570148
1570329
1570368
1570472
1570369
1570123
1569616
1568974
1568371
1567579
1566989
1566425
1565873
1565544
1565179
1565055
1564893
1564795
1564704
1564694
1564602
1564562
1564526
1564514
1564588
1564595
1564611
1564663
1564803
1564922
1564974
1565137
1565298
1565400
1565452
1565524
1565562
1565744
1565751
1565778
1565796
1565830
1565905
1565931
1566045
1566008
1566087
1566136
1566255
1566298
1566475
1566586
1566693
1566871
1566890
1567092
1567229
1567461
1567649
1567753
1567905
1567997
1568231
1568291
1568451
1568635
1568788
1568940
1569107
1569231
1569430
1569642
1569788
1569884
1570038
1570225
1570305
1570254
1570168
1569750
1569222
1568611
1567792
1567175
1566476
1565923
1565483
1565160
1565031
1564740
1564598
1564560
1564384
1564349
1564465
1564333
1564320
1564326
1564375
1564492
1564542
1564611
1564690
1564794
1564939
1565071
1565204
1565319
1565480
1565543
1565600
1565679
1565728
1565738
1565835
1565806
1565980
1565930
1566082
1566074
1566310
1566283
1566419
1566537
1566649
1566848
1566860
1567081
1567269
1567433
1567625
1567751
1567923
1567991
1568209
1568460
1568558
1568757
1568906
1569089
1569190
1569355
1569489
1569625
1569852
1570057
1570216
1570369
1570433
1570597
1570685
1570531
1570279
1569752
1569165
1568373
1567693
1567097
1566443
1565977
1565617
1565370
1565123
1565131
1564942
1564896
1564808
1564821
1564848
1564770
1564835
1564882
1564965
1565019
1565048
1565087
1565227
1565451
1565613
1565683
1565810
1565946
1565999
1566137
1566147
1566137
1566256
1566185
1566256
1566239
1566350
1566361
1566479
1566548
1566530
1566691
1566888
1566960
1567114
1567216
1567429
1567579
1567674
1567850
1567986
1568073
1568329
1568443
1568605
1568706
1568966
1569002
1569255
1569345
1569601
1569724
1569857
1570054
1570224
1570241
1570407
1570317
1570151
1569638
1569097
1568446
1567721
1567072
1566480
1565968
1565630
1565272
1565037
1564827
1564765
1564633
1564631
1564613
1564559
1564534
1564619
1564564
1564646
1564602
1564681
1564779
1564850
1565070
1565211
1565271
1565374
1565537
1565589
1565722
1565722
1565698
1565796
1565779
1565755
1565781
1565882
1565971
1565894
1565954
1566109
1566138
1566233
1566395
1566421
1566689
1566734
1566965
1567154
1567178
1567320
1567401
1567608
1567636
1567808
1568092
1568130
1568350
1568418
1568631
1568840
1568889
1569052
1569198
1569309
1569179
1568988
1568551
1567974
1567270
1566544
1565898
1565353
1564819
1564433
1564166
1563857
1563782
1563681
1563622
1563454
1563548
1563343
1563404
1563293
1563343
1563415
1563448
1563557
1563633
1563798
1563839
1564006
1564091
1564208
1564289
1564363
1564474
1564470
1564534
1564559
1564648
1564605
1564554
1564717
1564632
1564779
1564817
1564885
1564893
1565083
1565139
1565290
1565400
1565533
1565681
1565716
1565960
1566050
1566167
1566378
1566484
1566538
1566780
1566919
1566985
1567137
1567330
1567472
1567689
1567823
1567908
1568015
1568144
1568006
1567737
1567237
1566667
1565934
1565272
1564536
1563911
1563415
1563110
1562760
1562626
1562424
1562276
1562281
1562187
1562165
1562076
1562099
1561977
1562095
1562064
1562101
1562190
1562247
1562474
1562531
1562631
1562761
1562888
1563107
1563043
1563139
1563187
1563235
1563330
1563413
1563396
1563355
1563344
1563514
1563480
1563615
1563615
1563816
1563857
1564006
1564033
1564198
1564322
1564516
1564597
1564826
1565038
1565167
1565321
1565421
1565622
1565703
1566011
1566046
1566089
1566422
1566603
1566746
1566972
1567086
1567294
1567347
1567515
1567672
1567729
1567609
1567209
1566728
1566048
1565387
1564590
1563936
1563289
1562851
1562565
1562259
1562162
1561915
1561875
1561841
1561724
1561687
1561600
1561559
1561539
1561482
1561594
1561724
1561768
1561873
1561935
1562067
1562253
1562384
1562435
1562487
1562706
1562701
1562773
1562800
1562893
1562838
1562969
1563009
1562941
1563078
1563085
1563119
1563191
1563387
1563493
1563568
1563618
1563791
1563986
1564090
1564242
1564324
1564487
1564804
1564897
1564987
1565201
1565357
1565487
1565730
1565837
1565964
1566143
1566344
1566496
1566734
1566916
1567051
1567231
1567214
1567465
1567439
1567191
1566719
1566157
1565441
1564717
1564031
1563392
1562934
1562435
1562090
1561926
1561717
1561532
1561514
1561375
1561396
1561299
1561295
1561237
1561320
1561300
1561382
1561429
1561505
1561501
1561731
1561861
1561991
1562096
1562216
1562309
1562410
1562413
1562471
1562515
1562571
1562563
1562671
1562663
1562705
1562753
1562844
1562818
1562999
1563018
1563149
1563313
1563426
1563475
1563672
1563963
1564038
1564125
1564299
1564491
1564635
1564861
1564931
1564989
1565285
1565398
1565516
1565742
1565900
1565988
1566227
1566395
1566628
1566727
1566839
1566912
1566942
1566706
1566376
1565812
1565028
1564322
1563602
1562980
1562464
1561989
1561696
1561444
1561258
1561136
1560966
1560927
1560913
1560797
1560708
1560782
1560761
1560864
1560854
1560882
1561017
1561054
1561109
1561313
1561468
1561548
1561729
1561728
1561793
1561941
1562050
1562053
1562125
1562139
1562199
1562277
1562184
1562382
1562458
1562537
1562614
1562782
1562871
1562990
1563107
1563343
1563489
1563686
1563826
1563972
1564064
1564354
1564542
1564717
1564920
1565041
1565230
1565381
1565598
1565831
1565948
1566086
1566273
1566454
1566594
1566874
1566955
1567078
1567126
1567214
1567078
1566585
1566077
1565372
1564617
1563927
1563238
1562687
1562228
1561926
1561718
1561628
1561422
1561396
1561325
1561268
1561281
1561295
1561305
1561347
1561449
1561461
1561600
1561588
1561745
1561860
1562014
1562218
1562235
1562395
1562492
1562556
1562623
1562603
1562746
1562805
1562773
1562897
1562871
1562927
1563009
1563011
1563175
1563269
1563377
1563530
1563677
1563770
1563981
1564079
1564223
1564507
1564547
1564737
1564906
1565108
1565243
1565436
1565607
1565717
1565843
1566165
1566241
1566472
1566599
1566838
1567037
1567128
1567248
1567363
1567347
1567088
1566821
1566187
1565468
1564769
1564078
1563446
1562823
1562464
1562078
1561898
1561633
1561621
1561496
1561461
1561399
1561442
1561359
1561339
1561380
1561492
1561415
1561544
1561612
1561807
1561878
1562061
1562175
1562214
1562340
1562416
1562568
1562631
1562587
1562610
1562698
1562725
1562698
1562767
1562738
1562832
1562859
1563059
1563119
1563197
1563272
1563434
1563574
1563744
1563821
1564004
1564146
1564325
1564410
1564592
1564755
1564894
1565037
1565183
1565252
1565387
1565592
1565822
1565978
1566159
1566264
1566332
1566440
1566317
1566089
1565613
1564976
1564264
1563518
1562825
1562102
1561639
1561277
1560945
1560742
1560498
1560497
1560393
1560316
1560249
1560168
1560157
1560169
1560131
1560154
1560184
1560274
1560379
1560548
1560656
1560727
1560879
1560972
1561064
1561297
1561279
1561337
1561326
1561420
1561430
1561393
1561479
1561524
1561500
1561595
1561678
1561759
1561836
1561917
1562094
1562202
1562347
1562516
1562670
1562720
1562964
1563151
1563306
1563418
1563515
1563675
1563870
1564077
1564170
1564293
1564455
1564545
1564859
1565027
1565219
1565360
1565474
1565723
1565566
1565533
1565232
1564709
1564017
1563348
1562534
1561880
1561340
1560811
1560508
1560184
1559970
1559844
1559698
1559697
1559631
1559548
1559539
1559504
1559471
1559498
1559510
1559698
1559632
1559679
1559850
1559949
1560101
1560189
1560340
1560387
1560481
1560521
1560545
1560600
1560585
1560646
1560684
1560719
1560751
1560827
1560781
1560916
1560990
1561064
1561079
1561264
1561375
1561461
1561594
1561682
1561882
1562081
1562230
1562431
1562594
1562693
1562971
1563047
1563224
1563414
1563542
1563722
1563951
1564041
1564193
1564291
1564493
1564782
1564914
1565084
1565141
1565278
1565362
1565218
1564716
1564153
1563562
1562723
1561932
1561268
1560651
1560178
1559926
1559687
1559489
1559332
1559210
1559193
1559098
1559113
1558998
1559011
1559049
1559151
1559087
1559162
1559208
1559325
1559504
1559569
1559734
1559832
1559918
1559978
1560110
1560186
1560262
1560292
1560397
1560389
1560353
1560443
1560483
1560441
1560626
1560659
1560691
1560833
1560897
1561054
1561161
1561310
1561463
1561576
1561775
1561955
1562154
1562256
1562452
1562609
1562697
1562927
1563082
1563234
1563417
1563592
1563744
1563911
1564122
1564295
1564437
1564662
1564811
1564934
1565070
1565199
1565210
1565042
1564716
1564068
1563343
1562596
1561833
1561099
1560564
1560108
1559841
1559502
1559322
1559242
1559099
1559041
1559013
1558966
1558944
1558931
1558925
1558885
1559045
1559105
1559105
1559263
1559382
1559482
1559629
1559676
1559881
1559976
1560046
1560083
1560164
1560231
1560328
1560266
1560343
1560372
1560359
1560417
1560566
1560640
1560770
1560754
1561005
1561174
1561241
1561341
1561580
1561713
1561861
1562058
1562246
1562395
1562670
1562794
1563001
1563205
1563400
1563494
1563749
1563883
1564100
1564336
1564424
1564719
1564865
1565046
1565172
1565318
1565305
1565220
1564906
1564282
1563642
1562794
1562052
1561380
1560775
1560407
1560025
1559780
1559559
1559530
1559488
1559363
1559439
1559411
1559335
1559468
1559345
1559469
1559479
1559556
1559712
1559818
1559956
1560113
1560366
1560417
1560485
1560624
1560670
1560760
1560811
1560924
1560898
1560991
1561046
1561118
1561132
1561174
1561264
1561349
1561484
1561641
1561643
1561787
1561893
1562117
1562208
1562411
1562497
1562717
1562969
1563068
1563270
1563403
1563557
1563828
1563893
1564056
1564158
1564328
1564601
1564752
1564953
1565177
1565247
1565406
1565424
1565318
1565106
1564609
1563940
1563227
1562496
1561641
1561192
1560617
1560233
1559972
1559730
1559587
1559441
1559464
1559383
1559331
1559382
1559458
1559463
1559429
1559562
1559602
1559583
1559752
1559846
1560063
1560204
1560370
1560525
1560644
1560730
1560798
1560940
1560945
1560895
1560992
1560952
1561077
1561025
1561076
1561166
1561224
1561246
1561419
1561538
1561623
1561745
1561906
1562014
1562199
1562387
1562490
1562680
1562875
1563030
1563141
1563302
1563498
1563618
1563802
1563948
1564103
1564333
1564499
1564647
1564770
1564853
1564885
1564721
1564271
1563643
1562973
1562204
1561453
1560761
1560265
1559753
1559425
1559221
1558932
1558840
1558783
1558732
1558698
1558593
1558560
1558598
1558565
1558611
1558645
1558615
1558731
1558860
1558993
1559080
1559253
1559393
1559521
1559558
1559558
1559599
1559666
1559741
1559683
1559696
1559769
1559830
1559922
1559894
1559934
1559982
1560111
1560120
1560322
1560421
1560520
1560669
1560826
1560956
1561106
1561326
1561465
1561617
1561721
1561811
1561987
1562151
1562251
1562453
1562587
1562792
1562997
1563114
1563261
1563439
1563462
1563471
1563325
1562910
1562351
1561625
1560848
1560051
1559479
1558814
1558471
1558114
1557966
1557681
1557549
1557498
1557353
1557408
1557286
1557323
1557295
1557267
1557354
1557279
1557345
1557392
1557481
1557583
1557730
1557934
1558033
1558114
1558291
1558283
1558291
1558447
1558477
1558421
1558382
1558502
1558516
1558555
1558590
1558792
1558762
1558796
1558937
1559066
1559202
1559341
1559426
1559610
1559783
1559941
1560149
1560239
1560435
1560673
1560832
1560989
1561112
1561311
1561557
1561568
1561792
1561907
1562182
1562369
1562480
1562739
1562872
1563018
1563150
1563263
1563355
1563262
1562841
1562370
1561627
1560941
1560090
1559321
1558736
1558194
1557899
1557579
1557395
1557274
1557114
1557149
1557074
1557028
1556900
1556971
1556943
1556937
1557014
1557072
1557075
1557173
1557369
1557481
1557590
1557844
1557863
1557927
1558066
1558038
1558254
1558168
1558203
1558258
1558275
1558309
1558349
1558564
1558472
1558508
1558605
1558695
1558856
1558964
1559086
1559185
1559369
1559519
1559681
1559838
1559998
1560223
1560296
1560500
1560666
1560801
1561011
1561157
1561278
1561402
1561699
1561810
1562012
1562163
1562338
1562570
1562775
1562878
1563011
1563113
1563298
1563234
1562887
1562478
1561756
1560897
1560147
1559429
1558793
1558287
1557868
1557497
1557325
1557164
1557152
1557007
1556964
1556963
1556954
1556893
1556844
1556859
1556900
1556972
1557118
1557069
1557354
1557398
1557523
1557617
1557837
1557950
1557939
1558072
1558082
1558150
1558202
1558198
1558303
1558278
1558271
1558367
1558508
1558510
1558619
1558713
1558896
1558800
1558977
1559188
1559374
1559398
1559656
1559837
1559950
1560079
1560278
1560364
1560612
1560771
1560887
1561036
1561253
1561469
1561596
1561742
1562043
1562119
1562276
1562395
1562498
1562393
1562105
1561606
1561009
1560234
1559541
1558786
1558267
1557747
1557382
1557098
1556900
1556776
1556777
1556569
1556603
1556582
1556485
1556563
1556534
1556557
1556536
1556646
1556690
1556718
1556865
1557052
1557098
1557182
1557422
1557397
1557636
1557659
1557680
1557744
1557723
1557828
1557869
1557852
1557950
1557947
1558062
1558057
1558142
1558200
1558236
1558424
1558497
1558694
1558849
1559093
1559130
1559291
1559414
1559617
1559705
1559948
1560091
1560309
1560360
1560596
1560833
1560965
1561171
1561182
1561287
1561177
1560944
1560489
1559753
1558998
1558214
1557605
1557025
1556674
1556308
1556145
1555949
1555824
1555758
1555666
1555602
1555610
1555663
1555651
1555667
1555707
1555769
1555763
1555946
1556029
1556182
1556272
1556382
1556567
1556741
1556746
1556800
1556905
1556983
1557059
1557133
1557205
1557211
1557247
1557340
1557453
1557563
1557669
1557807
1557861
1557934
1558083
1558316
1558505
1558610
1558839
1559111
1559251
1559410
1559616
1559786
1560002
1560156
1560272
1560528
1560779
1560905
1561094
1561317
1561525
1561433
1561424
1560930
1560364
1559637
1558925
1558211
1557576
1557056
1556629
1556434
1556314
1556126
1556131
1556021
1556015
1555930
1555935
1555920
1555998
1555996
1556124
1556143
1556219
1556209
1556466
1556594
1556720
1556890
1557039
1557212
1557214
1557321
1557420
1557466
1557491
1557543
1557626
1557601
1557644
1557769
1557804
1557916
1557996
1558115
1558264
1558326
1558539
1558675
1558815
1559023
1559122
1559338
1559502
1559591
1559830
1560079
1560155
1560412
1560613
1560721
1561057
1561139
1561417
1561566
1561598
1561510
1561317
1560807
1560244
1559437
1558767
1558024
1557413
1556849
1556529
1556348
1556135
1556010
1555884
1555765
1555738
1555748
1555669
1555791
1555740
1555704
1555868
1555944
1556005
1556151
1556299
1556377
1556588
1556751
1556752
1556987
1557068
1557120
1557209
1557266
1557178
1557274
1557263
1557318
1557342
1557448
1557494
1557628
1557702
1557750
1557840
1557975
1558111
1558258
1558472
1558608
1558796
1558848
1559011
1559163
1559383
1559522
1559663
1559841
1560008
1560215
1560321
1560503
1560634
1560747
1560693
1560509
1560039
1559378
1558747
1557921
1557117
1556525
1555947
1555673
1555386
1555174
1554965
1554861
1554794
1554753
1554698
1554730
1554677
1554582
1554638
1554685
1554714
1554831
1554797
1554931
1555106
1555260
1555371
1555444
1555528
1555581
1555757
1555736
1555748
1555705
1555739
1555729
1555713
1555812
1555830
1555877
1555928
1556052
1556146
1556218
1556237
1556390
1556466
1556661
1556763
1556850
1557017
1557252
1557400
1557515
1557611
1557804
1557935
1558046
1558278
1558412
1558611
1558780
1558967
1559133
1559053
1558965
1558695
1557999
1557305
1556601
1555857
1555204
1554795
1554342
1554125
1553849
1553713
1553602
1553492
1553447
1553443
1553429
1553386
1553273
1553411
1553467
1553484
1553463
1553693
1553707
1553866
1554023
1554109
1554235
1554309
1554406
1554514
1554610
1554674
1554641
1554729
1554669
1554715
1554805
1554884
1554900
1554962
1555069
1555163
1555299
1555389
1555536
1555693
1555818
1555982
1556104
1556260
1556375
1556640
1556742
1557020
1557127
1557300
1557430
1557622
1557853
1557948
1558178
1558357
1558539
1558708
1558946
1559077
1559160
1559299
1559166
1558725
1558183
1557431
1556634
1555832
1555129
1554710
1554197
1553942
1553737
1553605
1553523
1553377
1553264
1553228
1553286
1553180
1553258
1553194
1553206
1553257
1553366
1553315
1553469
1553581
1553622
1553892
1554025
1554113
1554231
1554244
1554361
1554393
1554434
1554477
1554523
1554597
1554588
1554672
1554771
1554740
1554830
1554906
1555033
1555131
1555227
1555414
1555628
1555665
1555802
1556005
1556190
1556364
1556508
1556727
1556837
1556959
1557219
1557469
1557622
1557831
1557910
1558146
1558356
1558460
1558684
1558887
1559069
1559241
1559421
1559607
1559745
1559808
1559633
1559351
1558672
1557971
1557183
1556318
1555661
1555023
1554527
1554246
1554022
1553830
1553787
1553589
1553704
1553616
1553543
1553565
1553552
1553551
1553612
1553685
1553621
1553800
1553826
1553973
1554121
1554311
1554333
1554555
1554617
1554793
1554789
1554848
1554855
1554907
1554962
1554953
1554957
1555023
1555136
1555100
1555248
1555248
1555406
1555467
1555592
1555743
1555816
1556044
1556224
1556382
1556511
1556680
1556876
1557018
1557196
1557316
1557597
1557666
1557787
1558103
1558298
1558419
1558547
1558731
1558928
1559045
1559282
1559371
1559606
1559748
1559844
1560150
1560082
1559843
1559563
1559124
1558296
1557388
1556641
1555856
1555326
1554906
1554577
1554308
1554209
1554016
1554021
1554039
1553929
1553984
1553945
1553960
1553933
1554060
1554121
1554128
1554248
1554450
1554534
1554680
1554731
1554954
1555091
1555220
1555260
1555413
1555441
1555458
1555495
1555539
1555630
1555671
1555680
1555812
1555899
1555956
1556016
1556126
1556239
1556380
1556539
1556672
1556823
1557027
1557222
1557403
1557614
1557790
1557911
1558103
1558247
1558579
1558661
1558902
1559130
1559221
1559406
1559555
1559732
1559953
1560093
1560377
1560629
1560713
1560877
1560940
1560983
1560777
1560397
1559744
1558919
1558184
1557377
1556685
1556057
1555670
1555353
1555288
1555140
1555100
1555048
1554976
1554993
1555015
1554985
1555085
1555088
1555185
1555209
1555286
1555465
1555554
1555721
1555853
1556020
1556151
1556274
1556281
1556438
1556554
1556594
1556512
1556621
1556606
1556624
1556712
1556682
1556719
1556800
1556861
1557042
1557094
1557252
1557382
1557470
1557662
1557756
1557977
1558058
1558273
1558380
1558601
1558910
1558892
1559053
1559180
1559319
1559490
1559731
1559892
1560100
1560240
1560392
1560532
1560689
1560741
1560611
1560216
1559758
1559016
1558295
1557457
1556675
1556091
1555574
1555304
1554921
1554833
1554692
1554661
1554581
1554495
1554585
1554605
1554570
1554535
1554574
1554598
1554676
1554793
1554862
1555030
1555128
1555232
1555361
1555509
1555611
1555657
1555761
1555759
1555687
1555780
1555793
1555872
1555877
1555926
1556014
1556058
1556139
1556190
1556176
1556384
1556374
1556544
1556719
1556925
1557059
1557222
1557362
1557550
1557676
1557848
1558004
1558177
1558302
1558454
1558648
1558788
1558916
1559119
1559300
1559505
1559589
1559850
1559963
1559991
1559774
1559440
1558892
1558094
1557246
1556488
1555817
1555205
1554822
1554607
1554279
1554247
1554098
1554026
1553917
1553947
1553924
1553993
1553991
1553964
1554098
1554084
1554153
1554202
1554380
1554430
1554576
1554704
1554811
1554980
1555045
1555114
1555158
1555284
1555251
1555312
1555365
1555449
1555403
1555473
1555539
1555626
1555659
1555777
1555867
1555952
1556126
1556259
1556315
1556593
1556729
1556878
1557122
1557281
1557325
1557517
1557705
1557935
1558015
1558291
1558419
1558555
1558734
1558907
1559125
1559304
1559512
1559680
1559847
1559926
1560114
1560067
1559743
1559286
1558552
1557732
1556962
1556179
1555560
1555019
1554612
1554460
1554268
1554178
1554078
1554026
1554036
1554000
1554076
1553950
1553857
1553999
1554006
1554077
1554142
1554234
1554290
1554411
1554590
1554841
1554824
1555008
1555088
1555138
1555194
1555305
1555381
1555401
1555342
1555325
1555427
1555447
1555586
1555641
1555684
1555785
1555917
1556023
1556147
1556284
1556516
1556647
1556840
1556984
1557144
1557310
1557532
1557633
1557742
1558017
1558141
1558402
1558558
1558655
1558848
1558998
1559252
1559387
1559601
1559752
1559919
1560092
1560169
1560161
1560036
1559594
1559006
1558173
1557439
1556504
1555876
1555331
1554932
1554577
1554373
1554180
1554129
1554108
1554048
1554057
1554008
1554034
1554020
1553953
1554087
1554111
1554193
1554296
1554305
1554378
1554568
1554773
1554875
1554992
1555118
1555211
1555178
1555284
1555264
1555385
1555327
1555380
1555474
1555287
1555451
1555535
1555680
1555679
1555780
1555944
1556058
1556169
1556381
1556457
1556743
1556892
1557081
1557214
1557437
1557539
1557709
1557911
1557995
1558262
1558394
1558475
1558724
1558776
1559060
1559254
1559369
1559547
1559779
1559870
1560028
1560074
1559850
1559403
1558786
1558069
1557248
1556395
1555658
1555176
1554772
1554473
1554265
1554108
1553963
1553946
1553842
1553877
1553910
1553851
1553921
1553848
1553928
1553998
1554051
1554078
1554138
1554402
1554472
1554637
1554779
1554889
1554999
1555076
1555103
1555280
1555184
1555234
1555276
1555258
1555309
1555431
1555412
1555557
1555589
1555658
1555846
1555893
1556041
1556191
1556294
1556508
1556571
1556823
1556896
1557124
1557263
1557354
1557627
1557758
1557910
1558050
1558222
1558537
1558707
1558813
1558924
1559087
1559258
1559171
1558966
1558415
1557703
1556925
1556223
1555497
1554856
1554416
1554072
1553789
1553673
1553546
1553432
1553408
1553398
1553424
1553414
1553346
1553373
1553428
1553383
1553400
1553524
1553583
1553759
1553769
1553976
1554199
1554297
1554398
1554499
1554538
1554601
1554592
1554759
1554706
1554775
1554685
1554862
1554930
1554905
1554976
1555117
1555168
1555248
1555400
1555536
1555639
1555820
1555950
1556072
1556313
1556509
1556624
1556796
1557015
1557133
1557243
1557494
1557744
1557890
1558038
1558155
1558291
1558352
1558292
1557864
1557222
1556581
1555836
1555053
1554468
1553849
1553561
1553242
1553057
1552891
1552837
1552705
1552639
1552609
1552700
1552689
1552690
1552698
1552685
1552711
1552855
1552952
1553036
1553221
1553319
1553485
1553708
1553823
1553852
1553974
1554013
1554013
1554085
1554190
1554176
1554369
1554228
1554464
1554496
1554515
1554550
1554696
1554855
1554908
1555159
1555252
1555450
1555557
1555740
1555867
1556124
1556293
1556596
1556696
1556876
1557073
1557275
1557484
1557710
1557931
1558073
1558330
1558573
1558680
1558785
1558901
1558671
1558230
1557605
1556867
1556062
1555232
1554567
1554028
1553730
1553459
1553252
1553136
1553091
1552943
1553031
1552996
1552994
1553039
1553002
1553108
1553134
1553233
1553301
1553432
1553521
1553831
1553844
1554010
1554235
1554245
1554429
1554474
1554588
1554662
1554664
1554660
1554694
1554646
1554760
1554867
1554969
1555042
1555197
1555289
1555404
1555511
1555706
1555866
1556065
1556204
1556324
1556648
1556713
1556982
1557089
1557259
1557465
1557623
1557837
1557990
1558334
1558503
1558642
1558775
1559046
1559126
1559184
1559067
1558861
1558251
1557551
1556721
1555906
1555193
1554504
1554006
1553661
1553418
1553331
1553205
1552963
1553025
1553006
1553029
1552990
1552965
1553016
1553071
1553127
1553251
1553290
1553471
1553633
1553793
1553890
1554120
1554155
1554279
1554369
1554340
1554542
1554550
1554479
1554600
1554595
1554581
1554732
1554819
1554892
1554993
1555034
1555182
1555257
1555381
1555536
1555731
1555833
1555999
1556171
1556312
1556557
1556766
1556865
1557020
1557206
1557306
1557473
1557726
1557912
1558061
1558292
1558371
1558502
1558524
1558457
1557995
1557424
1556668
1555839
1554969
1554292
1553677
1553274
1552852
1552652
1552426
1552330
1552251
1552166
1552077
1552101
1552068
1551954
1551984
1552053
1552149
1552123
1552238
1552347
1552496
1552598
1552770
1552871
1552926
1553014
1553117
1553176
1553299
1553231
1553180
1553195
1553309
1553376
1553342
1553446
1553486
1553579
1553674
1553751
1553872
1553961
1554114
1554256
1554341
1554601
1554778
1555033
1555097
1555200
1555405
1555526
1555814
1555918
1555994
1556219
1556378
1556616
1556943
1556961
1557236
1557189
1557363
1557263
1556952
1556367
1555696
1554823
1554055
1553337
1552615
1552115
1551827
1551577
1551427
1551224
1551224
1551080
1551073
1551012
1551002
1550947
1550957
1550961
1551077
1551198
1551249
1551279
1551400
1551518
1551700
1551759
1551898
1552071
1552110
1552184
1552226
1552296
1552315
1552387
1552390
1552365
1552415
1552502
1552601
1552644
1552744
1552843
1552987
1553104
1553208
1553344
1553597
1553672
1553917
1554037
1554205
1554457
1554569
1554753
1554913
1555133
1555367
1555510
1555681
1555850
1555988
1556194
1556462
1556662
1556849
1556976
1557146
1557182
1557286
1557068
1556697
1556001
1555128
1554290
1553429
1552669
1552191
1551716
1551431
1551265
1551085
1551017
1550982
1550936
1550915
1550911
1550856
1550784
1550785
1550874
1550951
1551001
1551109
1551220
1551310
1551527
1551551
1551771
1551890
1551983
1551997
1552161
1552206
1552221
1552275
1552273
1552480
1552376
1552456
1552498
1552541
1552692
1552768
1552837
1552952
1553152
1553295
1553429
1553562
1553759
1553874
1554218
1554322
1554539
1554706
1554875
1555077
1555226
1555434
1555565
1555734
1555855
1556171
1556360
1556481
1556726
1556928
1557006
1557249
1557367
1557461
1557417
1557019
1556469
1555721
1554851
1554039
1553249
1552604
1552096
1551704
1551496
1551301
1551234
1551078
1551008
1550953
1550934
1550964
1550909
1550897
1550993
1551058
1551034
1551150
1551311
1551329
1551537
1551650
1551779
1551895
1552066
1552109
1552196
1552233
1552347
1552381
1552314
1552390
1552409
1552474
1552496
1552695
1552702
1552745
1552937
1553003
1553104
1553243
1553381
1553555
1553768
1553931
1554087
1554330
1554423
1554584
1554883
1554953
1555120
1555355
1555460
1555688
1555883
1556076
1556223
1556483
1556759
1556969
1557163
1557281
1557484
1557647
1557734
1557907
1557767
1557424
1556781
1556024
1555104
1554266
1553502
1552880
1552328
1552063
1551836
1551607
1551494
1551481
1551478
1551482
1551445
1551408
1551466
1551507
1551556
1551663
1551753
1551893
1552021
1552151
1552306
1552549
1552609
1552791
1552971
1553060
1553150
1553166
1553210
1553279
1553238
1553361
1553415
1553433
1553518
1553698
1553711
1553804
1553908
1554130
1554232
1554359
1554603
1554762
1554916
1555090
1555342
1555465
1555680
1555880
1556063
1556270
1556393
1556646
1556866
1557037
1557220
1557429
1557569
1557727
1558071
1558153
1558408
1558544
1558706
1558831
1558909
1558805
1558472
1557931
1557088
1556240
1555448
1554606
1553959
1553421
1553024
1552716
1552559
1552513
1552350
1552349
1552379
1552379
1552341
1552421
1552532
1552488
1552544
1552747
1552808
1552886
1553067
1553298
1553439
1553653
1553747
1553889
1554035
1554092
1554203
1554208
1554205
1554249
1554270
1554419
1554406
1554481
1554501
1554650
1554806
1554838
1555049
1555162
1555269
1555481
1555625
1555858
1556036
1556225
1556394
1556621
1556833
1557020
1557106
1557340
1557517
1557688
1557825
1558028
1558311
1558462
1558699
1558856
1558990
1559253
1559283
1559284
1559181
1558716
1558051
1557319
1556348
1555565
1554781
1554055
1553518
1553187
1552827
1552749
1552574
1552534
1552493
1552351
1552327
1552323
1552374
1552354
1552403
1552455
1552626
1552595
1552740
1552898
1553154
1553160
1553319
1553484
1553533
1553617
1553687
1553814
1553779
1553766
1553858
1553864
1553880
1553999
1553952
1554048
1554142
1554229
1554365
1554529
1554602
1554750
1554918
1555044
1555260
1555374
1555583
1555791
1555978
1556065
1556265
1556468
1556558
1556762
1556946
1557084
1557331
1557604
1557705
1557764
1557965
1558080
1558056
1557850
1557345
1556780
1555934
1555086
1554200
1553529
1552878
1552347
1552058
1551850
1551692
1551564
1551369
1551325
1551320
1551255
1551247
1551206
1551252
1551318
1551436
1551426
1551596
1551561
1551778
1551884
1552125
1552184
1552236
1552373
1552539
1552528
1552550
1552692
1552624
1552710
1552716
1552710
1552813
1552826
1552987
1553034
1553102
1553191
1553394
1553430
1553624
1553714
1553937
1554039
1554212
1554474
1554559
1554708
1554947
1555137
1555243
1555412
1555573
1555804
1556000
1556167
1556369
1556551
1556706
1556902
1557085
1557237
1557238
1557163
1556906
1556349
1555525
1554737
1553801
1553087
1552351
1551787
1551358
1551081
1550844
1550762
1550679
1550599
1550561
1550480
1550471
1550497
1550463
1550454
1550619
1550647
1550671
1550701
1550925
1550982
1551106
1551275
1551411
1551568
1551608
1551720
1551803
1551763
1551897
1551809
1551908
1552006
1551982
1551985
1552094
1552119
1552302
1552440
1552516
1552661
1552787
1552957
1553097
1553337
1553532
1553680
1553864
1554042
1554224
1554398
1554606
1554804
1554999
1555073
1555255
1555498
1555658
1555863
1555993
1556320
1556486
1556664
1556763
1556984
1556940
1556627
1556229
1555482
1554553
1553752
1552949
1552245
1551650
1551200
1550907
1550677
1550562
1550500
1550411
1550238
1550326
1550375
1550219
1550259
1550246
1550373
1550427
1550466
1550477
1550601
1550802
1550940
1551091
1551122
1551241
1551465
1551551
1551619
1551621
1551742
1551723
1551772
1551786
1551830
1551935
1551967
1552038
1552129
1552235
1552348
1552479
1552606
1552789
1552849
1553031
1553233
1553405
1553554
1553785
1553939
1554239
1554292
1554537
1554735
1554892
1555007
1555295
1555439
1555587
1555839
1556077
1556297
1556369
1556602
1556705
1556753
1556678
1556312
1555646
1554861
1553914
1553077
1552417
1551716
1551187
1550844
1550672
1550312
1550312
1550153
1550153
1550145
1550101
1550089
1550064
1550030
1550025
1550204
1550240
1550311
1550403
1550480
1550664
1550819
1550881
1551079
1551184
1551260
1551413
1551397
1551455
1551519
1551545
1551612
1551649
1551704
1551735
1551810
1551877
1551973
1552040
1552109
1552248
1552457
1552587
1552759
1552958
1553128
1553296
1553464
1553672
1553819
1554071
1554296
1554396
1554544
1554669
1554880
1555088
1555244
1555478
1555741
1555843
1556060
1556149
1556210
1556194
1556021
1555434
1554683
1553882
1552937
1552240
1551518
1550990
1550541
1550275
1550102
1549995
1549944
1549760
1549844
1549801
1549690
1549716
1549681
1549826
1549791
1549868
1549869
1549991
1550101
1550319
1550392
1550435
1550621
1550858
1550991
1551017
1551085
1551133
1551287
1551260
1551373
1551428
1551395
1551554
1551559
1551751
1551796
1551957
1552005
1552264
1552299
1552463
1552664
1552872
1553037
1553242
1553452
1553650
1553828
1554011
1554226
1554370
1554448
1554692
1554963
1555067
1555248
1555502
1555700
1555829
1556022
1556153
1556075
1555952
1555420
1554760
1553853
1553114
1552276
1551535
1551038
1550644
1550275
1550128
1550057
1549944
1549879
1549794
1549895
1549889
1549827
1549841
1549901
1550003
1550078
1550147
1550268
1550369
1550507
1550830
1550947
1551090
1551171
1551274
1551351
1551493
1551597
1551530
1551583
1551598
1551693
1551804
1551898
1551934
1552005
1552122
1552243
1552415
1552481
1552663
1552868
1553022
1553218
1553377
1553556
1553737
1553993
1554165
1554340
1554501
1554673
1554920
1555007
1555331
1555492
1555713
1555984
1556027
1556283
1556304
1556311
1556052
1555437
1554753
1554031
1553140
1552340
1551648
1551179
1550737
1550430
1550306
1550122
1549999
1550013
1549952
1549930
1549916
1549903
1549967
1550077
1550149
1550270
1550223
1550373
1550565
1550774
1550875
1551065
1551257
1551335
1551482
1551563
1551616
1551688
1551641
1551650
1551728
1551773
1551764
1551873
1551964
1552022
1552169
1552332
1552435
1552514
1552648
1552930
1553053
1553275
1553429
1553603
1553804
1553986
1554168
1554246
1554536
1554655
1554826
1555024
1555244
1555427
1555642
1555740
1555819
1555737
1555450
1554785
1554048
1553171
1552282
1551530
1550921
1550407
1550144
1549778
1549648
1549508
1549434
1549408
1549292
1549299
1549242
1549252
1549227
1549287
1549386
1549418
1549427
1549624
1549750
1549866
1549965
1550213
1550277
1550329
1550489
1550521
1550639
1550662
1550611
1550663
1550630
1550711
1550747
1550787
1550891
1551008
1551040
1551197
1551296
1551435
1551598
1551768
1551866
1552096
1552193
1552352
1552693
1552771
1552938
1553020
1553193
1553306
1553559
1553682
1553905
1554103
1554234
1554333
1554462
1554208
1553818
1553223
1552390
1551521
1550690
1550017
1549431
1548934
1548647
1548401
1548246
1548097
1547978
1548021
1547854
1547942
1547788
1547831
1547775
1547746
1547849
1547889
1547957
1548107
1548203
1548283
1548439
1548566
1548576
1548685
1548823
1548930
1548864
1548968
1548949
1548927
1548933
1548948
1549036
1549028
1549243
1549230
1549331
1549431
1549652
1549740
1549859
1549969
1550166
1550300
1550537
1550719
1550839
1550974
1551280
1551393
1551493
1551746
1551827
1551965
1552220
1552414
1552617
1552797
1553033
1553225
1553357
1553416
1553399
1553090
1552634
1551896
1551022
1550108
1549252
1548632
1548071
1547762
1547575
1547327
1547205
1547087
1546992
1546995
1546956
1546886
1546942
1546951
1546918
1547021
1547117
1547042
1547240
1547367
1547513
1547579
1547813
1547910
1547924
1548112
1548120
1548246
1548357
1548436
1548448
1548409
1548460
1548511
1548597
1548608
1548690
1548768
1548932
1548956
1549172
1549280
1549473
1549599
1549775
1549931
1550143
1550303
1550460
1550627
1550812
1551001
1551127
1551377
1551589
1551702
1551907
1552143
1552317
1552533
1552732
1553009
1553040
1553292
1553500
1553710
1553830
1554042
1554103
1554061
1553823
1553193
1552363
1551547
1550561
1549629
1549006
1548485
1547985
1547735
1547578
1547435
1547341
1547259
1547251
1547173
1547165
1547146
1547171
1547291
1547329
1547326
1547476
1547544
1547588
1547813
1547926
1548064
1548195
1548242
1548290
1548393
1548487
1548534
1548518
1548651
1548609
1548680
1548645
1548711
1548782
1548881
1548931
1549027
1549119
1549319
1549502
1549550
1549671
1549824
1550041
1550212
1550427
1550568
1550870
1551041
1551116
1551304
1551560
1551721
1551805
1552112
1552312
1552405
1552570
1552812
1552990
1553230
1553410
1553457
1553597
1553634
1553417
1552982
1552202
1551362
1550453
1549532
1548941
1548365
1547987
1547699
1547524
1547412
1547238
1547181
1547147
1547219
1547148
1547139
1547134
1547176
1547219
1547274
1547341
1547399
1547459
1547680
1547833
1547925
1548112
1548175
1548323
1548426
1548431
1548533
1548550
1548681
1548621
1548660
1548728
1548781
1548810
1548928
1548889
1549017
1549253
1549198
1549400
1549586
1549651
1549843
1549994
1550203
1550336
1550496
1550709
1550884
1551046
1551248
1551401
1551645
1551810
1552113
1552246
1552447
1552632
1552629
1552634
1552352
1551820
1551101
1550171
1549407
1548621
1548116
1547665
1547351
1547097
1546938
1546920
1546758
1546729
1546688
1546727
1546654
1546658
1546744
1546777
1546888
1546917
1546978
1547056
1547278
1547374
1547484
1547719
1547868
1547987
1548110
1548106
1548256
1548235
1548321
1548349
1548389
1548476
1548512
1548569
1548665
1548795
1548883
1549027
1549235
1549328
1549402
1549738
1549880
1550117
1550193
1550393
1550698
1550828
1551072
1551293
1551497
1551652
1551838
1552115
1552297
1552591
1552857
1553090
1553263
1553364
1553472
1553435
1553056
1552531
1551859
1550923
1550108
1549243
1548696
1548304
1547968
1547735
1547570
1547551
1547418
1547527
1547467
1547461
1547528
1547540
1547576
1547556
1547673
1547884
1547898
1548053
1548110
1548350
1548442
1548630
1548831
1548936
1549013
1549129
1549189
1549184
1549284
1549339
1549305
1549384
1549450
1549593
1549658
1549759
1549846
1550018
1550160
1550285
1550444
1550604
1550810
1550999
1551184
1551390
1551569
1551736
1551987
1552201
1552385
1552538
1552730
1552920
1553127
1553289
1553582
1553781
1553992
1554090
1554300
1554350
1554199
1553823
1553125
1552312
1551456
1550628
1549853
1549192
1548758
1548430
1548234
1548080
1548054
1547931
1547952
1547946
1547966
1548029
1548027
1548110
1548189
1548203
1548381
1548482
1548617
1548765
1548964
1549209
1549341
1549459
1549639
1549675
1549754
1549753
1549779
1549815
1549890
1549891
1549930
1549991
1550105
1550173
1550176
1550416
1550507
1550549
1550755
1550936
1551129
1551274
1551424
1551631
1551813
1552048
1552199
1552344
1552469
1552644
1552850
1553063
1553205
1553422
1553604
1553767
1553947
1554092
1554084
1554065
1553606
1552931
1552224
1551341
1550326
1549617
1548900
1548457
1548201
1547942
1547810
1547647
1547629
1547564
1547497
1547524
1547602
1547478
1547509
1547560
1547630
1547737
1547736
1547906
1548020
1548172
1548292
1548477
1548658
1548741
1548767
1548848
1548868
1548919
1548875
1548945
1548983
1549028
1549038
1549033
1549195
1549297
1549301
1549414
1549557
1549643
1549780
1549899
1550099
1550297
1550360
1550602
1550815
1551039
1551056
1551175
1551407
1551648
1551766
1551907
1552174
1552259
1552440
1552560
1552690
1552826
1552707
1552186
1551592
1550781
1549984
1549134
1548357
1547771
1547316
1547152
1546837
1546684
1546585
1546576
1546464
1546506
1546444
1546476
1546339
1546331
1546482
1546472
1546542
1546592
1546675
1546783
1546959
1547047
1547239
1547353
1547439
1547533
1547586
1547630
1547751
1547761
1547725
1547800
1547849
1547946
1547953
1548098
1548277
1548323
1548414
1548634
1548765
1548930
1549070
1549212
1549443
1549538
1549762
1549973
1550082
1550282
1550449
1550671
1550890
1551014
1551233
1551380
1551704
1551794
1552051
1552220
1552463
1552519
1552609
1552680
1552474
1551949
1551214
1550295
1549368
1548572
1547925
1547363
1546969
1546732
1546536
1546412
1546369
1546330
1546286
1546269
1546331
1546203
1546228
1546445
1546432
1546422
1546618
1546700
1546702
1546871
1547113
1547203
1547385
