1582548
1548079
1548219
1548376
1548388
1548051
1547519
1546584
1545657
1544682
1543689
1542977
1542358
1541961
1541605
1541470
1541356
1541342
1541330
1541256
1541309
1541199
1541299
1541334
1541357
1541478
1541553
1541618
1541797
1541953
1542227
1542330
1542497
1542725
1542845
1542913
1543044
1543124
1543131
1543152
1543161
1543198
1543285
1543310
1543379
1543449
1543579
1543688
1543760
1543900
1544120
1544291
1544392
1544640
1544796
1544972
1545164
1545453
1545635
1545763
1545960
1546218
1546434
1546644
1546771
1546951
1547271
1547445
1547660
1547914
1548060
1548221
1548302
1548447
1548306
1547891
1547194
1546279
1545263
1544317
1543409
1542726
1542246
1541878
1541546
1541362
1541223
1541172
1541126
1541107
1541127
1541102
1541018
1541096
1541140
1541215
1541303
1541435
1541582
1541731
1541878
1542023
1542248
1542287
1542421
1542573
1542609
1542676
1542644
1542693
1542762
1542743
1542689
1542807
1542879
1542992
1543055
1543146
1543263
1543445
1543543
1543760
1543923
1544045
1544306
1544367
1544681
1544764
1544872
1545084
1545216
1545503
1545664
1545848
1546022
1546221
1546398
1546630
1546754
1546953
1547153
1547279
1547282
1547111
1546751
1545864
1545029
1543939
1543101
1542274
1541550
1541160
1540727
1540489
1540352
1540254
1540144
1540151
1540085
1540107
1540115
1540153
1540062
1540126
1540231
1540302
1540415
1540457
1540513
1540809
1540873
1541148
1541270
1541406
1541434
1541412
1541495
1541505
1541491
1541593
1541564
1541558
1541716
1541718
1541799
1541853
1542052
1542099
1542290
1542355
1542488
1542656
1542775
1543032
1543222
1543457
1543598
1543705
1543922
1544128
1544326
1544468
1544614
1544944
1545070
1545226
1545448
1545575
1545927
1546111
1546319
1546485
1546607
1546734
1546801
1546492
1546002
1545113
1544139
1543189
1542274
1541488
1540861
1540475
1540167
1539979
1539801
1539720
1539670
1539660
1539611
1539614
1539700
1539592
1539716
1539735
1539837
1539889
1539942
1540154
1540332
1540447
1540607
1540736
1540901
1540961
1541119
1541165
1541255
1541250
1541448
1541325
1541251
1541338
1541427
1541530
1541548
1541618
1541729
1541977
1541999
1542151
1542340
1542465
1542624
1542834
1542985
1543219
1543315
1543541
1543716
1543936
1544061
1544305
1544524
1544754
1544896
1545130
1545331
1545507
1545689
1545913
1546058
1546308
1546472
1546707
1546641
1546540
1546286
1545609
1544676
1543679
1542677
1541844
1541107
1540534
1540206
1539953
1539686
1539715
1539545
1539584
1539474
1539523
1539475
1539620
1539608
1539690
1539827
1539878
1539990
1540178
1540313
1540429
1540623
1540701
1540957
1541062
1541235
1541291
1541378
1541427
1541475
1541483
1541603
1541672
1541743
1541832
1541873
1541980
1542063
1542216
1542413
1542520
1542571
1542868
1543087
1543287
1543484
1543698
1543934
1544114
1544382
1544509
1544745
1544996
1545185
1545482
1545642
1545797
1546069
1546246
1546432
1546669
1546861
1547056
1547253
1547466
1547704
1547808
1547698
1547417
1546754
1546004
1545047
1543932
1542945
1542294
1541646
1541196
1540998
1540764
1540650
1540607
1540514
1540608
1540518
1540636
1540670
1540707
1540768
1540855
1540995
1541037
1541125
1541421
1541633
1541702
1541923
1542134
1542273
1542313
1542488
1542546
1542578
1542656
1542649
1542665
1542618
1542731
1542738
1542929
1543024
1543093
1543188
1543373
1543517
1543718
1543844
1544077
1544250
1544444
1544662
1544816
1545037
1545269
1545486
1545676
1545884
1546044
1546241
1546426
1546594
1546849
1547053
1547185
1547413
1547700
1547873
1547892
1548143
1548082
1547916
1547250
1546345
1545425
1544363
1543319
1542690
1541947
1541481
1541129
1540973
1540841
1540725
1540622
1540591
1540530
1540642
1540627
1540584
1540620
1540766
1540820
1540850
1540994
1541159
1541259
1541488
1541658
1541765
1541868
1541954
1541992
1542102
1542152
1542191
1542077
1542071
1542229
1542248
1542262
1542297
1542292
1542422
1542564
1542591
1542725
1542803
1543018
1543160
1543335
1543491
1543594
1543759
1543943
1544100
1544256
1544546
1544620
1544758
1544920
1545091
1545238
1545507
1545728
1545913
1546105
1546162
1546296
1546374
1546192
1545852
1545183
1544181
1543109
1542258
1541424
1540745
1540266
1539909
1539692
1539569
1539415
1539361
1539313
1539269
1539325
1539298
1539299
1539346
1539333
1539482
1539538
1539634
1539756
1539949
1540043
1540271
1540455
1540566
1540656
1540751
1540785
1540924
1540894
1540949
1540996
1541054
1541044
1541069
1541159
1541262
1541397
1541479
1541554
1541743
1541844
1542028
1542210
1542314
1542558
1542844
1542887
1543131
1543399
1543529
1543703
1543935
1544122
1544247
1544519
1544753
1544788
1545030
1545247
1545371
1545683
1545891
1546092
1546269
1546490
1546633
1546737
1546592
1546136
1545478
1544529
1543514
1542593
1541577
1540905
1540373
1539998
1539870
1539632
1539545
1539491
1539418
1539394
1539350
1539440
1539417
1539475
1539460
1539549
1539548
1539642
1539859
1540013
1540166
1540332
1540445
1540523
1540650
1540804
1540883
1541053
1541058
1541022
1541115
1541112
1541135
1541165
1541213
1541322
1541391
1541482
1541649
1541794
1541898
1542015
1542136
1542374
1542567
1542777
1542963
1543111
1543341
1543538
1543731
1543905
1544019
1544299
1544518
1544740
1544973
1545086
1545297
1545514
1545689
1545878
1545975
1546206
1546387
1546576
1546827
1547010
1547148
1547362
1547469
1547508
1547402
1546927
1546133
1545095
1543983
1542927
1542070
1541257
1540773
1540390
1540106
1539928
1539884
1539874
1539792
1539891
1539833
1539833
1539866
1540040
1540001
1540154
1540210
1540286
1540471
1540695
1540856
1541073
1541150
1541338
1541470
1541628
1541719
1541747
1541880
1541945
1542007
1541971
1541976
1542119
1542116
1542237
1542359
1542451
1542623
1542726
1542926
1543107
1543265
1543432
1543726
1543845
1544087
1544287
1544501
1544626
1544898
1545136
1545362
1545560
1545816
1545942
1546237
1546455
1546583
1546713
1547013
1547231
1547378
1547587
1547853
1548035
1548192
1548346
1548542
1548655
1548646
1548544
1548071
1547293
1546261
1545182
1544094
1543284
1542457
1541895
1541499
1541392
1541165
1541045
1541088
1541040
1541116
1541057
1541057
1541157
1541184
1541289
1541399
1541593
1541650
1541786
1542012
1542185
1542328
1542600
1542664
1542774
1542958
1543019
1543057
1543099
1543195
1543189
1543213
1543262
1543363
1543436
1543456
1543670
1543802
1543850
1544040
1544162
1544345
1544497
1544677
1544878
1545134
1545301
1545481
1545722
1545927
1546097
1546354
1546504
1546692
1546811
1547032
1547122
1547425
1547637
1547764
1548095
1548130
1548419
1548620
1548717
1548849
1548842
1548652
1548131
1547360
1546369
1545376
1544351
1543526
1542666
1542133
1541684
1541401
1541178
1541136
1541068
1541122
1541018
1541055
1541048
1541088
1541115
1541242
1541326
1541359
1541419
1541557
1541862
1541922
1542118
1542288
1542431
1542602
1542711
1542708
1542818
1542866
1542893
1542916
1542924
1542954
1542991
1542988
1543155
1543199
1543339
1543450
1543590
1543715
1543936
1543971
1544272
1544392
1544570
1544800
1544961
1545152
1545334
1545469
1545697
1545896
1546035
1546228
1546413
1546467
1546686
1546946
1547079
1547348
1547548
1547578
1547735
1547922
1547887
1547556
1546994
1546042
1545034
1544021
1543041
1542213
1541492
1541075
1540742
1540502
1540367
1540293
1540214
1540125
1540114
1540223
1540139
1540182
1540197
1540307
1540280
1540483
1540502
1540683
1540824
1540953
1541174
1541287
1541354
1541466
1541609
1541601
1541721
1541717
1541679
1541826
1541821
1541956
1541922
1542034
1542080
1542333
1542296
1542451
1542463
1542636
1542887
1543089
1543168
1543463
1543603
1543819
1543995
1544230
1544403
1544535
1544793
1544934
1545078
1545296
1545497
1545652
1545839
1546045
1546158
1546328
1546576
1546840
1547009
1547281
1547342
1547591
1547553
1547486
1547024
1546213
1545299
1544165
1543158
1542203
1541465
1540917
1540449
1540260
1540079
1539930
1539928
1539852
1539927
1539864
1539916
1539894
1540008
1540071
1540151
1540131
1540214
1540382
1540612
1540713
1540913
1541041
1541219
1541310
1541455
1541622
1541632
1541767
1541787
1541813
1541828
1541883
1541881
1541971
1542008
1542162
1542322
1542397
1542528
1542607
1542829
1543134
1543203
1543396
1543584
1543737
1544057
1544225
1544391
1544523
1544764
1544985
1545184
1545436
1545610
1545851
1546047
1546223
1546385
1546691
1546778
1546934
1547111
1547415
1547566
1547732
1547957
1548090
1548216
1548327
1548255
1547742
1547018
1546053
1544969
1543789
1542822
1542006
1541370
1540981
1540721
1540585
1540399
1540380
1540305
1540366
1540422
1540427
1540474
1540485
1540551
1540666
1540753
1540756
1540865
1541051
1541201
1541430
1541578
1541698
1541924
1542008
1542015
1542109
1542240
1542174
1542204
1542314
1542277
1542342
1542417
1542484
1542544
1542630
1542691
1542907
1543112
1543199
1543408
1543564
1543786
1543968
1544095
1544330
1544552
1544725
1544896
1545142
1545379
1545634
1545782
1545979
1546087
1546367
1546497
1546720
1546849
1547028
1547222
1547381
1547631
1547774
1548061
1548194
1548313
1548480
1548549
1548404
1548052
1547257
1546304
1545233
1544113
1543124
1542327
1541607
1541112
1540867
1540606
1540529
1540483
1540387
1540435
1540364
1540396
1540514
1540451
1540524
1540673
1540766
1540837
1540924
1541111
1541247
1541423
1541641
1541826
1541881
1542090
1542165
1542263
1542405
1542302
1542323
1542428
1542418
1542544
1542595
1542621
1542822
1542794
1542971
1543108
1543318
1543476
1543702
1543795
1544060
1544240
1544471
1544672
1544931
1545122
1545307
1545573
1545772
1546052
1546266
1546493
1546608
1546820
1547025
1547193
1547380
1547736
1547956
1548102
1548258
1548490
1548633
1548758
1548673
1548236
1547471
1546606
1545474
1544498
1543514
1542755
1542104
1541580
1541308
1541168
1540969
1540968
1541004
1540980
1541010
1540961
1541089
1541102
1541163
1541317
1541433
1541525
1541793
1541882
1542052
1542252
1542451
1542654
1542787
1542787
1542892
1542915
1543089
1543081
1543139
1543246
1543285
1543309
1543335
1543462
1543540
1543606
1543734
1543863
1543949
1544135
1544280
1544444
1544618
1544821
1545042
1545277
1545410
1545654
1545833
1545956
1546251
1546431
1546578
1546698
1546871
1547098
1547196
1547424
1547655
1547817
1547925
1548116
1548301
1548393
1548434
1548209
1547762
1546893
1545853
1544806
1543831
1542862
1542094
1541525
1541086
1540815
1540596
1540491
1540407
1540301
1540280
1540216
1540320
1540384
1540327
1540360
1540521
1540555
1540641
1540696
1540881
1541086
1541207
1541450
1541536
1541720
1541796
1541888
1542071
1542030
1542056
1542117
1542053
1542050
1542145
1542103
1542234
1542303
1542391
1542594
1542623
1542812
1543022
1543102
1543359
1543512
1543751
1543950
1544115
1544356
1544501
1544677
1544924
1545099
1545199
1545542
1545682
1545866
1546001
1546215
1546538
1546707
1546859
1547105
1547113
1547359
1547372
1547209
1546742
1545998
1545054
1543931
1543007
1541969
1541252
1540706
1540319
1539993
1539889
1539708
1539679
1539645
1539642
1539661
1539665
1539611
1539717
1539751
1539852
1539951
1539937
1540100
1540251
1540424
1540590
1540798
1540929
1540986
1541194
1541275
1541360
1541407
1541514
1541438
1541587
1541472
1541580
1541729
1541802
1541887
1541953
1541990
1542177
1542374
1542513
1542703
1542881
1543087
1543189
1543441
1543621
1543821
1544046
1544177
1544505
1544708
1544830
1545021
1545204
1545377
1545583
1545771
1545941
1546137
1546394
1546663
1546828
1547079
1547209
1547293
1547289
1547246
1546767
1546068
1545032
1543956
1542869
1541997
1541105
1540556
1540128
1539935
1539776
1539566
1539514
1539424
1539430
1539414
1539486
1539482
1539473
1539640
1539678
1539685
1539812
1539950
1540073
1540258
1540439
1540557
1540760
1540810
1541017
1541182
1541193
1541274
1541281
1541313
1541448
1541395
1541438
1541494
1541576
1541649
1541766
1541923
1542034
1542160
1542260
1542487
1542637
1542758
1543000
1543255
1543438
1543663
1543801
1544069
1544235
1544399
1544599
1544861
1544911
1545204
1545367
1545623
1545761
1546046
1546232
1546495
1546630
1546755
1546896
1546954
1546819
1546282
1545581
1544524
1543449
1542468
1541515
1540789
1540279
1539909
1539545
1539451
1539304
1539204
1539158
1539230
1539236
1539255
1539199
1539298
1539362
1539417
1539428
1539577
1539639
1539889
1540121
1540183
1540400
1540566
1540746
1540794
1540972
1541004
1541046
1541058
1541144
1541147
1541199
1541209
1541333
1541359
1541456
1541585
1541666
1541822
1541955
1542174
1542309
1542512
1542697
1542978
1543111
1543343
1543508
1543710
1543952
1544074
1544332
1544483
1544763
1544854
1545089
1545260
1545464
1545678
1545795
1546066
1546353
1546505
1546680
1546787
1546836
1546849
1546520
1546021
1545100
1544035
1542898
1541919
1541154
1540445
1539940
1539600
1539361
1539225
1539086
1539123
1539039
1538995
1539099
1539070
1539104
1539139
1539247
1539340
1539391
1539447
1539647
1539836
1539995
1540137
1540278
1540437
1540641
1540793
1540770
1540763
1540964
1540910
1540995
1541057
1541003
1541111
1541159
1541290
1541317
1541401
1541571
1541725
1541882
1541967
1542167
1542379
1542654
1542769
1542996
1543261
1543513
1543665
1543901
1544047
1544294
1544463
1544835
1544937
1545231
1545264
1545528
1545681
1545911
1546178
1546414
1546555
1546739
1546909
1547066
1547034
1546727
1546180
1545240
1544155
1543201
1542177
1541315
1540610
1540166
1539875
1539557
1539498
1539469
1539392
1539423
1539364
1539442
1539510
1539520
1539576
1539620
1539833
1539913
1540040
1540147
1540427
1540499
1540697
1540933
1541139
1541222
1541301
1541395
1541482
1541550
1541573
1541642
1541601
1541773
1541759
1541900
1541920
1542023
1542180
1542322
1542486
1542618
1542822
1543012
1543229
1543332
1543564
1543882
1544072
1544229
1544455
1544637
1544794
1545065
1545175
1545413
1545613
1545803
1546012
1546122
1546454
1546631
1546807
1547016
1547147
1547310
1547352
1547152
1546593
1545772
1544741
1543651
1542652
1541856
1541102
1540542
1540141
1539867
1539738
1539584
1539605
1539576
1539635
1539604
1539644
1539698
1539657
1539742
1539902
1539945
1539990
1540181
1540348
1540529
1540812
1540955
1541054
1541227
1541384
1541451
1541494
1541553
1541508
1541586
1541676
1541690
1541818
1541790
1541837
1541903
1542094
1542062
1542313
1542442
1542727
1542805
1542950
1543185
1543307
1543578
1543709
1543866
1544147
1544224
1544505
1544682
1544793
1544992
1545105
1545282
1545457
1545721
1545898
1545987
1546211
1546369
1546492
1546634
1546422
1546009
1545305
1544292
1543224
1542134
1541221
1540474
1539825
1539399
1539031
1538888
1538709
1538584
1538511
1538520
1538528
1538504
1538521
1538511
1538634
1538689
1538806
1538765
1538765
1538938
1539058
1539296
1539445
1539641
1539692
1539836
1539976
1540026
1540100
1540161
1540223
1540165
1540184
1540261
1540197
1540330
1540345
1540472
1540630
1540630
1540801
1540982
1541067
1541213
1541500
1541659
1541841
1542021
1542244
1542471
1542574
1542781
1542970
1543205
1543358
1543566
1543750
1543921
1544165
1544362
1544650
1544775
1544985
1545242
1545399
1545548
1545617
1545550
1545192
1544461
1543512
1542434
1541433
1540462
1539773
1539103
1538727
1538462
1538185
1538139
1538030
1537904
1537940
1537946
1537966
1537993
1538050
1538044
1538168
1538168
1538250
1538429
1538572
1538728
1538820
1538983
1539240
1539354
1539561
1539652
1539747
1539758
1539774
1539863
1539895
1539866
1540018
1540048
1540205
1540272
1540321
1540402
1540555
1540704
1540837
1541028
1541247
1541451
1541618
1541794
1542065
1542133
1542457
1542679
1542906
1543031
1543269
1543420
1543611
1543869
1544067
1544216
1544410
1544628
1544841
1545037
1545248
1545401
1545538
1545704
1545798
1545675
1545199
1544397
1543360
1542280
1541302
1540322
1539625
1539078
1538615
1538458
1538131
1538074
1537979
1537924
1537886
1537967
1537890
1537989
1538154
1538083
1538176
1538287
1538362
1538523
1538711
1538961
1539048
1539181
1539415
1539514
1539663
1539849
1539837
1539857
1539936
1539914
1539948
1540009
1540063
1540069
1540105
1540293
1540451
1540441
1540653
1540770
1540901
1541146
1541343
1541512
1541653
1541856
1542050
1542327
1542571
1542635
1542894
1543184
1543335
1543431
1543730
1543883
1544060
1544211
1544543
1544750
1544942
1545134
1545245
1545306
1545164
1544797
1544013
1543102
1541961
1540993
1540127
1539375
1538748
1538364
1538153
1537987
1537815
1537832
1537707
1537662
1537657
1537802
1537777
1537849
1537977
1538004
1538161
1538185
1538299
1538493
1538586
1538899
1539066
1539140
1539353
1539409
1539576
1539645
1539749
1539762
1539686
1539769
1539815
1539871
1539919
1539992
1540053
1540188
1540273
1540481
1540656
1540793
1540992
1541121
1541351
1541589
1541703
1541952
1542120
1542339
1542630
1542750
1543002
1543050
1543214
1543556
1543732
1544023
1544236
1544390
1544638
1544724
1544661
1544435
1543856
1543086
1542158
1541123
1540189
1539387
1538704
1538271
1538058
1537793
1537706
1537586
1537611
1537653
1537593
1537640
1537747
1537767
1537713
1537891
1538048
1538063
1538219
1538356
1538469
1538767
1539025
1539178
1539293
1539504
1539554
1539685
1539884
1539872
1539908
1539974
1539914
1540132
1540257
1540274
1540383
1540534
1540700
1540870
1540932
1541131
1541326
1541483
1541673
1541873
1542004
1542282
1542448
1542722
1542905
1543134
1543349
1543586
1543864
1544052
1544248
1544338
1544505
1544478
1544209
1543531
1542707
1541798
1540929
1539952
1539252
1538664
1538326
1538108
1537833
1537824
1537742
1537795
1537803
1537856
1537915
1537889
1537985
1538029
1538135
1538201
1538369
1538464
1538782
1538955
1539134
1539299
1539541
1539607
1539851
1539939
1540028
1540037
1540134
1540174
1540142
1540233
1540299
1540458
1540535
1540687
1540812
1540974
1541076
1541282
1541460
1541639
1541856
1541963
1542216
1542429
1542587
1542772
1543064
1543190
1543469
1543680
1543958
1544058
1544274
1544399
1544325
1544105
1543488
1542755
1541796
1540829
1540067
1539152
1538675
1538169
1537892
1537687
1537565
1537548
1537441
1537476
1537451
1537531
1537447
1537596
1537583
1537739
1537857
1538004
1538183
1538324
1538555
1538758
1538955
1539004
1539245
1539319
1539514
1539415
1539433
1539595
1539601
1539634
1539634
1539716
1539680
1539777
1539875
1539950
1540087
1540182
1540358
1540474
1540609
1540867
1540966
1541192
1541342
1541525
1541735
1541804
1542086
1542284
1542486
1542659
1542877
1542891
1542984
1542955
1542591
1541882
1541078
1539998
1539066
1538219
1537555
1537021
1536643
1536404
1536234
1536173
1536038
1536054
1536029
1536041
1536018
1536111
1536100
1536181
1536265
1536347
1536431
1536567
1536710
1536815
1537050
1537228
1537316
1537391
1537474
1537524
1537539
1537641
1537681
1537636
1537652
1537734
1537738
1537779
1537897
1537990
1538059
1538161
1538349
1538426
1538583
1538790
1538895
1539087
1539265
1539353
1539572
1539814
1539988
1540176
1540417
1540561
1540821
1540910
1541041
1541141
1540910
1540356
1539557
1538624
1537689
1536867
1536210
1535745
1535271
1535055
1534963
1534752
1534746
1534751
1534676
1534667
1534635
1534628
1534680
1534803
1534912
1534975
1535109
1535138
1535363
1535588
1535730
1535883
1535906
1536119
1536214
1536323
1536418
1536404
1536497
1536508
1536566
1536551
1536621
1536729
1536890
1536845
1536986
1537150
1537354
1537469
1537576
1537774
1538007
1538162
1538332
1538479
1538702
1538869
1539084
1539265
1539469
1539686
1539898
1540138
1540404
1540559
1540750
1540932
1540914
1540825
1540367
1539624
1538681
1537784
1536791
1536070
1535556
1535152
1534903
1534683
1534517
1534431
1534411
1534368
1534357
1534340
1534381
1534382
1534560
1534637
1534644
1534741
1534862
1534988
1535115
1535373
1535419
1535676
1535722
1535885
1535958
1536056
1536136
1536222
1536232
1536231
1536224
1536322
1536408
1536475
1536602
1536642
1536782
1536921
1537045
1537165
1537340
1537519
1537655
1537875
1538094
1538286
1538474
1538632
1538872
1539084
1539235
1539422
1539608
1539904
1540126
1540277
1540579
1540873
1540904
1541155
1541112
1540896
1540398
1539656
1538763
1537687
1536674
1536067
1535391
1534973
1534789
1534580
1534459
1534358
1534252
1534242
1534365
1534303
1534320
1534406
1534455
1534467
1534590
1534643
1534802
1534911
1535142
1535321
1535454
1535550
1535754
1535926
1535946
1536083
1536017
1536113
1536119
1536152
1536221
1536254
1536376
1536371
1536468
1536570
1536685
1536799
1536972
1537106
1537222
1537390
1537567
1537793
1537972
1538139
1538375
1538530
1538768
1538920
1539174
1539421
1539620
1539762
1539931
1540199
1540491
1540597
1540736
1540875
1541068
1541078
1540789
1540284
1539486
1538440
1537545
1536613
1535826
1535313
1534908
1534634
1534429
1534372
1534326
1534169
1534175
1534274
1534247
1534184
1534277
1534384
1534422
1534585
1534621
1534714
1534859
1534992
1535157
1535413
1535494
1535635
1535760
1535855
1535928
1535987
1535989
1536088
1536059
1536102
1536294
1536299
1536319
1536459
1536491
1536700
1536843
1537025
1537130
1537286
1537452
1537695
1537845
1538146
1538237
1538510
1538680
1538858
1539163
1539272
1539499
1539701
1539888
1540164
1540390
1540585
1540809
1540915
1541121
1541271
1541422
1541377
1541013
1540382
1539385
1538351
1537437
1536609
1535876
1535391
1535062
1534940
1534768
1534618
1534646
1534625
1534625
1534642
1534484
1534630
1534753
1534721
1534825
1534914
1535000
1535032
1535226
1535448
1535594
1535714
1535840
1536032
1536115
1536176
1536229
1536319
1536332
1536357
1536355
1536445
1536441
1536563
1536661
1536701
1536796
1536911
1537010
1537113
1537297
1537477
1537634
1537830
1537974
1538159
1538448
1538699
1538873
1539063
1539173
1539286
1539553
1539732
1539951
1540138
1540411
1540499
1540689
1540912
1540998
1540932
1540781
1540196
1539377
1538395
1537471
1536586
1535970
1535383
1535060
1534781
1534654
1534494
1534531
1534466
1534428
1534505
1534486
1534565
1534587
1534674
1534666
1534758
1534939
1535008
1535115
1535360
1535490
1535639
1535722
1535835
1535990
1536115
1536044
1536222
1536244
1536262
1536239
1536398
1536345
1536440
1536599
1536694
1536701
1536858
1536964
1537104
1537182
1537299
1537496
1537765
1537861
1538036
1538242
1538440
1538647
1538824
1538920
1539208
1539333
1539584
1539789
1539959
1540184
1540332
1540559
1540714
1540564
1540204
1539494
1538572
1537714
1536828
1536000
1535562
1535046
1534820
1534659
1534512
1534449
1534415
1534391
1534362
1534434
1534433
1534429
1534502
1534494
1534681
1534724
1534822
1534932
1535001
1535261
1535361
1535563
1535677
1535743
1535844
1535873
1536013
1536020
1536047
1536046
1536028
1536088
1536153
1536282
1536430
1536445
1536438
1536643
1536701
1536828
1536972
1537123
1537250
1537406
1537595
1537710
1537904
1538098
1538302
1538480
1538738
1538885
1539178
1539300
1539478
1539594
1539736
1539598
1539280
1538731
1537935
1537063
1536293
1535645
1535065
1534741
1534461
1534390
1534323
1534194
1534214
1534160
1534174
1534136
1534193
1534255
1534306
1534302
1534469
1534557
1534553
1534750
1534885
1535086
1535224
1535358
1535576
1535674
1535802
1535905
1535915
1536008
1536125
1536073
1536086
1536188
1536233
1536346
1536354
1536547
1536672
1536721
1536898
1536995
1537233
1537387
1537536
1537681
1537889
1538035
1538304
1538475
1538659
1538904
1539149
1539331
1539588
1539845
1540101
1540285
1540414
1540639
1540545
1540377
1539871
1539124
1538268
1537311
1536610
1535986
1535607
1535313
1535192
1534969
1534902
1534950
1534937
1534975
1534940
1535043
1535006
1535097
1535222
1535297
1535378
1535404
1535619
1535790
1536005
1536137
1536386
1536457
1536660
1536633
1536754
1536791
1536812
1536893
1536913
1537012
1537079
1537143
1537200
1537242
1537414
1537484
1537636
1537777
1537868
1538093
1538270
1538398
1538553
1538806
1538930
1539130
1539394
1539546
1539747
1539970
1540136
1540341
1540590
1540758
1540985
1541166
1541276
1541354
1541284
1540867
1540186
1539411
1538470
1537605
1537020
1536412
1536093
1535820
1535661
1535609
1535520
1535538
1535502
1535511
1535590
1535605
1535567
1535757
1535851
1535925
1536062
1536170
1536367
1536500
1536730
1536889
1537036
1537138
1537183
1537313
1537391
1537435
1537470
1537440
1537536
1537544
1537645
1537629
1537722
1537986
1537969
1538199
1538212
1538345
1538546
1538636
1538852
1539014
1539226
1539317
1539542
1539725
1539837
1540056
1540301
1540435
1540692
1540880
1541027
1541244
1541250
1541191
1540846
1540350
1539559
1538639
1537919
1537243
1536621
1536191
1536049
1535765
1535658
1535543
1535489
1535500
1535471
1535419
1535418
1535564
1535665
1535658
1535747
1535831
1535970
1536031
1536239
1536334
1536565
1536673
1536709
1536754
1536876
1536897
1536924
1536990
1536926
1537075
1536936
1537018
1537048
1537144
1537208
1537252
1537439
1537500
1537574
1537800
1537859
1537975
1538093
1538361
1538509
1538607
1538795
1539078
1539133
1539256
1539555
1539699
1539925
1540033
1540101
1540201
1540129
1539748
1539130
1538464
1537566
1536807
1536134
1535716
1535402
1535065
1534918
1534857
1534801
1534733
1534691
1534807
1534815
1534793
1534781
1534790
1534933
1535008
1535097
1535143
1535244
1535438
1535613
1535724
1535835
1535954
1536037
1536107
1536146
1536163
1536223
1536232
1536141
1536179
1536246
1536268
1536325
1536384
1536496
1536644
1536773
1536762
1536995
1537083
1537188
1537336
1537470
1537571
1537843
1537974
1538175
1538256
1538415
1538619
1538789
1538875
1539133
1539270
1539569
1539749
1539891
1539937
1540076
1539984
1539719
1539172
1538272
1537510
1536685
1536010
1535467
1534987
1534846
1534682
1534518
1534450
1534454
1534343
1534432
1534468
1534506
1534526
1534492
1534564
1534663
1534756
1534816
1534922
1535205
1535234
1535417
1535539
1535621
1535717
1535860
1535901
1535921
1536002
1536014
1536061
1536051
1536152
1536187
1536232
1536295
1536383
1536387
1536550
1536638
1536773
1536971
1537069
1537192
1537434
1537512
1537668
1537932
1537976
1538170
1538378
1538547
1538664
1538860
1539054
1539220
1539469
1539608
1539859
1540031
1540128
1540288
1540537
1540420
1540427
1539876
1539228
1538381
1537548
1536716
1536059
1535586
1535362
1535081
1534898
1534811
1534792
1534747
1534750
1534719
1534772
1534830
1534824
1534872
1534994
1535088
1535084
1535238
1535345
1535558
1535727
1535804
1535905
1535987
1536088
1536207
1536255
1536305
1536314
1536377
1536362
1536316
1536464
1536530
1536481
1536587
1536679
1536798
1536955
1536952
1537119
1537367
1537464
1537569
1537778
1537856
1538123
1538276
1538455
1538649
1538861
1539046
1539113
1539373
1539433
1539726
1539890
1540060
1540148
1540371
1540565
1540763
1540942
1541072
1541302
1541479
1541550
1541566
1541356
1540926
1540131
1539237
1538143
1537421
1536749
1536202
1535856
1535553
1535392
1535321
1535284
1535261
1535219
1535305
1535251
1535249
1535255
1535351
1535449
1535566
1535609
1535701
1535884
1536012
1536143
1536283
1536480
1536508
1536567
1536735
1536800
1536794
1536737
1536774
1536742
1536858
1536898
1536952
1536946
1537039
1537037
1537164
1537293
1537431
1537501
1537689
1537840
1538003
1538173
1538322
1538521
1538656
1538819
1538913
1539072
1539286
1539460
1539691
1539781
1539977
1540093
1540408
1540554
1540776
1540857
1541093
1541193
1541348
1541378
1541427
1541090
1540523
1539744
1538924
1537962
1537177
1536565
1536175
1535846
1535594
1535459
1535367
1535284
1535343
1535341
1535268
1535259
1535271
1535278
1535366
1535461
1535544
1535578
1535741
1535864
1536129
1536217
1536301
1536419
1536591
1536656
1536801
1536760
1536803
1536994
1536878
1536984
1536955
1537063
1537088
1537112
1537322
1537355
1537472
1537564
1537697
1537853
1537910
1538172
1538389
1538509
1538654
1538936
1539045
1539287
1539516
1539763
1539877
1540033
1540153
1540372
1540571
1540830
1541018
1541172
1541413
1541542
1541803
1541732
1541562
1541151
1540536
1539671
1538806
1537991
1537256
1536703
1536386
1536015
1535955
1535853
1535709
1535661
1535640
1535624
1535729
1535685
1535697
1535721
1535747
1535842
1535887
1536016
1536111
1536286
1536342
1536439
1536607
1536763
1536876
1536892
1536801
1536905
1536886
1537028
1537017
1537000
1537044
1537182
1537104
1537236
1537242
1537331
1537355
1537546
1537734
1537788
1537976
1538103
1538322
1538454
1538588
1538711
1538993
1539202
1539319
1539526
1539670
1539825
1539958
1540186
1540355
1540706
1540733
1540902
1541117
1541173
1541027
1540673
1540110
1539346
1538470
1537532
1536869
1536307
1535927
1535587
1535465
1535355
1535269
1535183
1535116
1535133
1535068
1535073
1535025
1535150
1535235
1535311
1535302
1535398
1535516
1535580
1535823
1535845
1535967
1536162
1536276
1536303
1536471
1536417
1536444
1536523
1536527
1536513
1536525
1536560
1536756
1536744
1536749
1536879
1536964
1537074
1537222
1537331
1537496
1537678
1537810
1537953
1538090
1538214
1538400
1538585
1538749
1538957
1539096
1539221
1539462
1539668
1539864
1540017
1540128
1540289
1540325
1540082
1539619
1538930
1537943
1537174
1536451
1535891
1535460
1535143
1534936
1534795
1534721
1534603
1534617
1534560
1534496
1534547
1534582
1534558
1534593
1534563
1534734
1534713
1534837
1535020
1535111
1535224
1535428
1535490
1535629
1535703
1535720
1535900
1535795
1535819
1535894
1535929
1535898
1535936
1535991
1536139
1536108
1536115
1536180
1536275
1536389
1536491
1536680
1536694
1536848
1536991
1537163
1537320
1537555
1537707
1537849
1538030
1538337
1538542
1538715
1538765
1538922
1538986
1538850
1538436
1537837
1536994
1536292
1535561
1535055
1534588
1534292
1534099
1533936
1533877
1533671
1533705
1533736
1533745
1533721
1533677
1533782
1533780
1533882
1533909
1534002
1534131
1534288
1534375
1534538
1534644
1534724
1534862
1534972
1535029
1535048
1535162
1535130
1535159
1535179
1535257
1535340
1535396
1535397
1535540
1535545
1535617
1535797
1535906
1536014
1536157
1536243
1536494
1536626
1536761
1537024
1537064
1537331
1537503
1537677
1537846
1538065
1538321
1538484
1538692
1538909
1538914
1538845
1538595
1538058
1537334
1536430
1535682
1535067
1534605
1534291
1533959
1533800
1533728
1533632
1533612
1533575
1533587
1533660
1533625
1533638
1533660
1533776
1533929
1534015
1534100
1534164
1534327
1534532
1534700
1534858
1534947
1535083
1535192
1535201
1535305
1535357
1535324
1535382
1535472
1535461
1535518
1535652
1535758
1535802
1535985
1536115
1536186
1536392
1536500
1536606
1536883
1537034
1537193
1537344
1537559
1537866
1537968
1538087
1538338
1538516
1538788
1538962
1539167
1539430
1539500
1539671
1539653
1539531
1539065
1538506
1537611
1536815
1535982
1535309
1534886
1534565
1534339
1534191
1534013
1534017
1533991
1533968
1533964
1533999
1534052
1534064
1534111
1534211
1534389
1534417
1534560
1534704
1534846
1534997
1535220
1535363
1535460
1535518
1535611
1535719
1535652
1535689
1535716
1535748
1535705
1535797
1535886
1535913
1536034
1536228
1536231
1536353
1536516
1536677
1536844
1537043
1537244
1537402
1537504
1537760
1537969
1538151
1538341
1538530
1538757
1538982
1539186
1539444
1539441
1539609
1539742
1539586
1539089
1538267
1537529
1536749
1535986
1535292
1534905
1534521
1534374
1534177
1534050
1533999
1533871
1533946
1533882
1533938
1533987
1534073
1534083
1534126
1534361
1534368
1534531
1534570
1534903
1535015
1535081
1535307
1535380
1535481
1535635
1535584
1535610
1535563
1535693
1535671
1535755
1535814
1535909
1536067
1536081
1536239
1536403
1536492
1536539
1536751
1536910
1537022
1537235
1537382
1537550
1537719
1537866
1538204
1538363
1538606
1538830
1538966
1539188
1539295
1539422
1539300
1538984
1538353
1537573
1536767
1535988
1535286
1534817
1534416
1534129
1533958
1533736
1533727
1533559
1533571
1533549
1533537
1533596
1533530
1533647
1533713
1533816
1533888
1534050
1534123
1534344
1534420
1534510
1534678
1534786
1534810
1534872
1534909
1534867
1534976
1534907
1534934
1534888
1534939
1535030
1535119
1535169
1535237
1535340
1535482
1535544
1535734
1535800
1536005
1536147
1536305
1536459
1536639
1536721
1536950
1537083
1537325
1537566
1537657
1537809
1537922
1537974
1537836
1537533
1536897
1536126
1535363
1534630
1534034
1533511
1533231
1532950
1532819
1532734
1532649
1532566
1532584
1532611
1532508
1532582
1532642
1532661
1532716
1532697
1532821
1532947
1533159
1533321
1533505
1533558
1533661
1533748
1533865
1533874
1533924
1533939
1533989
1534009
1534053
1534045
1534074
1534124
1534210
1534248
1534306
1534504
1534595
1534700
1534842
1534993
1535140
1535245
1535443
1535574
1535696
1535893
1536032
1536200
1536389
1536567
1536746
1536939
1537182
1537395
1537512
1537620
1537781
1537799
1537488
1536998
1536244
1535376
1534596
1533809
1533292
1532922
1532543
1532394
1532188
1532090
1532099
1532083
1532115
1532040
1532076
1532047
1532033
1532184
1532191
1532286
1532392
1532379
1532629
1532787
1532865
1532936
1533061
1533166
1533201
1533406
1533278
1533313
1533392
1533335
1533390
1533369
1533433
1533508
1533651
1533598
1533734
1533853
1533989
1534016
1534196
1534319
1534474
1534619
1534799
1534951
1535168
1535203
1535521
1535601
1535785
1535855
1536031
1536248
1536411
1536510
1536650
1536884
1537151
1537332
1537504
1537605
1537717
1537748
1537535
1537220
1536388
1535480
1534601
1533868
1533322
1532875
1532459
1532212
1532073
1531995
1531886
1531960
1531930
1531945
1531903
1531976
1531932
1532041
1532063
1532185
1532314
1532387
1532526
1532658
1532873
1532918
1533044
1533149
1533209
1533334
1533305
1533368
1533427
1533507
1533494
1533581
1533583
1533678
1533703
1533801
1533955
1533990
1534026
1534240
1534284
1534430
1534587
1534723
1534896
1535108
1535262
1535441
1535551
1535840
1535912
1536118
1536216
1536424
1536619
1536785
1536948
1537146
1537333
1537544
1537723
1537949
1538162
1538174
1538281
1538062
1537665
1536993
1536138
1535252
1534431
1533811
1533319
1533030
1532854
1532691
1532625
1532523
1532453
1532511
1532560
1532516
1532547
1532526
1532625
1532559
1532777
1532824
1532895
1533009
1533174
1533372
1533495
1533639
1533724
1533881
1533903
1533901
1533980
1533913
1533998
1534040
1534060
1534140
1534199
1534252
1534338
1534423
1534435
1534538
1534652
1534792
1534993
1534980
1535208
1535427
1535569
1535762
1535852
1535930
1536153
1536329
1536537
1536669
1536807
1536967
1537260
1537378
1537585
1537762
1537963
1538192
1538236
1538371
1538460
1538468
1538069
1537439
1536664
1535807
1534897
1534307
1533838
1533430
1533267
1532946
1532915
1532841
1532914
1532873
1532823
1532819
1532919
1532845
1532848
1532942
1533037
1533135
1533190
1533350
1533459
1533661
1533867
1533951
1533996
1534158
1534282
1534304
1534373
1534372
1534438
1534532
1534548
1534655
1534710
1534747
1534868
1534947
1535073
1535166
1535248
1535355
1535523
1535775
1535869
1536014
1536245
1536420
1536620
1536826
1536974
1537037
1537314
1537534
1537661
1537825
1538024
1538228
1538466
1538725
1538949
1539078
1539243
1539397
1539411
1539252
1538724
1538075
1537267
1536411
1535634
1534970
1534500
1534163
1534031
1533897
1533869
1533824
1533846
1533854
1533884
1533906
1533961
1533962
1534089
1534144
1534278
1534338
1534462
1534543
1534748
1534959
1535110
1535243
1535337
1535341
1535424
1535442
1535546
1535482
1535506
1535558
1535671
1535750
1535753
1535869
1535913
1536081
1536171
1536241
1536448
1536600
1536740
1536870
1537002
1537134
1537333
1537610
1537691
1537976
1538086
1538249
1538480
1538685
1538825
1539025
1539221
1539448
1539651
1539776
1539986
1540007
1540151
1540021
1539562
1538870
1538074
1537274
1536447
1535765
1535295
1534952
1534693
1534514
1534484
1534487
1534441
1534442
1534533
1534505
1534476
1534560
1534611
1534688
1534753
1534854
1534921
1535172
1535307
1535475
1535629
1535747
1535846
1536032
1535991
1536066
1536057
1536110
1536131
1536187
1536165
1536330
1536292
1536353
1536449
1536530
1536624
1536776
1536790
1537075
1537160
1537339
1537513
1537658
1537850
1537996
1538117
1538304
1538539
1538597
1538781
1538903
1539141
1539424
1539598
1539714
1539863
1540094
1540220
1540175
1539925
1539432
1538636
1537800
1536929
1536195
1535587
1535074
1534789
1534629
1534490
1534439
1534346
1534273
1534280
1534267
1534266
1534305
1534296
1534339
1534469
1534498
1534553
1534698
1534771
1534930
1535004
1535238
1535267
1535374
1535489
1535551
1535550
1535505
1535542
1535547
1535528
1535557
1535542
1535684
1535746
1535752
1535925
1535975
1536056
1536186
1536311
1536444
1536504
1536731
1536877
1536983
1537099
1537288
1537438
1537640
1537737
1537884
1538116
1538309
1538432
1538653
1538785
1538947
1539115
1539225
1539244
1539148
1538748
1538060
1537177
1536339
1535562
1534975
1534456
1534170
1533992
1533823
1533664
1533626
1533512
1533597
1533645
1533654
1533592
1533554
1533638
1533587
1533754
1533792
1533868
1534018
1534087
1534263
1534336
1534507
1534561
1534637
1534682
1534735
1534761
1534704
1534764
1534800
1534855
1535017
1534941
1534996
1535182
1535200
1535267
1535331
1535518
1535638
1535726
1535841
1536016
1536117
1536324
1536481
1536650
1536871
1536978
1537071
1537202
1537440
1537554
1537749
1537895
1538082
1538203
1538333
1538521
1538747
1538970
1539105
1539220
1539323
1539482
1539364
1538989
1538330
1537602
1536774
1535918
1535119
1534573
1534244
1533934
1533796
1533622
1533532
1533537
1533436
1533500
1533469
1533567
1533564
1533513
1533599
1533714
1533790
1533896
1533939
1533983
1534139
1534387
1534473
1534544
1534618
1534743
1534703
1534885
1534899
1534837
1534905
1534921
1534937
1534990
1535015
1535092
1535162
1535173
1535375
1535459
1535546
1535704
1535712
1535913
1536087
1536234
1536404
1536536
1536745
1536815
1537008
1537242
1537470
1537554
1537728
1537861
1538162
1538282
1538456
1538581
1538767
1538902
1539151
1539307
1539478
1539645
1539780
1539885
1539979
1539975
1539768
1539264
1538437
1537557
1536711
1535806
1535204
1534610
1534288
1534149
1533978
1533820
1533864
1533889
1533759
1533789
1533822
1533831
1533845
1533849
1534011
1533982
1534081
1534225
1534307
1534428
1534544
1534707
1534899
1534971
1535059
1535090
1535205
1535176
1535168
1535247
1535172
1535207
1535219
1535319
1535358
1535437
1535516
1535626
1535712
1535806
1535950
1536067
1536279
1536340
1536454
1536607
1536864
1536974
1537182
1537301
1537538
1537665
1537805
1538040
1538171
1538302
1538540
1538599
1538746
1538915
1539128
1539373
1539568
1539700
1539815
1540013
1540080
1540090
1539709
1539037
1538275
1537348
1536481
1535685
1535125
1534669
1534433
1534214
1534163
1534012
1533938
1533999
1533977
1533976
1534055
1534006
1534017
1534081
1534125
1534179
1534321
1534393
1534444
1534596
1534766
1534766
1535040
1535059
1535083
1535136
1535217
1535331
1535314
1535363
1535404
1535417
1535449
1535527
1535619
1535708
1535863
1535921
1535956
1536120
1536256
1536462
1536603
1536751
1536989
1537122
1537359
1537538
1537790
1537899
1538152
1538365
1538455
1538682
1538886
1539151
1539350
1539404
1539621
1539919
1540095
1540266
1540441
1540607
1540813
1540930
1540990
1540883
1540476
1539729
1538924
1538037
1537180
1536466
1535760
1535436
1535145
1534998
1534964
1534810
1534775
1534753
1534863
1534865
1534891
1534889
1534959
1535043
1535201
1535219
1535313
1535341
1535489
1535655
1535912
1535948
1536174
1536216
1536341
1536430
1536452
1536451
1536424
1536503
1536585
1536572
1536643
1536697
1536769
1536771
1537011
1537110
1537249
1537274
1537420
1537558
1537765
1538028
1538098
1538251
1538524
1538745
1538871
1539040
1539230
1539378
1539530
1539733
1539936
1540115
1540341
1540503
1540695
1540816
1540913
1540896
1540682
1540266
1539484
1538639
1537807
1536995
1536232
1535714
1535388
1535130
1534959
1534891
1534772
1534742
1534740
1534755
1534812
1534740
1534765
1534746
1534842
1534965
1535058
1535092
1535162
1535382
1535514
1535663
1535864
1535804
1536016
1536098
1536074
1536166
1536208
1536164
1536192
1536216
1536244
1536301
1536399
1536503
1536460
1536621
1536754
1536843
1536958
1537124
1537268
1537463
1537587
1537768
1537939
1538084
1538198
1538426
1538553
1538690
1538889
1539118
1539345
1539590
1539746
1539958
1540026
1540229
1540231
1540037
1539695
1538989
1538057
1537246
1536477
1535854
1535373
1535056
1534799
1534675
1534558
1534523
1534418
1534365
1534437
1534511
1534424
1534500
1534546
1534606
1534709
1534834
1534932
1535079
1535207
1535345
1535516
1535641
1535836
1535967
1536017
1536055
1536099
1536138
1536203
1536189
1536224
1536294
1536282
1536444
1536455
1536645
1536787
1536831
1536986
1537132
1537247
1537456
1537523
1537718
1537971
1538145
1538308
1538497
1538625
1538867
1538987
1539132
1539406
1539522
1539764
1539950
1540196
1540336
1540447
1540568
1540642
1540427
1539904
1539202
1538257
1537450
1536583
1535924
1535398
1534991
1534742
1534626
1534511
1534463
1534362
1534382
1534314
1534407
1534399
1534320
1534393
1534502
1534570
1534607
1534648
1534831
1534985
1535125
1535311
1535410
1535490
1535611
1535606
1535682
1535687
1535736
1535722
1535653
1535736
1535702
1535818
1535886
1535921
1535965
1536118
1536123
1536303
1536430
1536514
1536707
1536818
1537038
1537228
1537363
1537437
1537628
1537664
1537998
1538175
1538317
1538456
1538598
1538845
1539030
1539191
1539400
1539428
1539503
1539249
1538907
1538175
1537320
1536405
1535578
1534895
1534428
1534066
1533874
1533597
1533574
1533385
1533355
1533292
1533317
1533204
1533300
1533335
1533353
1533308
1533485
1533609
1533618
1533843
1533906
1534068
1534163
1534270
1534304
1534395
1534415
1534450
1534519
1534551
1534511
1534555
1534623
1534679
1534732
1534786
1534864
1534943
1534966
1535150
1535217
1535456
1535516
1535683
1535835
1535935
1536044
1536322
1536498
1536584
1536773
1536869
1537081
1537230
1537410
1537482
1537825
1537876
1538012
1538207
1538459
1538566
1538682
1538780
1538573
1538122
1537497
1536565
1535672
1534786
1534179
1533639
1533278
1532887
1532768
1532611
1532543
1532532
1532454
1532477
1532530
1532411
1532472
1532450
1532481
1532636
1532742
1532718
1532878
1532986
1533036
1533205
1533378
1533389
1533497
1533585
1533600
1533618
1533617
1533657
1533647
1533749
1533741
1533809
1533805
1533991
1533989
1534095
1534221
1534324
1534435
1534598
1534755
1534946
1535055
1535279
1535384
1535509
1535702
1535924
1536110
1536276
1536440
1536644
1536794
1536988
1537123
1537291
1537458
1537618
1537749
1538086
1538181
1538353
1538592
1538745
1538867
1538825
1538693
1538306
1537527
1536524
1535679
1534834
1534124
1533603
1533218
1532871
1532654
1532638
1532501
1532520
1532550
1532498
1532537
1532532
1532474
1532598
1532694
1532717
1532673
1532822
1532921
1533128
1533304
1533362
1533494
1533559
1533639
1533746
1533833
1533817
1533838
1533854
1533927
1533935
1533921
1533952
1533962
1534095
1534104
1534318
1534432
1534506
1534629
1534667
1534862
1535094
1535168
1535418
1535503
1535674
1535835
1536012
1536248
1536356
1536569
1536730
1536897
1537114
1537291
1537564
1537669
1537898
1538029
1538266
1538529
1538707
1538882
1539019
1539121
1539307
1539456
1539334
1538901
1538241
1537361
1536442
1535486
1534763
1534216
1533684
1533450
1533260
1533142
1533014
1532967
1533063
1533059
1532923
1533026
1533144
1533154
1533170
1533245
1533424
1533460
1533616
1533690
1533875
1534035
1534220
1534325
1534426
1534544
1534609
1534645
1534640
1534782
1534786
1534772
1534880
1534945
1534951
1535095
1535127
1535211
1535328
1535446
1535524
1535705
1535837
1535962
1536199
1536374
1536574
1536839
1536942
1537124
1537354
1537564
1537700
1537958
1538040
1538229
1538410
1538562
1538857
1538959
1539258
1539429
1539653
1539840
1540014
1540131
1540143
1540016
1539613
1538919
1538085
1537164
1536321
1535485
1534850
1534434
1534216
1533898
1533801
1533687
1533774
1533766
1533743
1533789
1533838
1533809
1533809
1533955
1534142
1534110
1534184
1534389
1534533
1534693
1534840
1534955
1535170
1535331
1535448
1535419
1535436
1535459
1535489
1535490
1535566
1535655
1535594
1535799
1535873
1536000
1536045
1536193
1536329
1536496
1536589
1536825
1536934
1537177
1537299
1537528
1537713
1537981
1538167
1538218
1538518
1538759
1538783
1538970
1539157
1539381
1539575
1539716
1539937
1540109
1540299
1540398
1540502
1540442
1540224
1539652
1538989
1538030
1537063
1536222
1535511
1534925
1534588
1534305
1534104
1534071
1533999
1533868
1533908
1533938
1533977
1534052
1533975
1534097
1534119
1534121
1534230
1534333
1534340
1534611
1534759
1534926
1535002
1535196
1535276
1535385
1535532
1535474
1535399
1535441
1535441
1535485
1535470
1535536
1535582
1535650
1535738
1535817
1535860
1536087
1536283
1536346
1536566
1536751
1536906
1537041
1537225
1537462
1537575
1537723
1537944
1538067
1538265
1538434
1538552
1538664
1538887
1539079
1539231
1539475
1539600
1539797
1539930
1540021
1539976
1539616
1538936
1538246
1537309
1536384
1535641
1534990
1534483
1534179
1533980
1533826
1533584
1533501
1533523
1533519
1533447
1533476
1533542
1533544
1533537
1533616
1533751
1533722
1533789
1533958
1534064
1534164
1534346
1534450
1534636
1534684
1534810
1534753
1534861
1534889
1534854
1534895
1534870
1534859
1534980
1535034
1535175
1535262
1535344
1535364
1535526
1535670
1535764
1535924
1536120
1536241
1536472
1536633
1536859
1536963
1537156
1537279
1537459
1537694
1537815
1538056
1538200
1538331
1538558
1538723
1538896
1539013
1539303
1539496
1539678
1539802
1539916
1540011
1540096
1539907
1539567
1538917
1538030
1536996
1536112
1535286
1534568
1534224
1533852
1533633
1533484
1533428
1533338
1533362
1533304
1533285
1533359
1533417
1533473
1533450
1533642
1533652
1533737
1533939
1534062
1534090
1534285
1534397
1534578
1534709
1534724
1534829
1534865
1534926
1535053
1534986
1534975
1535100
1535101
1535064
1535189
1535271
1535438
1535439
1535480
1535701
1535836
1536014
1536125
1536379
1536524
1536577
1536904
1536950
1537189
1537293
1537518
1537744
1537910
1538075
1538295
1538422
1538628
1538784
1538956
1539135
1539338
1539487
1539713
1539807
1540102
1540226
1540323
1540440
1540448
1540291
1539795
1538953
1537990
1537108
1536111
1535379
1534771
1534208
1534011
1533868
1533785
1533656
1533712
1533694
1533688
1533775
1533833
1533815
1533786
1533865
1533920
1534039
1534097
1534224
1534409
1534493
1534662
1534791
1535008
1535038
1535213
1535206
1535270
1535337
1535331
1535347
1535346
1535365
1535523
1535521
1535611
1535690
1535746
1535877
1536074
1536092
1536304
1536407
1536612
1536812
1536928
1537183
1537322
1537607
1537643
1537864
1538067
1538264
1538525
1538611
1538805
1538953
1539240
1539412
1539593
1539811
1539942
1540164
1540433
1540592
1540723
1540963
1541036
1540934
1540669
1540099
1539192
1538245
1537260
1536428
1535663
1535169
1534775
1534610
1534485
1534435
1534395
1534354
1534353
1534326
1534385
1534445
1534479
1534579
1534685
1534754
1534856
1535003
1535163
1535253
1535453
1535627
1535765
1535861
1536002
1536189
1536183
1536213
1536238
1536237
1536296
1536363
1536364
1536382
1536529
1536668
1536728
1536852
1536987
1537175
1537224
1537418
1537569
1537759
1537915
1538145
1538280
1538471
1538637
1538910
1539141
1539250
1539443
1539669
1539870
1539949
1540178
1540412
1540561
1540794
1540999
1541133
1541391
1541416
1541507
1541330
1541005
1540302
1539326
1538361
1537423
1536684
1536022
1535528
1535219
1535044
1534965
1534821
1534766
1534752
1534815
1534836
1534832
1534914
1534967
1535082
1535188
1535267
1535333
1535329
1535614
1535809
1536041
1536143
1536264
1536468
1536548
1536558
1536676
1536676
1536651
1536703
1536705
1536861
1536928
1536955
1537027
1537150
1537219
1537392
1537555
1537640
1537814
1538057
1538142
1538289
1538540
1538670
1538994
1539089
1539291
1539475
1539588
1539831
1539982
1540129
1540383
1540533
1540845
1540993
1541089
1541307
1541461
1541550
1541562
1541321
1540750
1539888
1539025
1538003
1537217
1536383
1535814
1535369
1535124
1534824
1534775
1534840
1534670
1534714
1534659
1534644
1534735
1534833
1534828
1534788
1534986
1535029
1535146
1535365
1535444
1535653
1535754
1535890
1536034
1536178
1536287
1536246
1536341
1536350
1536466
1536392
1536424
1536538
1536573
1536628
1536697
1536736
1536846
1536928
1537135
1537242
1537388
1537551
1537806
1537894
1537979
1538237
1538359
1538557
1538750
1538871
1539094
1539184
1539426
1539625
1539774
1540078
1540218
1540353
1540460
1540522
1540225
1539694
1538960
1538001
1537068
1536166
1535565
1534876
1534559
1534268
1534069
1533958
1533784
1533811
1533848
1533786
1533900
1533860
1533774
1533859
1533910
1534009
1534067
1534176
1534292
1534424
1534665
1534876
1534876
1535025
1535074
1535283
1535231
1535232
1535278
1535304
1535357
1535450
1535406
1535482
1535566
1535608
1535746
1535720
1535904
1536041
1536273
1536430
1536568
1536753
1536930
1537024
1537318
1537387
1537588
1537818
1538015
1538078
1538307
1538440
1538631
1538759
1538981
1539128
1539338
1539438
1539620
1539817
1539888
1539833
1539502
1538868
1537866
1537019
1536055
1535225
1534517
1533954
1533692
1533466
1533306
1533162
1533061
1533054
1533106
1533019
1533097
1533127
1533132
1533113
1533287
1533270
1533379
1533508
1533604
1533777
1533866
1533997
1534139
1534237
1534408
1534460
1534514
1534508
1534572
1534593
1534554
1534713
1534757
1534784
1534806
1534994
1534961
1535122
1535293
1535369
1535496
1535698
1535808
1536008
1536174
1536424
1536601
1536738
1536941
1537207
1537396
1537597
1537692
1537887
1538055
1538169
1538496
1538580
1538802
1539033
1539243
1539435
1539614
1539723
1539970
1540097
1540215
1540055
1539853
1539153
1538389
1537307
1536311
1535417
1534655
1534054
1533615
1533439
1533225
1533123
1533083
1533034
1533111
1533006
1533095
1533114
1533171
1533185
1533242
1533380
1533383
1533444
1533692
1533794
1533959
1534109
1534231
1534354
1534522
1534626
1534686
1534662
1534662
1534741
1534757
1534684
1534854
1534776
1534992
1535022
1535059
1535217
1535343
1535397
1535602
1535652
1535838
1536042
1536242
1536398
1536617
1536762
1536956
1537190
1537273
1537560
1537617
1537904
1537993
1538112
1538341
1538476
1538715
1538888
1539117
1539299
1539454
1539801
1539920
1539958
1540091
1539957
1539469
1538880
1537883
1537010
1535994
1535132
1534306
1533919
1533406
1533207
1533061
1533056
1532928
1532749
1532848
1532869
1532991
1532966
1532907
1533050
1533140
1533225
1533289
1533377
1533519
1533813
1533864
1534004
1534158
1534278
1534421
1534545
1534596
1534649
1534672
1534718
1534756
1534753
1534858
1534899
1534988
1535091
1535213
1535347
1535421
1535512
1535769
1535948
1536132
1536283
1536454
1536676
1536871
1536992
1537210
1537527
1537648
1537868
1538053
1538265
1538465
1538607
1538735
1539030
1539161
1539344
1539596
1539861
1539999
1540143
1540362
1540320
1540004
1539534
1538697
1537767
1536679
1535795
1534995
1534400
1533981
1533717
1533519
1533487
1533426
1533363
1533397
1533408
1533499
1533517
1533505
1533578
1533709
1533741
1533811
1533971
1534109
1534418
1534540
1534697
1534963
1535034
1535171
1535253
1535263
1535308
1535373
1535486
1535491
1535516
1535479
1535513
1535680
1535759
1535853
1535980
1536080
1536227
1536374
1536588
1536716
1536889
1537142
1537282
1537431
1537628
1537907
1538027
1538226
1538442
1538630
1538696
1538945
1539118
1539313
1539606
1539772
1539968
1540055
1540278
1540397
1540379
1540291
1539730
1539020
1538055
1537029
1536141
1535291
1534642
1534146
1533962
1533638
1533441
1533397
1533290
1533409
1533345
1533298
1533340
1533365
1533538
1533469
1533621
1533686
1533810
1533967
1534136
1534313
1534402
1534644
1534809
1534803
1534961
1534984
1535090
1535118
1535117
1535102
1535184
1535233
1535236
1535259
1535395
1535418
1535541
1535720
1535827
1535902
1536039
1536187
1536371
1536498
1536681
1536839
1537106
1537238
1537430
1537550
1537779
1537862
1538039
1538140
1538377
1538548
1538807
1538879
1539142
1539200
1539242
1539093
1538652
1537870
1537006
1535951
1535077
1534296
1533684
1533139
1532854
1532589
1532473
1532384
1532301
1532309
1532222
1532221
1532251
1532270
1532292
1532328
1532442
1532488
1532544
1532756
1532833
1532940
1533139
1533205
1533387
1533517
1533560
1533596
1533640
1533763
1533748
1533724
1533798
1533742
1533841
1533944
1533964
1534013
1534193
1534247
1534324
1534480
1534607
1534896
1534967
1535162
1535307
1535508
1535734
1535843
1535960
1536211
1536396
1536626
1536691
1536816
1537031
1537259
1537400
1537637
1537881
1537995
1538187
1538240
1538393
1538295
1537858
1537267
1536468
1535447
1534457
1533534
1532964
1532437
1532144
1531907
1531856
1531641
1531655
1531592
1531620
1531602
1531672
1531661
1531675
1531738
1531795
1531891
1531939
1532014
1532197
1532353
1532548
1532677
1532793
1532916
1533071
1533050
1533153
1533228
1533199
1533295
1533368
1533356
1533461
1533435
1533653
1533662
1533721
1533819
1533969
1534042
1534300
1534398
1534615
1534711
1534847
1535053
1535231
1535425
1535590
1535738
1535977
1536067
1536368
1536525
1536666
1536973
1537106
1537250
1537463
1537624
1537857
1537961
1538210
1538427
1538607
1538782
1538824
1538976
1538993
1538826
1538238
1537465
1536423
1535351
1534370
1533649
1533023
1532577
1532276
1532094
1531873
1531834
1531864
1531812
1531875
1531872
1531876
1531901
1531949
1532049
1532158
1532202
1532234
1532342
1532608
1532732
1532891
1533014
1533156
1533224
1533428
1533539
1533553
1533633
1533536
1533608
1533635
1533731
1533793
1533784
1533923
1533958
1534107
1534191
1534380
1534475
1534729
1534778
1535014
1535182
1535394
1535621
1535754
1535931
1536202
1536442
1536563
1536743
1536964
1537207
1537350
1537540
1537793
1537940
1538126
1538343
1538577
1538775
1538910
1539093
1539242
1539148
1538980
1538483
1537654
1536644
1535673
1534689
1534013
1533434
1532971
1532755
1532582
1532566
1532370
1532414
1532414
1532385
1532405
1532553
1532511
1532672
1532704
1532826
1532895
1532997
1533180
1533327
1533508
1533655
1533853
1533987
1534192
1534293
1534298
1534380
1534462
1534362
1534482
1534521
1534567
1534611
1534762
1534805
1534934
1535125
1535196
1535316
1535424
1535639
1535796
1536023
1536179
1536380
1536543
1536801
1536970
1537191
1537374
1537617
1537757
1537949
1538102
1538319
1538550
1538780
1538896
1539116
1539356
1539457
1539643
1539700
1539688
1539283
1538606
1537705
1536791
1535787
1534897
1534190
1533596
1533215
1532959
1532847
1532782
1532623
1532734
1532653
1532684
1532652
1532783
1532829
1532883
1533033
1533029
1533237
1533264
1533473
1533629
1533796
1534010
1534149
1534223
1534372
1534446
1534506
1534425
1534604
1534659
1534608
1534642
1534753
1534738
1534915
1534934
1535111
1535158
1535261
1535443
1535615
1535841
1536003
1536227
1536438
1536611
1536808
1537025
1537225
1537395
1537524
1537745
1537897
1538121
1538333
1538420
1538706
1538863
1539078
1539332
1539419
1539630
1539780
1539625
1539268
1538577
1537761
1536794
1535790
1534870
1534144
1533642
1533115
1532830
1532776
1532600
1532571
1532505
1532515
1532462
1532471
1532481
1532509
1532533
1532624
1532772
1532744
1532841
1533084
1533291
1533392
1533551
1533722
1533875
1533925
1533977
1534066
1534007
1534029
1534127
1534127
1534095
1534144
1534179
1534194
1534281
1534394
1534540
1534584
1534732
1534961
1535092
1535148
1535332
1535494
1535814
1535928
1536134
1536291
1536503
1536653
1536782
1536963
1537073
1537270
1537442
1537714
1537803
1538051
1538241
1538359
1538536
1538646
1538686
1538415
1537917
1537111
1536103
1535220
1534198
1533436
1532886
1532369
1532101
1531874
1531822
1531624
1531629
1531544
1531640
1531608
1531661
1531587
1531726
1531769
1531841
1531882
1531948
1532062
1532227
1532408
1532514
1532613
1532784
1532851
1532929
1532989
1533098
1533126
1533125
1533128
1533128
1533198
1533151
1533244
1533292
1533417
1533425
1533598
1533731
1533851
1533975
1534151
1534288
1534454
1534646
1534883
1534942
1535118
1535300
1535417
1535564
1535881
1536023
1536209
1536366
1536507
1536612
1536887
1537102
1537165
1537464
1537664
1537825
1538017
1538167
1538242
1538253
1537840
1537206
1536416
1535312
1534328
1533439
1532717
1532201
1531780
1531552
1531294
1531197
1531111
1531097
1531173
1531148
1531120
1531121
1531156
1531269
1531387
1531451
1531525
1531578
1531639
1531864
1531950
1532123
1532253
1532351
1532558
1532602
1532621
1532667
1532688
1532733
1532745
1532805
1532876
1532874
1532898
1533053
1533068
1533229
1533279
1533421
1533605
1533743
1533923
1534017
1534302
1534445
1534641
1534840
1534990
1535145
1535277
1535536
1535668
1535906
1536132
1536262
1536437
1536640
1536856
1537036
1537136
1537444
1537681
1537782
1537996
1538176
1538344
1538416
1538609
1538667
1538451
1537913
1537125
1536115
1535074
1534111
1533198
1532533
1532098
1531753
1531573
1531548
1531404
1531406
1531399
1531424
1531442
1531471
1531465
1531478
1531629
1531613
1531831
1531845
1531987
1532170
1532309
1532592
1532611
1532765
1532832
1532964
1532993
1533138
1533109
1533122
1533234
1533167
1533259
1533323
1533389
1533453
1533546
1533669
1533754
1533886
1533977
1534140
1534361
1534606
1534654
1534899
1535098
1535343
1535525
1535712
1535999
1536096
1536327
1536481
1536797
1536951
1537126
1537409
1537495
1537739
1537983
1538215
1538375
1538504
1538669
1539036
1539178
1539344
1539553
1539729
1539874
1539916
1539670
1539145
1538370
1537399
1536375
1535353
1534417
1533688
1533141
1532771
1532584
1532488
1532408
1532309
1532419
1532402
1532426
1532500
1532540
1532617
1532721
1532826
1532954
1532986
1533218
1533407
1533567
1533734
1533910
1533917
1534090
1534244
1534390
1534361
1534474
1534452
1534443
1534413
1534562
1534589
1534575
1534733
1534796
1534949
1535015
1535202
1535269
1535464
1535615
1535802
1535950
1536233
1536385
1536496
1536674
1536992
1537132
1537303
1537542
1537648
1537760
1537992
1538196
1538327
1538502
1538755
1538891
1539114
1539194
1539388
1539562
1539666
1539822
1539601
1539322
1538591
1537573
1536542
1535621
1534660
1533925
1533351
1533024
1532638
1532527
1532382
1532287
1532362
1532364
1532351
1532389
1532429
1532423
1532545
1532648
1532680
1532844
1532833
1532976
1533175
1533313
1533536
1533647
1533764
1533888
1534006
1533996
1534085
1533989
1533964
1534036
1534131
1534077
1534178
1534100
1534209
1534285
1534405
1534572
1534674
1534782
1534923
1535126
1535227
1535406
1535587
1535719
1535956
1536105
1536360
1536519
1536689
1536942
1537014
1537146
1537370
1537557
1537645
1537915
1538069
1538252
1538468
1538636
1538689
1538744
1538729
1538362
1537751
1536884
1535743
1534779
1533811
1533091
1532558
1532214
1531891
1531729
1531657
1531519
1531534
1531464
1531490
1531528
1531545
1531638
1531557
1531642
1531813
1531867
1531971
1532087
1532222
1532440
1532529
1532758
1532863
1532973
1533073
1533101
1533180
1533251
1533246
1533198
1533243
1533183
1533353
1533359
1533419
1533531
1533552
1533752
1533894
1533889
1534124
1534246
1534491
1534681
1534775
1535004
1535084
1535340
1535462
1535649
1535795
1536063
1536238
1536469
1536609
1536804
1536959
1537163
1537318
1537513
1537736
1537960
1538068
1538216
1538338
1538353
1538221
1537900
1537061
1536156
1535112
1534091
1533299
1532651
1532138
1531846
1531744
1531558
1531496
1531452
1531416
1531368
1531394
1531450
1531535
1531489
1531655
1531779
1531778
1531896
1531951
1532127
1532329
1532524
1532606
1532748
1532870
1532950
1533035
1533025
1533191
1533182
1533195
1533258
1533273
1533322
1533375
1533447
1533469
1533557
1533651
1533730
1533910
1533973
1534172
1534338
1534517
1534691
1534911
1535033
1535227
1535452
1535601
1535797
1535978
1536114
1536402
1536552
1536731
1536911
1536983
1537140
1537466
1537690
1537873
1537973
1538155
1538357
1538455
1538291
1538082
1537492
1536657
1535597
1534611
1533653
1532954
1532426
1531971
1531707
1531499
1531509
1531446
1531278
1531326
1531373
1531411
1531433
1531527
1531508
1531648
1531664
1531757
1531850
1532013
1532191
1532277
1532460
1532530
1532725
1532767
1532891
1533007
1533078
1533008
1533054
1533118
1533049
1533133
1533279
1533292
1533347
1533442
1533548
1533634
1533803
1533950
1534049
1534285
1534392
1534635
1534787
1535028
1535218
1535432
1535645
1535841
1535987
1536241
1536376
1536501
1536866
1536963
1537113
1537335
1537528
1537746
1537996
1538187
1538348
1538524
1538701
1538754
1538548
1538131
1537268
1536297
1535426
1534341
1533614
1532925
1532508
1532225
1532055
1531866
1531767
1531763
1531755
1531761
1531842
1531891
1531868
1531955
1532075
1532166
1532239
1532366
1532376
1532624
1532806
1533032
1533143
1533197
1533387
1533417
1533545
1533600
1533625
1533628
1533640
1533643
1533689
1533686
1533815
1533882
1533939
1534003
1534056
1534147
1534339
1534472
1534632
1534834
1534944
1535113
1535351
1535547
1535666
1535804
1535915
1536074
1536265
1536534
1536644
1536845
1536956
1537142
1537266
1537495
1537668
1537904
1537977
1538177
1538270
1538217
1538204
1537755
1537060
1536124
1535199
1534119
1533285
1532577
1532089
1531802
1531494
1531386
1531314
1531229
1531253
1531211
1531182
1531271
1531285
1531287
1531305
1531335
1531450
1531569
1531601
1531762
1531938
1532113
1532240
1532336
1532501
1532563
1532645
1532594
1532673
1532674
1532810
1532781
1532850
1532809
1532861
1532995
1532979
1533025
1533156
1533232
1533434
1533637
1533691
1533806
1533999
1534091
1534317
1534548
1534642
1534875
1535088
1535098
1535318
1535615
1535760
1535898
1536137
1536407
1536459
1536686
1536898
1537157
1537305
1537520
1537713
1537761
1537871
1537786
1537451
1536813
1535927
1535032
1534061
1533138
1532393
1531842
1531499
1531269
1531147
1531014
1530951
1530960
1531000
1530915
1530937
1530864
1531058
1531028
1531078
1531226
1531290
1531361
1531514
1531651
1531795
1531887
1532039
1532161
1532259
1532430
1532449
1532421
1532529
1532596
1532625
1532654
1532640
1532705
1532757
1532773
1532861
1532943
1533046
1533164
1533306
1533482
1533623
1533724
1533902
1534097
1534242
1534503
1534722
1534795
1535010
1535202
1535384
1535599
1535669
1535911
1536075
1536174
1536491
1536647
1536890
1537096
1537271
1537436
1537466
1537499
1537254
1536707
1536048
1535037
1533973
1533058
1532328
1531709
1531439
1531071
1530893
1530827
1530741
1530775
1530664
1530660
1530691
1530786
1530824
1530710
1530913
1530916
1531001
1531161
1531218
1531294
1531428
1531589
1531752
1531907
1532068
1532168
1532270
1532264
1532243
1532254
1532374
1532336
1532434
1532353
1532580
1532561
1532751
1532648
1532835
1532875
1533021
1533256
1533368
1533395
1533691
1533877
1534018
1534293
1534442
1534621
1534815
1534910
1535111
1535247
1535470
1535645
1535882
1536109
1536329
1536461
1536464
1536321
1535926
1535313
1534457
1533497
1532542
1531880
1531290
1530881
1530583
1530363
1530195
1530196
1530154
1530184
1530083
1530179
1530234
1530231
1530332
1530323
1530416
1530431
1530642
1530729
1530802
1530996
1531157
1531250
1531447
1531550
1531626
1531736
1531776
1531895
1531873
1531930
1531926
1531965
1531996
1532101
1532186
1532231
1532448
1532436
1532605
1532814
1532922
1533117
1533290
1533446
1533696
1533818
1534040
1534282
1534442
1534603
1534787
1535069
1535210
1535553
1535768
1535998
1536184
1536360
1536541
1536476
1536321
1535710
1534967
1534064
1533113
1532287
1531639
1531130
1530828
1530628
1530454
1530484
1530463
1530344
1530341
1530433
1530423
1530486
1530536
1530597
1530711
1530840
1530925
1530949
1531145
1531272
1531626
1531705
1531785
1531999
1532130
1532245
1532364
1532345
1532335
1532393
1532396
1532334
1532514
1532548
1532691
1532668
1532801
1532987
1533116
1533223
1533441
1533568
1533743
1533948
1534174
1534421
1534596
1534778
1535042
1535193
1535335
1535516
1535825
1535921
1536172
1536340
1536534
1536757
1536941
1537071
1537026
1536676
1536172
1535298
1534306
1533485
1532519
1531866
1531354
1530958
1530727
1530603
1530558
1530505
1530475
1530489
1530523
1530486
1530619
1530592
1530771
1530876
1530890
1530930
1531094
1531298
1531502
1531590
1531765
1532010
1532073
1532117
1532291
1532276
1532339
1532366
1532415
1532398
1532354
1532526
1532485
1532517
1532591
1532723
1532822
1532970
1533116
1533265
1533336
1533506
1533669
1533896
1534091
1534246
1534350
1534536
1534721
1534928
1535062
1535272
1535509
1535657
1535894
1535982
1536081
1536282
1536186
1535928
1535290
1534397
1533482
1532516
1531694
1531058
1530445
1530206
1529922
1529714
1529680
1529624
1529526
1529494
1529465
1529494
1529523
1529618
1529576
1529618
1529690
1529802
1529879
1529966
1530106
1530275
1530378
1530522
1530590
1530741
1530810
1530840
1530859
1530825
1530843
1530823
1530829
1530933
1530888
1530976
1531113
1531095
1531278
1531384
1531434
1531577
1531731
1531945
1532033
1532171
1532354
1532493
1532606
1532802
1532867
1533187
1533226
1533509
1533674
1533854
1534033
1534225
1534389
1534538
1534612
1534528
1534219
1533606
1532744
1531737
1530904
1530084
1529488
1529065
1528777
1528621
1528303
1528303
1528264
1528214
1528208
1528242
1528224
1528227
1528198
1528240
1528347
1528405
1528419
1528586
1528729
1528882
1528992
1529106
1529198
1529318
1529383
1529445
1529477
1529521
1529500
1529466
1529622
1529628
1529698
1529790
1529805
1529845
1530022
1530052
1530214
1530379
1530407
1530584
1530694
1530932
1531102
1531256
1531474
1531553
1531835
1531954
1532169
1532326
1532607
1532696
1532875
1533007
1533190
1533339
1533639
1533849
1534081
1534304
1534408
1534506
1534651
1534384
1533875
1532996
1532051
1531049
1530103
1529521
1528874
1528623
1528349
1528247
1528026
1528030
1527898
1527972
1527914
1527981
1528027
1527943
1527965
1528094
1528149
1528268
1528282
1528425
1528652
1528856
1528929
1528997
1529175
1529266
1529327
1529369
1529392
1529419
1529421
1529460
1529515
1529553
1529580
1529603
1529786
1529791
1529891
1530034
1530108
1530219
1530291
1530550
1530671
1530825
1531009
1531186
1531368
1531535
1531734
1531900
1532064
1532282
1532476
1532624
1532767
1533040
1533103
1533274
1533444
1533749
1533851
1534110
1534306
1534485
1534607
1534720
1534729
1534623
1534082
1533371
1532361
1531403
1530324
1529649
1529087
1528796
1528367
1528212
1528070
1528065
1527947
1527998
1527992
1527970
1528104
1528097
1528134
1528170
1528435
1528344
1528537
1528620
1528720
1528926
1529067
1529211
1529381
1529481
1529596
1529641
1529750
1529821
1529788
1529840
1529913
1529886
1529945
1530035
1530135
1530145
1530268
1530391
1530509
1530707
1530894
1531063
1531214
1531371
1531616
1531798
1531910
1532192
1532261
1532573
1532727
1532904
1533104
1533267
1533564
1533732
1533794
1534041
1534289
1534530
1534846
1534952
1535010
1535279
1535368
1535428
1535164
1534590
1533790
1532858
1531861
1530897
1530210
1529665
1529276
1529020
1528835
1528796
1528741
1528738
1528694
1528768
1528834
1528793
1528871
1528933
1528943
1529056
1529211
1529319
1529426
1529623
1529829
1530017
1530121
1530258
1530358
1530360
1530495
1530491
1530470
1530557
1530593
1530538
1530623
1530693
1530729
1530815
1530924
1531123
1531179
1531242
1531521
1531587
1531798
1531946
1532118
1532287
1532496
1532781
1532916
1533055
1533221
1533449
1533641
1533840
1533983
1534139
1534250
1534492
1534727
1534930
1535083
1535254
1535379
1535472
1535403
1535012
1534333
1533493
1532447
1531521
1530642
1530007
1529492
1529123
1528909
1528808
1528702
1528694
1528568
1528587
1528641
1528611
1528639
1528660
1528685
1528813
1528820
1528853
1529024
1529158
1529319
1529429
1529648
1529759
1529885
1529963
1530024
1530085
1530023
1530146
1530071
1530135
1530040
1530206
1530219
1530184
1530271
1530317
1530548
1530656
1530779
1530873
1531084
1531216
1531317
1531455
1531596
1531956
1532043
1532175
1532427
1532571
1532658
1532869
1532977
1533211
1533398
1533438
1533742
1533952
1534111
1534352
1534432
1534608
1534717
1534771
1534665
1534280
1533575
1532646
1531657
1530671
1529873
1529290
1528891
1528537
1528277
1528212
1528059
1528045
1527981
1527976
1528024
1527997
1527987
1528060
1528026
1528148
1528168
1528357
1528369
1528553
1528755
1528806
1528886
1529013
1529080
1529204
1529320
1529316
1529360
1529380
1529388
1529425
1529434
1529494
1529543
1529556
1529671
1529783
1529815
1529933
1530068
1530162
1530288
1530475
1530646
1530848
1531058
1531167
1531483
1531513
1531701
1531935
1532089
1532268
1532504
1532641
1532755
1533007
1533141
1533396
1533469
1533747
1533878
1534117
1534333
1534463
1534657
1534854
1534930
1534786
1534553
1533881
1533068
1532101
1531062
1530165
1529448
1529001
1528675
1528393
1528201
1528062
1528088
1528054
1527947
1528064
1528142
1528137
1528093
1528142
1528311
1528367
1528407
1528459
1528579
1528804
1528872
1529095
1529203
1529322
1529410
1529460
1529506
1529597
1529663
1529649
1529654
1529594
1529794
1529687
1529893
1529843
1529959
1530057
1530120
1530322
1530388
1530560
1530695
1530909
1531093
1531220
1531472
1531605
1531828
1531985
1532158
1532403
1532511
1532652
1532900
1533072
1533133
1533415
1533673
1533803
1533961
1534271
1534454
1534643
1534784
1534883
1535019
1535006
1534759
1534358
1533479
1532550
1531679
1530689
1529896
1529266
1528897
1528678
1528508
1528334
1528296
1528310
1528255
1528286
1528329
1528400
1528390
1528331
1528573
1528533
1528599
1528712
1528780
1529000
1529118
1529299
1529303
1529560
1529702
1529756
1529917
1529933
1529989
1529931
1529926
1529943
1529946
1530044
1530144
1530132
1530191
1530339
1530367
1530515
1530535
1530707
1530850
1531067
1531256
1531464
1531580
1531755
1531970
1532091
1532321
1532543
1532720
1532887
1533095
1533263
1533414
1533655
1533803
1533953
1534206
1534329
1534468
1534690
1534924
1535068
1535316
1535388
1535587
1535644
1535602
1535306
1534749
1533810
1532910
1531850
1530953
1530179
1529657
1529301
1528999
1528882
1528787
1528823
1528780
1528700
1528826
1528847
1528819
1528862
1528904
1529047
1529067
1529187
1529311
1529406
1529585
1529704
1529863
1529996
1530212
1530265
1530360
1530393
1530536
1530506
1530556
1530596
1530652
1530679
1530706
1530746
1530890
1530959
1531031
1531206
1531291
1531444
1531644
1531739
1531964
1532069
1532299
1532496
1532620
1532912
1533097
1533260
1533485
1533616
1533831
1533945
1534207
1534367
1534562
1534786
1534929
1535129
1535347
1535555
1535763
1535918
1536084
1536221
1536266
1535964
1535428
1534656
1533644
1532675
1531703
1530985
1530366
1529951
1529759
1529563
1529499
1529417
1529364
1529482
1529437
1529444
1529452
1529517
1529605
1529728
1529754
1529890
1529939
1530112
1530264
1530433
1530670
1530758
1530818
1530966
1531042
1531215
1531226
1531163
1531253
1531211
1531251
1531344
1531397
1531383
1531429
1531536
1531757
1531850
1531932
1531977
1532282
1532415
1532568
1532768
1532956
1533190
1533264
1533459
1533672
1533882
1533997
1534195
1534431
1534558
1534739
1535040
1535181
1535370
1535539
1535752
1535932
1536036
1536242
1536135
1536001
1535570
1534857
1533935
1532982
1532042
1531188
1530621
1530219
1529778
1529681
1529488
1529404
1529386
1529381
1529411
1529445
1529457
1529449
1529403
1529556
1529661
1529700
1529802
1529869
1530004
1530188
1530361
1530479
1530628
1530697
1530851
1530929
1530958
1530965
1530912
1530916
1530915
1531027
1530984
1530969
1531040
1531094
1531215
1531259
1531415
1531512
1531644
1531767
1531852
1531979
1532206
1532360
1532474
1532684
1532779
1533008
1533113
1533289
1533523
1533681
1533789
1533988
1534084
1534337
1534543
1534650
1534783
1534790
1534723
1534383
1533778
1532868
1531967
1530894
1530173
1529657
1529232
1528929
1528631
1528499
1528457
1528410
1528303
1528394
1528470
1528350
1528259
1528338
1528400
1528510
1528590
1528541
1528675
1528778
1528943
1529004
1529151
1529327
1529408
1529434
1529499
1529508
1529582
1529557
1529696
1529609
1529617
1529694
1529680
1529749
1529895
1529983
1530028
1530170
1530310
1530316
1530465
1530651
1530845
1530991
1531116
1531321
1531616
1531664
1531906
1532071
1532220
1532403
1532585
1532729
1532913
1533094
1533250
1533356
1533623
1533839
1533984
1534180
1534224
1533998
1533675
1532877
1532071
1531059
1530270
1529454
1529034
1528620
1528299
1528159
1528049
1527947
1527864
1527911
1527875
1527903
1527847
1527918
1527865
1527933
1528058
1528053
1528160
1528214
1528301
1528434
1528556
1528723
1528892
1529010
1529018
1529184
1529338
1529276
1529233
1529353
1529394
1529417
1529439
1529533
1529668
1529750
1529769
1529805
1530006
1530167
1530275
1530443
1530553
1530778
1530883
1531124
1531322
1531424
1531597
1531803
1531935
1532181
1532348
1532523
1532683
1532826
1533032
1533286
1533443
1533613
1533777
1534048
1534076
1534314
1534403
1534155
1533747
1533022
1532121
1531187
1530280
1529541
1528983
1528576
1528274
1528079
1527973
1527895
1527833
1527880
1527876
1527922
1528032
1527980
1527918
1527992
1528052
1528162
1528304
1528294
1528560
1528593
1528791
1528946
1528931
1529081
1529270
1529313
1529286
1529399
1529463
1529492
1529456
1529433
1529479
1529555
1529580
1529767
1529753
1529949
1530018
1530058
1530172
1530434
1530615
1530711
1530812
1530989
1531161
1531354
1531565
1531727
1531846
1532104
1532186
1532394
1532575
1532753
1532953
1533073
1533221
1533591
1533680
1533899
1533985
1534165
1534225
1534231
1534058
1533527
1532669
1531749
1530817
1530033
1529261
1528727
1528419
1528192
1527965
1527953
1527720
1527899
1527863
1527850
1527829
1527824
1527834
1527908
1528005
1528015
1528017
1528228
1528280
1528461
1528600
1528692
1528803
1528871
1529013
1529129
1529141
1529123
1529236
1529238
1529295
1529248
1529287
1529384
1529451
1529426
1529572
1529680
1529780
1529872
1530031
1530169
1530215
1530431
1530647
1530838
1530953
1531213
1531327
1531541
1531772
1531980
1532039
1532349
1532446
1532713
1532848
1533072
1533265
1533518
1533626
1533838
1533974
1534180
1534188
1533899
1533328
1532540
1531556
1530669
1529754
1529185
1528769
1528430
1528159
1528008
1527869
1527834
1527812
1527813
1527870
1527845
1527897
1527955
1528041
1527996
1528026
1528179
1528233
1528318
1528560
1528689
1528830
1528906
1528951
1529175
1529127
1529172
1529216
1529277
1529306
1529234
1529361
1529367
1529331
1529406
1529451
1529477
1529638
1529607
1529804
1529914
1530039
1530130
1530327
1530388
1530665
1530788
1530970
1531140
1531286
1531534
1531614
1531748
1531922
1532100
1532218
1532440
1532642
1532892
1533028
1533189
1533300
1533474
1533382
1533121
1532363
1531621
1530708
1529802
1529031
1528454
1528069
1527774
1527524
1527433
1527419
1527312
1527281
1527286
1527303
1527339
1527304
1527334
1527228
1527394
1527388
1527558
1527589
1527746
1527834
1528109
1528152
1528320
1528346
1528561
1528593
1528636
1528714
1528731
1528576
1528661
1528745
1528753
1528875
1528884
1528960
1528960
1529041
1529172
1529335
1529430
1529540
1529760
1529822
1530027
1530243
1530366
1530518
1530656
1530867
1531002
1531212
1531361
1531536
1531714
1531925
1532105
1532314
1532511
1532634
1532826
1532945
1532840
1532529
1531887
1531025
1530123
1529275
1528544
1528029
1527593
1527288
1527224
1527007
1526952
1526942
1526961
1526896
1526848
1527035
1526938
1526838
1527013
1527016
1527055
1527166
1527140
1527362
1527536
1527578
1527735
1527875
1528052
1528085
1528118
1528216
1528277
1528288
1528246
1528387
1528390
1528395
1528435
1528588
1528669
1528734
1528758
1528956
1528954
1529111
1529203
1529324
1529461
1529669
1529812
1530000
1530187
1530366
1530461
1530681
1530839
1531092
1531281
1531428
1531646
1531766
1531910
1531982
1531797
1531381
1530642
1529743
1528942
1528167
1527585
1527229
1526892
1526622
1526569
1526451
1526296
1526412
1526319
1526392
1526376
1526413
1526450
1526522
1526528
1526629
1526719
1526753
1526910
1527044
1527158
1527317
1527465
