1389426
1389477
1389497
1389496
1389374
1389353
1389335
1389288
1389321
1389294
1389292
1389266
1389404
1389315
1389525
1389510
1389511
1389661
1389769
1389876
1389889
1389993
1390028
1390169
1390335
1390475
1390515
1390732
1390757
1390854
1390957
1391041
1391281
1391423
1391601
1391703
1391742
1391788
1391804
1391812
1391755
1391462
1391185
1390960
1390743
1390501
1390218
1389979
1389874
1389645
1389426
1389185
1388985
1388854
1388673
1388561
1388584
1388422
1388495
1388445
1388449
1388475
1388497
1388578
1388577
1388678
1388751
1388717
1388827
1388851
1388992
1389056
1389162
1389207
1389240
1389295
1389394
1389330
1389352
1389371
1389415
1389276
1389345
1389387
1389398
1389455
1389482
1389469
1389554
1389561
1389569
1389589
1389646
1389632
1389746
1389791
1389760
1389844
1389866
1389931
1390008
1390069
1390228
1390321
1390475
1390576
1390704
1390740
1390922
1391035
1391077
1391186
1391022
1391007
1390735
1390436
1390208
1389953
1389710
1389427
1389239
1388989
1388742
1388527
1388266
1388004
1387787
1387657
1387469
1387298
1387179
1387142
1387130
1387013
1386945
1386833
1386842
1386745
1386783
1386806
1386716
1386731
1386741
1386767
1386808
1386858
1386802
1386851
1386776
1386833
1386778
1386764
1386666
1386605
1386554
1386475
1386413
1386314
1386393
1386359
1386340
1386441
1386389
1386408
1386407
1386452
1386481
1386508
1386607
1386615
1386754
1386676
1386683
1386770
1386710
1386897
1386945
1387044
1387185
1387338
1387391
1387512
1387549
1387629
1387671
1387721
1387760
1387731
1387541
1387234
1386927
1386578
1386219
1385954
1385656
1385436
1385231
1384993
1384737
1384447
1384121
1383958
1383780
1383610
1383586
1383449
1383420
1383324
1383297
1383221
1383170
1383104
1383166
1383183
1383218
1383328
1383267
1383309
1383372
1383352
1383309
1383335
1383311
1383297
1383274
1383378
1383301
1383188
1383157
1383089
1383083
1383088
1382963
1382962
1382957
1382948
1382974
1382925
1383028
1383041
1383115
1383148
1383301
1383277
1383254
1383307
1383311
1383322
1383344
1383456
1383533
1383664
1383753
1383822
1383770
1383852
1383916
1383876
1383871
1383710
1383447
1383009
1382747
1382375
1382124
1381882
1381666
1381404
1381259
1381077
1380729
1380626
1380367
1380276
1380197
1380023
1379886
1379828
1379860
1379886
1379786
1379804
1379821
1379779
1379857
1379885
1379862
1379908
1379902
1380020
1379975
1379945
1379813
1379809
1379894
1379829
1379815
1379846
1379697
1379792
1379755
1379695
1379639
1379540
1379602
1379532
1379565
1379580
1379659
1379628
1379695
1379713
1379682
1379710
1379781
1379772
1379777
1379851
1379901
1379981
1380017
1380174
1380191
1380321
1380451
1380457
1380477
1380618
1380497
1380229
1379919
1379576
1379293
1379023
1378722
1378433
1378177
1377978
1377689
1377621
1377403
1377269
1377168
1376977
1376836
1376770
1376727
1376669
1376632
1376588
1376525
1376559
1376610
1376712
1376692
1376796
1376857
1376718
1376824
1376805
1376785
1376793
1376694
1376709
1376673
1376681
1376670
1376616
1376611
1376554
1376472
1376496
1376409
1376352
1376451
1376507
1376459
1376530
1376488
1376508
1376549
1376615
1376683
1376800
1376769
1376794
1376937
1376961
1377074
1377239
1377260
1377455
1377579
1377589
1377800
1377871
1377890
1377875
1377838
1377565
1377269
1377061
1376760
1376524
1376212
1375902
1375719
1375444
1375265
1375162
1375012
1374887
1374747
1374612
1374613
1374489
1374484
1374417
1374253
1374270
1374367
1374378
1374395
1374418
1374589
1374510
1374565
1374569
1374554
1374516
1374571
1374478
1374391
1374442
1374425
1374372
1374340
1374221
1374232
1374166
1374149
1374087
1374108
1374210
1374128
1374223
1374189
1374191
1374291
1374357
1374470
1374479
1374640
1374683
1374792
1374831
1374904
1375068
1375231
1375360
1375525
1375711
1375807
1375941
1376146
1376306
1376526
1376636
1376729
1376639
1376520
1376321
1376043
1375720
1375507
1375300
1375097
1374900
1374692
1374556
1374376
1374246
1374095
1374029
1373877
1373824
1373802
1373697
1373672
1373596
1373643
1373621
1373695
1373685
1373856
1373793
1373936
1373966
1373856
1373930
1373882
1373852
1373815
1373810
1373813
1373815
1373867
1373831
1373770
1373695
1373752
1373699
1373724
1373728
1373757
1373709
1373750
1373695
1373737
1373753
1373747
1373799
1373891
1374026
1374185
1374281
1374432
1374488
1374576
1374721
1374816
1375046
1375286
1375422
1375608
1375812
1375948
1376057
1376178
1376241
1376313
1376156
1375893
1375629
1375436
1375249
1374976
1374798
1374582
1374471
1374351
1374172
1374144
1373986
1373878
1373776
1373686
1373596
1373604
1373668
1373657
1373691
1373648
1373782
1373877
1373940
1373925
1373995
1374025
1374024
1374105
1374153
1374166
1374066
1374056
1374090
1374005
1373939
1373958
1373959
1373900
1373900
1373894
1373804
1373823
1373888
1373888
1374042
1374072
1374157
1374201
1374379
1374374
1374518
1374650
1374772
1374940
1375039
1375141
1375350
1375576
1375787
1375942
1376120
1376266
1376469
1376534
1376682
1376858
1376839
1376698
1376524
1376396
1376158
1376019
1375777
1375609
1375387
1375337
1375165
1375003
1374921
1374746
1374715
1374704
1374633
1374602
1374601
1374514
1374534
1374503
1374549
1374645
1374670
1374856
1374803
1374863
1374949
1374969
1374966
1374942
1374991
1375018
1375008
1375063
1374970
1374866
1374813
1374711
1374679
1374707
1374717
1374674
1374654
1374677
1374751
1374688
1374780
1374747
1374841
1374882
1374967
1375050
1375191
1375361
1375361
1375538
1375703
1375964
1376112
1376260
1376439
1376548
1376771
1377009
1377063
1377275
1377365
1377266
1377184
1376908
1376699
1376517
1376305
1376135
1375993
1375885
1375695
1375519
1375384
1375290
1375268
1375115
1375060
1374977
1374978
1374890
1374805
1374863
1374837
1374889
1375022
1375034
1375189
1375160
1375173
1375150
1375078
1375091
1375032
1375084
1375085
1375054
1375022
1374959
1374984
1374906
1374921
1374933
1374871
1374865
1374862
1374876
1374888
1374989
1375010
1375036
1375189
1375281
1375257
1375320
1375368
1375365
1375532
1375658
1375937
1376100
1376299
1376527
1376714
1376770
1377029
1377117
1377244
1377355
1377387
1377346
1377192
1376981
1376754
1376507
1376274
1376170
1375989
1375858
1375650
1375520
1375430
1375302
1375150
1375002
1374985
1374899
1374959
1374870
1374852
1374842
1374899
1374852
1374934
1375037
1375109
1375143
1375191
1375127
1375122
1375061
1375110
1374993
1374927
1374940
1374952
1374838
1374806
1374765
1374760
1374622
1374582
1374662
1374620
1374700
1374710
1374656
1374734
1374711
1374734
1374797
1374915
1374951
1375005
1375103
1375239
1375400
1375482
1375663
1375859
1375923
1376050
1376230
1376371
1376539
1376598
1376619
1376485
1376332
1376076
1375829
1375693
1375451
1375231
1375019
1374884
1374800
1374638
1374418
1374360
1374212
1374117
1374080
1373978
1373940
1373951
1373893
1373893
1374011
1374057
1374100
1374174
1374243
1374272
1374324
1374234
1374249
1374203
1374128
1374147
1374033
1374006
1374068
1374008
1373963
1373871
1373883
1373804
1373808
1373733
1373738
1373761
1373796
1373799
1373769
1373825
1373834
1373858
1373888
1374036
1374033
1374191
1374175
1374327
1374331
1374559
1374699
1374813
1375071
1375128
1375341
1375465
1375517
1375467
1375233
1375030
1374786
1374469
1374246
1374014
1373816
1373633
1373420
1373323
1373079
1372950
1372853
1372802
1372693
1372631
1372626
1372526
1372562
1372544
1372568
1372600
1372692
1372678
1372827
1372853
1372876
1372796
1372845
1372776
1372677
1372688
1372698
1372649
1372506
1372501
1372346
1372364
1372319
1372277
1372185
1372206
1372125
1372123
1372116
1372097
1372052
1372086
1372062
1372091
1372173
1372337
1372416
1372491
1372581
1372613
1372693
1372820
1372860
1373065
1373194
1373236
1373395
1373555
1373555
1373656
1373519
1373403
1373200
1372912
1372618
1372340
1372159
1371885
1371619
1371374
1371374
1371219
1371067
1370951
1370846
1370793
1370740
1370714
1370654
1370708
1370622
1370666
1370798
1370844
1370902
1370972
1370925
1370914
1370964
1370946
1370928
1370866
1370798
1370752
1370701
1370543
1370427
1370384
1370383
1370298
1370254
1370165
1370126
1370181
1370065
1370158
1370082
1370123
1370222
1370198
1370191
1370363
1370308
1370478
1370444
1370608
1370682
1370712
1370811
1371031
1371183
1371470
1371569
1371656
1371810
1371923
1372138
1372176
1372044
1371949
1371751
1371360
1371250
1370838
1370573
1370332
1370009
1369964
1369780
1369644
1369640
1369564
1369429
1369311
1369195
1369212
1369153
1369064
1369142
1369113
1369223
1369254
1369312
1369390
1369392
1369395
1369380
1369462
1369418
1369341
1369283
1369304
1369114
1369117
1369097
1369063
1369019
1368951
1369009
1368820
1368848
1368830
1368800
1368820
1368894
1368883
1368943
1369005
1369063
1369065
1369184
1369315
1369351
1369385
1369357
1369493
1369692
1369870
1369982
1370067
1370319
1370356
1370589
1370705
1370840
1370990
1371030
1370956
1370971
1370824
1370533
1370187
1369925
1369621
1369419
1369174
1369165
1368906
1368780
1368645
1368585
1368514
1368470
1368354
1368365
1368323
1368346
1368318
1368492
1368460
1368491
1368569
1368515
1368560
1368669
1368643
1368596
1368619
1368638
1368576
1368582
1368525
1368517
1368500
1368476
1368436
1368335
1368331
1368327
1368265
1368205
1368248
1368325
1368353
1368361
1368449
1368483
1368558
1368622
1368718
1368733
1368845
1368892
1369037
1369144
1369223
1369506
1369679
1369805
1369991
1370152
1370371
1370531
1370728
1370869
1370970
1371115
1371028
1370942
1370781
1370437
1370144
1369930
1369663
1369490
1369346
1369254
1369100
1369007
1369009
1368840
1368680
1368632
1368641
1368575
1368593
1368595
1368688
1368662
1368759
1368907
1368866
1368886
1368864
1368969
1368923
1368896
1368952
1368906
1368903
1368927
1368891
1368848
1368756
1368782
1368785
1368682
1368713
1368748
1368655
1368715
1368794
1368844
1368866
1368922
1368819
1368925
1369032
1369107
1369259
1369368
1369410
1369588
1369704
1369820
1369953
1370150
1370341
1370539
1370641
1370917
1371096
1371272
1371459
1371708
1371931
1372108
1372120
1372029
1371779
1371614
1371348
1371061
1370915
1370696
1370540
1370440
1370412
1370232
1370169
1370096
1370039
1369969
1369998
1369933
1369919
1369917
1369982
1369990
1370062
1370002
1370123
1370168
1370254
1370368
1370287
1370341
1370349
1370364
1370435
1370353
1370306
1370289
1370394
1370392
1370224
1370269
1370337
1370293
1370250
1370233
1370341
1370347
1370368
1370514
1370603
1370635
1370728
1370734
1370962
1371030
1371232
1371410
1371518
1371689
1371871
1372038
1372212
1372366
1372577
1372850
1373092
1373355
1373535
1373791
1374018
1374015
1374094
1374094
1373970
1373697
1373548
1373366
1373181
1373019
1372807
1372690
1372585
1372475
1372249
1372386
1372233
1372253
1372211
1372166
1372105
1372112
1372151
1372169
1372303
1372332
1372368
1372445
1372389
1372516
1372496
1372467
1372520
1372523
1372523
1372597
1372572
1372638
1372646
1372584
1372562
1372616
1372602
1372568
1372522
1372678
1372652
1372714
1372732
1372783
1372850
1372934
1373032
1373150
1373280
1373482
1373579
1373803
1373944
1374108
1374331
1374541
1374752
1374948
1375249
1375492
1375664
1375937
1376099
1376304
1376398
1376563
1376559
1376564
1376331
1376076
1375865
1375615
1375302
1375199
1375091
1375052
1374960
1374870
1374811
1374721
1374656
1374547
1374539
1374536
1374604
1374526
1374592
1374653
1374635
1374694
1374709
1374735
1374759
1374740
1374844
1374846
1374949
1374859
1374804
1374842
1374849
1374788
1374815
1374849
1374823
1374765
1374815
1374897
1374890
1374880
1374938
1375040
1375037
1375147
1375205
1375297
1375353
1375543
1375643
1375804
1375922
1376056
1376280
1376485
1376701
1376999
1377266
1377496
1377695
1377937
1378098
1378379
1378596
1378624
1378767
1378826
1378732
1378528
1378341
1378099
1377877
1377650
1377453
1377366
1377246
1377142
1377127
1376887
1376773
1376644
1376645
1376594
1376624
1376650
1376635
1376620
1376685
1376715
1376740
1376779
1376727
1376762
1376839
1376818
1376836
1376828
1376906
1376863
1376806
1376861
1376768
1376878
1376913
1376871
1376864
1376907
1376929
1377060
1377088
1377133
1377146
1377192
1377308
1377306
1377380
1377440
1377537
1377745
1377840
1378034
1378177
1378375
1378710
1378843
1379108
1379311
1379493
1379734
1379890
1380075
1380337
1380541
1380602
1380568
1380515
1380369
1380169
1379969
1379728
1379429
1379225
1378977
1378842
1378490
1378467
1378455
1378469
1378377
1378393
1378222
1378255
1378247
1378195
1378031
1378216
1378263
1378224
1378332
1378307
1378201
1378233
1378301
1378219
1378293
1378320
1378365
1378324
1378335
1378346
1378274
1378218
1378352
1378265
1378201
1378233
1378236
1378187
1378329
1378313
1378369
1378497
1378591
1378621
1378727
1378877
1378974
1379042
1379291
1379439
1379607
1379852
1380056
1380253
1380526
1380677
1380890
1381075
1381294
1381431
1381507
1381357
1381279
1381077
1380800
1380524
1380234
1379930
1379728
1379589
1379378
1379189
1379085
1378994
1378911
1378842
1378832
1378715
1378649
1378639
1378642
1378633
1378621
1378656
1378656
1378759
1378667
1378590
1378647
1378565
1378599
1378606
1378543
1378534
1378424
1378486
1378412
1378423
1378312
1378292
1378287
1378317
1378193
1378259
1378277
1378231
1378205
1378275
1378380
1378507
1378517
1378648
1378715
1378795
1378911
1379153
1379285
1379468
1379710
1379902
1380064
1380237
1380480
1380562
1380817
1381003
1380969
1381059
1380892
1380582
1380298
1379924
1379666
1379258
1379040
1378936
1378754
1378560
1378431
1378392
1378240
1378164
1378025
1377996
1377976
1377804
1377879
1377730
1377814
1377849
1377864
1377892
1377909
1377896
1377855
1377730
1377731
1377645
1377616
1377659
1377576
1377465
1377447
1377369
1377302
1377344
1377268
1377308
1377269
1377231
1377315
1377231
1377204
1377224
1377226
1377330
1377303
1377426
1377494
1377557
1377701
1377913
1378077
1378298
1378379
1378700
1378987
1379153
1379372
1379498
1379642
1379787
1379755
1379622
1379344
1379093
1378816
1378440
1378088
1377829
1377540
1377288
1377192
1377025
1376925
1376805
1376692
1376650
1376511
1376412
1376337
1376331
1376268
1376265
1376282
1376318
1376384
1376317
1376365
1376288
1376268
1376236
1376179
1376114
1376081
1375979
1375885
1375914
1375942
1375800
1375818
1375711
1375702
1375632
1375683
1375705
1375735
1375652
1375666
1375771
1375757
1375843
1375897
1376027
1376098
1376365
1376449
1376565
1376754
1376881
1376993
1377195
1377315
1377527
1377766
1377946
1378035
1378001
1377848
1377591
1377257
1376925
1376596
1376319
1375997
1375703
1375462
1375276
1375075
1374925
1374746
1374604
1374553
1374411
1374413
1374339
1374233
1374213
1374246
1374124
1374226
1374243
1374294
1374274
1374238
1374215
1374252
1374159
1374096
1374090
1373981
1373887
1373781
1373804
1373693
1373587
1373610
1373505
1373543
1373466
1373371
1373341
1373251
1373214
1373201
1373246
1373270
1373385
1373540
1373621
1373735
1373900
1374122
1374255
1374487
1374722
1374929
1375018
1375214
1375324
1375212
1375187
1375019
1374722
1374477
1374157
1373874
1373602
1373203
1372944
1372718
1372563
1372441
1372257
1372219
1372138
1372098
1371989
1371873
1371750
1371719
1371706
1371638
1371700
1371691
1371721
1371739
1371705
1371631
1371540
1371452
1371523
1371338
1371421
1371345
1371423
1371232
1371152
1371119
1370939
1370907
1370883
1370922
1370914
1370978
1370955
1370987
1370978
1371020
1370999
1371033
1371185
1371243
1371315
1371490
1371510
1371698
1371854
1371893
1372023
1372147
1372302
1372320
1372411
1372245
1372026
1371696
1371285
1370913
1370604
1370204
1369873
1369632
1369477
1369278
1369202
1369047
1368958
1368921
1368842
1368837
1368863
1368906
1368989
1369089
1369179
1369379
1369374
1369512
1369478
1369504
1369584
1369565
1369542
1369511
1369339
1369408
1369381
1369353
1369244
1369229
1369077
1368986
1368849
1368753
1368700
1368646
1368610
1368656
1368654
1368655
1368639
1368636
1368668
1368739
1368784
1368828
1368926
1369044
1369055
1369264
1369361
1369456
1369562
1369757
1369761
1369710
1369499
1369351
1369079
1368690
1368456
1368063
1367831
1367711
1367525
1367375
1367130
1367068
1366974
1366801
1366783
1366692
1366739
1366756
1366718
1366668
1366694
1366807
1366865
1366853
1366862
1366895
1366906
1366904
1366905
1366897
1366955
1366787
1366801
1366767
1366680
1366650
1366538
1366528
1366563
1366561
1366420
1366464
1366447
1366373
1366408
1366281
1366326
1366428
1366398
1366493
1366510
1366564
1366712
1366756
1366966
1366904
1367058
1367116
1367205
1367325
1367451
1367513
1367548
1367547
1367386
1367102
1366895
1366616
1366387
1366143
1366010
1365778
1365615
1365567
1365499
1365397
1365323
1365297
1365167
1365205
1365260
1365212
1365270
1365272
1365263
1365317
1365393
1365528
1365490
1365618
1365714
1365713
1365706
1365737
1365649
1365580
1365533
1365530
1365457
1365547
1365473
1365518
1365506
1365436
1365474
1365358
1365385
1365434
1365437
1365487
1365572
1365581
1365693
1365660
1365805
1365714
1365872
1365957
1366089
1366220
1366379
1366420
1366561
1366614
1366679
1366863
1366910
1366877
1366859
1366766
1366532
1366319
1366078
1365954
1365661
1365514
1365326
1365229
1365097
1364960
1364890
1364785
1364764
1364820
1364742
1364871
1364818
1364889
1364901
1365035
1365093
1365162
1365137
1365271
1365255
1365284
1365301
1365232
1365320
1365272
1365322
1365267
1365241
1365210
1365196
1365232
1365079
1364948
1365042
1365121
1365065
1365078
1365101
1365192
1365202
1365262
1365268
1365288
1365279
1365389
1365480
1365530
1365606
1365642
1365762
1365840
1365910
1366092
1366225
1366327
1366512
1366672
1366676
1366780
1366919
1366920
1366950
1366830
1366712
1366553
1366297
1366151
1365900
1365663
1365588
1365508
1365499
1365523
1365464
1365420
1365373
1365363
1365323
1365246
1365283
1365363
1365410
1365466
1365509
1365595
1365714
1365689
1365827
1365721
1365830
1365822
1365886
1365955
1365991
1365917
1365927
1365793
1365876
1365869
1365862
1365799
1365860
1365881
1365894
1365976
1366026
1365980
1365972
1365960
1365960
1366124
1366136
1366169
1366343
1366351
1366363
1366462
1366565
1366576
1366715
1366817
1366934
1366975
1367102
1367238
1367325
1367447
1367568
1367758
1367847
1367913
1367923
1367837
1367616
1367329
1367052
1366887
1366778
1366630
1366565
1366443
1366386
1366317
1366318
1366209
1366191
1366217
1366180
1366225
1366270
1366337
1366309
1366444
1366386
1366357
1366525
1366570
1366662
1366718
1366745
1366778
1366774
1366877
1366832
1366804
1366802
1366787
1366749
1366888
1366869
1366929
1366851
1366846
1366890
1366877
1366880
1367008
1367054
1367030
1367125
1367135
1367277
1367176
1367219
1367074
1367127
1367191
1367218
1367327
1367460
1367479
1367523
1367580
1367802
1367903
1368045
1368177
1368269
1368271
1368302
1368203
1367979
1367827
1367720
1367559
1367411
1367321
1367269
1367186
1367060
1366930
1366878
1366728
1366734
1366736
1366706
1366733
1366664
1366690
1366657
1366695
1366574
1366635
1366748
1366809
1366920
1366951
1366955
1367022
1367030
1367024
1367083
1367029
1367045
1367077
1367055
1367096
1366990
1367048
1366975
1367051
1367130
1367157
1367297
1367181
1367188
1367291
1367308
1367300
1367337
1367464
1367480
1367615
1367693
1367741
1367803
1367917
1367954
1368058
1368230
1368327
1368429
1368670
1368779
1369034
1369020
1369208
1369336
1369383
1369415
1369371
1369217
1369010
1368664
1368482
1368482
1368281
1368216
1368111
1367994
1367994
1367934
1367992
1367892
1367924
1367833
1367845
1367823
1367927
1367917
1367980
1367917
1367995
1368045
1368092
1368217
1368180
1368263
1368303
1368288
1368381
1368409
1368494
1368314
1368365
1368371
1368271
1368339
1368292
1368357
1368396
1368471
1368421
1368458
1368557
1368561
1368544
1368645
1368651
1368705
1368799
1368893
1368906
1368985
1369011
1369159
1369294
1369437
1369589
1369745
1369846
1370185
1370429
1370528
1370702
1370744
1370947
1371097
1371073
1371048
1370881
1370636
1370424
1370176
1370016
1369870
1369666
1369587
1369524
1369443
1369380
1369393
1369372
1369440
1369376
1369383
1369386
1369364
1369437
1369413
1369393
1369473
1369570
1369537
1369616
1369674
1369743
1369733
1369856
1369822
1369778
1369813
1369724
1369825
1369750
1369759
1369823
1369825
1369849
1369802
1369834
1369848
1369877
1370003
1370032
1370020
1370145
1370179
1370290
1370240
1370336
1370553
1370678
1370700
1370915
1371076
1371213
1371289
1371524
1371723
1371995
1372140
1372315
1372552
1372676
1372906
1372983
1373085
1373100
1373002
1372740
1372523
1372324
1372124
1371919
1371753
1371645
1371694
1371685
1371703
1371645
1371672
1371605
1371653
1371558
1371588
1371529
1371553
1371624
1371585
1371659
1371754
1371845
1371839
1371924
1371939
1371838
1371943
1371932
1371900
1371924
1372051
1371938
1371922
1371965
1371992
1372001
1372088
1372148
1372176
1372209
1372266
1372348
1372355
1372441
1372556
1372639
1372742
1372903
1373170
1373276
1373356
1373649
1373790
1373918
1374108
1374368
1374508
1374679
1374888
1375056
1375285
1375387
1375681
1375789
1375921
1375903
1375682
1375470
1375327
1375071
1374823
1374661
1374512
1374342
1374300
1374268
1374201
1374174
1374192
1374129
1374039
1374076
1374004
1373993
1373916
1374032
1374000
1373991
1374158
1374170
1374157
1374220
1374233
1374215
1374233
1374306
1374295
1374263
1374262
1374240
1374241
1374202
1374190
1374193
1374207
1374199
1374256
1374273
1374353
1374331
1374346
1374309
1374411
1374600
1374582
1374732
1374817
1374890
1375072
1375220
1375409
1375510
1375729
1375894
1376161
1376382
1376640
1376751
1376988
1377200
1377275
1377511
1377507
1377455
1377257
1377064
1376890
1376676
1376338
1376274
1376071
1375962
1375905
1375952
1375814
1375828
1375758
1375759
1375652
1375706
1375724
1375606
1375722
1375700
1375772
1375817
1375808
1375800
1375829
1375876
1375899
1375898
1375936
1375901
1375860
1375785
1375779
1375783
1375725
1375773
1375848
1375783
1375895
1375886
1375853
1375856
1375856
1375859
1375906
1376006
1376060
1376155
1376212
1376375
1376554
1376680
1376862
1377036
1377156
1377430
1377620
1377747
1377952
1378144
1378329
1378435
1378586
1378712
1378760
1378880
1378810
1378626
1378459
1378309
1378040
1377710
1377559
1377406
1377280
1377170
1377015
1376974
1377077
1376905
1376818
1376790
1376762
1376762
1376790
1376752
1376713
1376716
1376746
1376772
1376775
1376679
1376671
1376682
1376584
1376640
1376678
1376661
1376622
1376600
1376446
1376547
1376549
1376506
1376548
1376540
1376572
1376582
1376546
1376569
1376491
1376655
1376644
1376729
1376763
1376759
1376944
1376973
1377026
1377159
1377282
1377538
1377706
1377824
1378066
1378269
1378486
1378593
1378735
1378998
1379078
1379170
1379068
1378903
1378632
1378425
1378181
1377944
1377794
1377700
1377559
1377433
1377437
1377388
1377341
1377213
1377167
1377105
1377028
1377034
1376923
1376932
1376915
1376980
1377038
1376996
1376927
1376918
1376897
1376861
1376864
1376847
1376847
1376789
1376717
1376739
1376618
1376612
1376525
1376497
1376508
1376469
1376463
1376499
1376528
1376517
1376448
1376505
1376484
1376434
1376446
1376420
1376504
1376525
1376589
1376654
1376717
1376819
1376861
1377073
1377183
1377349
1377490
1377730
1377935
1378006
1378219
1378160
1378214
1378010
1377811
1377501
1377209
1377062
1376869
1376581
1376547
1376482
1376287
1376098
1376045
1376046
1375946
1375903
1375830
1375789
1375759
1375692
1375606
1375607
1375606
1375635
1375709
1375750
1375878
1375926
1375891
1375846
1375887
1375878
1375805
1375779
1375817
1375843
1375798
1375856
1375784
1375732
1375844
1375926
1376049
1376186
1376375
1376371
1376413
1376434
1376467
1376550
1376665
1376737
1376880
1377008
1377096
1377325
1377408
1377623
1377761
1377914
1378115
1378179
1378279
1378428
1378535
1378613
1378639
1378642
1378565
1378360
1378164
1377893
1377614
1377483
1377345
1377215
1377151
1377045
1376914
1376813
1376719
1376627
1376516
1376451
1376561
1376564
1376468
1376477
1376489
1376526
1376465
1376486
1376522
1376507
1376557
1376609
1376506
1376607
1376633
1376588
1376511
1376540
1376548
1376568
1376613
1376618
1376577
1376626
1376633
1376645
1376593
1376666
1376759
1376893
1377008
1377108
1377195
1377390
1377436
1377519
1377634
1377811
1377978
1378090
1378299
1378464
1378559
1378787
1379032
1379181
1379369
1379652
1379868
1380099
1380354
1380563
1380655
1380807
1380940
1380935
1380825
1380737
1380639
1380531
1380302
1380082
1379957
1379877
1379706
1379513
1379292
1379225
1379117
1378944
1378924
1378787
1378699
1378583
1378483
1378479
1378439
1378390
1378459
1378479
1378475
1378411
1378396
1378378
1378337
1378281
1378309
1378261
1378216
1378230
1378236
1378199
1378125
1378060
1378024
1377962
1377871
1377940
1377922
1377938
1377954
1377989
1377972
1378013
1378024
1378084
1378292
1378377
1378527
1378607
1378707
1378760
1378938
1379060
1379201
1379271
1379594
1379728
1379809
1379954
1380123
1380276
1380401
1380564
1380630
1380776
1380998
1380979
1380936
1380827
1380600
1380496
1380382
1380091
1379923
1379771
1379629
1379500
1379338
1379151
1379163
1379042
1379042
1378932
1378806
1378615
1378494
1378437
1378345
1378257
1378240
1378255
1378231
1378229
1378159
1378111
1378081
1377991
1377978
1377933
1377879
1377836
1377693
1377741
1377760
1377673
1377623
1377665
1377695
1377635
1377665
1377647
1377509
1377573
1377511
1377512
1377540
1377616
1377660
1377642
1377810
1377813
1377976
1378055
1378085
1378184
1378359
1378440
1378469
1378636
1378765
1378819
1378999
1379112
1379267
1379429
1379554
1379656
1379811
1379981
1380109
1380149
1380306
1380343
1380375
1380226
1380148
1380105
1379925
1379695
1379544
1379355
1379141
1379061
1378893
1378815
1378785
1378641
1378580
1378442
1378392
1378327
1378217
1378166
1378095
1378038
1378019
1377954
1377943
1377956
1378024
1377925
1377896
1377889
1377967
1377938
1377981
1377847
1377795
1377819
1377766
1377808
1377791
1377688
1377652
1377647
1377646
1377532
1377553
1377609
1377643
1377620
1377604
1377586
1377584
1377636
1377651
1377736
1377877
1377987
1377987
1377997
1378107
1378098
1378084
1378162
1378100
1378102
1378156
1378288
1378220
1378322
1378429
1378411
1378519
1378645
1378719
1378914
1379064
1379253
1379391
1379522
1379780
1379719
1379665
1379563
1379442
1379297
1379188
1379036
1378888
1378842
1378731
1378594
1378483
1378384
1378323
1378358
1378230
1378138
1378125
1377985
1377890
1377854
1377847
1377771
1377793
1377872
1377880
1377936
1377985
1377925
1377939
1377983
1377983
1377966
1378028
1378036
1378057
1377957
1378013
1377965
1377961
1377934
1377931
1378048
1378084
1378063
1378087
1378117
1378077
1378102
1378175
1378218
1378243
1378228
1378304
1378341
1378363
1378372
1378473
1378498
1378584
1378613
1378674
1378797
1378722
1378777
1378757
1378850
1378902
1378973
1379161
1379173
1379359
1379469
1379604
1379757
1379869
1380048
1380165
1380397
1380475
1380524
1380582
1380538
1380371
1380309
1380144
1380011
1379914
1379836
1379678
1379650
1379555
1379440
1379462
1379453
1379397
1379359
1379300
1379195
1379202
1379201
1379122
1379048
1379151
1379150
1379111
1379236
1379277
1379290
1379262
1379262
1379250
1379291
1379278
1379342
1379247
1379288
1379255
1379247
1379264
1379256
1379271
1379242
1379264
1379347
1379341
1379402
1379404
1379349
1379412
1379436
1379496
1379563
1379580
1379725
1379768
1379732
1379837
1379948
1379986
1379968
1380049
1380089
1380158
1380201
1380381
1380548
1380743
1380859
1380963
1381172
1381412
1381570
1381731
1381877
1382058
1382162
1382276
1382319
1382288
1382184
1382161
1382023
1381816
1381649
1381538
1381300
1381323
1381231
1381255
1381215
1381137
1381241
1381198
1381074
1380986
1380975
1380906
1380865
1380868
1380794
1380815
1380852
1380907
1380925
1380872
1380937
1380954
1380972
1381020
1380952
1380947
1380983
1380963
1380933
1380899
1380938
1380834
1380917
1380927
1380853
1380963
1381005
1381032
1380957
1381003
1381075
1381050
1380969
1380963
1381165
1381187
1381211
1381277
1381360
1381468
1381489
1381604
1381597
1381821
1381881
1381998
1382077
1382220
1382313
1382498
1382615
1382814
1383052
1383241
1383301
1383492
1383729
1383843
1383976
1383989
1383971
1383853
1383656
1383646
1383460
1383316
1383144
1382916
1382797
1382708
1382698
1382626
1382650
1382739
1382618
1382605
1382495
1382444
1382402
1382451
1382353
1382325
1382298
1382340
1382342
1382320
1382302
1382330
1382244
1382220
1382276
1382284
1382269
1382314
1382233
1382194
1382146
1382166
1382239
1382211
1382189
1382225
1382224
1382192
1382234
1382171
1382180
1382229
1382294
1382287
1382288
1382364
1382489
1382384
1382468
1382609
1382776
1382778
1382904
1383172
1383248
1383388
1383532
1383580
1383688
1383962
1383948
1384159
1384343
1384430
1384597
1384697
1384877
1384981
1385170
1385173
1385158
1385036
1384914
1384649
1384508
1384340
1384131
1384070
1383928
1383814
1383817
1383703
1383703
1383539
1383602
1383495
1383481
1383462
1383434
1383343
1383285
1383179
1383134
1383148
1383114
1383067
1383087
1383067
1383018
1383026
1382992
1382934
1382936
1382977
1382932
1382938
1382920
1382909
1382888
1382875
1382875
1382796
1382786
1382726
1382782
1382666
1382767
1382800
1382767
1382729
1382818
1382859
1382886
1382907
1383022
1382994
1383098
1383229
1383263
1383360
1383640
1383804
1383853
1383962
1384049
1384236
1384386
1384517
1384712
1384838
1384870
1385040
1385210
1385245
1385294
1385279
1385151
1385130
1384919
1384735
1384482
1384344
1384167
1384065
1383963
1383919
1383968
1383874
1383877
1383795
1383613
1383591
1383501
1383393
1383379
1383407
1383391
1383377
1383347
1383353
1383391
1383334
1383244
1383262
1383308
1383120
1383043
1383055
1383018
1382953
1382996
1382914
1382970
1382970
1382955
1382901
1382934
1382897
1382929
1382819
1382808
1382857
1382852
1382861
1382880
1382920
1382951
1382956
1383052
1383130
1383190
1383258
1383418
1383499
1383574
1383651
1383759
1383911
1383972
1384212
1384406
1384551
1384787
1384883
1384983
1385079
1385144
1385180
1385128
1385031
1384819
1384818
1384529
1384370
1384201
1383963
1383841
1383627
1383525
1383453
1383444
1383419
1383404
1383346
1383260
1383273
1383165
1383049
1383026
1382999
1383056
1383137
1383024
1383050
1383008
1383023
1382905
1382869
1382863
1382833
1382753
1382858
1382764
1382674
1382742
1382623
1382757
1382660
1382659
1382613
1382717
1382727
1382831
1382841
1382867
1382848
1382906
1382892
1382909
1382968
1382941
1382981
1382924
1383039
1383008
1383085
1383206
1383291
1383472
1383615
1383798
1384035
1384100
1384237
1384433
1384436
1384581
1384603
1384608
1384533
1384370
1384120
1384013
1383814
1383570
1383356
1383316
1383243
1383109
1383053
1382905
1382882
1382707
1382687
1382526
1382450
1382365
1382423
1382334
1382224
1382219
1382292
1382268
1382203
1382240
1382168
1382187
1382138
1382099
1382059
1382093
1382001
1381867
1381862
1381833
1381762
1381725
1381752
1381656
1381629
1381604
1381596
1381656
1381573
1381636
1381581
1381467
1381462
1381399
1381374
1381365
1381428
1381414
1381574
1381687
1381758
1381946
1382109
1382171
1382349
1382528
1382739
1382876
1382977
1383180
1383269
1383284
1383235
1383106
1382942
1382818
1382725
1382552
1382286
1382077
1382009
1381870
1381787
1381689
1381601
1381635
1381508
1381481
1381439
1381321
1381294
1381343
1381200
1381240
1381290
1381242
1381255
1381208
1381192
1381218
1381188
1381127
1381117
1381079
1381067
1381109
1381110
1381019
1380999
1380951
1380910
1380884
1380876
1380820
1380802
1380855
1380894
1380916
1380884
1380886
1380851
1380803
1380866
1380865
1380956
1380991
1381175
1381261
1381474
1381512
1381665
1381853
1382015
1382153
1382265
1382459
1382583
1382673
1382644
1382617
1382503
1382324
1382132
1381884
1381746
1381664
1381452
1381330
1381208
1381124
1381130
1381043
1381028
1380958
1380956
1380834
1380737
1380729
1380650
1380682
1380561
1380614
1380568
1380729
1380698
1380702
1380659
1380685
1380621
1380470
1380442
1380397
1380406
1380439
1380466
1380416
1380436
1380372
1380339
1380395
1380320
1380340
1380342
1380424
1380389
1380391
1380379
1380403
1380386
1380417
1380448
1380389
1380516
1380634
1380567
1380654
1380743
1380929
1381012
1380965
1381218
1381325
1381469
1381581
1381679
1381847
1381928
1381938
1381909
1381793
1381666
1381525
1381401
1381176
1381007
1380919
1380805
1380699
1380639
1380639
1380593
1380559
1380581
1380433
1380397
1380331
1380314
1380192
1380188
1380307
1380257
1380330
1380372
1380416
1380282
1380244
1380401
1380354
1380260
1380307
1380273
1380244
1380315
1380204
1380116
1380016
1380071
1380136
1380096
1380102
1380139
1380120
1380094
1380135
1380099
1380096
1380071
1380097
1380236
1380131
1380163
1380162
1380152
1380201
1380220
1380352
1380392
1380450
1380553
1380690
1380748
1380806
1380871
1381019
1381123
1381309
1381327
1381403
1381325
1381104
1381066
1380918
1380701
1380589
1380494
1380395
1380362
1380321
1380358
1380311
1380312
1380163
1380251
1380173
1380122
1380087
1380125
1380180
1380244
1380153
1380280
1380320
1380404
1380408
1380417
1380517
1380497
1380553
1380560
1380469
1380453
1380396
1380475
1380442
1380414
1380405
1380499
1380541
1380555
1380486
1380414
1380427
1380353
1380449
1380387
1380445
1380534
1380505
1380562
1380594
1380469
1380552
1380674
1380715
1380705
1380764
1380716
1380664
1380694
1380799
1380830
1380922
1380929
1381101
1381204
1381266
1381454
1381626
1381729
1381705
1381668
1381598
1381372
1381247
1381137
1380991
1380897
1380831
1380807
1380692
1380692
1380611
1380541
1380614
1380574
1380546
1380536
1380466
1380429
1380417
1380353
1380422
1380425
1380602
1380670
1380711
1380889
1380882
1380788
1380780
1380716
1380657
1380642
1380582
1380652
1380720
1380691
1380634
1380672
1380645
1380618
1380539
1380563
1380586
1380576
1380736
1380654
1380728
1380686
1380747
1380839
1380811
1380901
1381013
1381039
1381081
1381067
1381098
1381152
1381153
1381268
1381466
1381665
1381643
1381820
1381920
1382109
1382231
1382381
1382542
1382675
1382757
1382893
1382964
1383048
1383020
1383030
1382893
1382829
1382637
1382495
1382366
1382287
1382240
1382171
1382166
1382018
1382128
1382073
1382102
1382026
1382014
1382021
1381948
1381994
1382010
1381902
1382026
1382127
1382148
1382186
1382222
1382260
1382315
1382262
1382257
1382343
1382322
1382284
1382466
1382558
1382545
1382533
1382500
1382486
1382440
1382521
1382526
1382464
1382433
1382479
1382560
1382524
1382542
1382560
1382619
1382528
1382716
1382851
1382866
1382940
1382926
1383038
1383177
1383265
1383385
1383407
1383510
1383729
1383800
1383954
1384103
1384248
1384434
1384537
1384668
1384843
1384916
1384957
1385064
1385015
1384922
1384849
1384794
1384684
1384607
1384523
1384420
1384283
1384299
1384184
1384212
1384265
1384209
1384218
1384157
1384093
1384049
1383861
1383814
1383783
1383734
1383842
1383891
1384007
1384010
1384018
1384007
1383942
1384009
1383962
1384010
1383967
1383992
1384003
1384014
1383987
1384108
1384189
1384303
1384272
1384346
1384357
1384372
1384365
1384407
1384407
1384341
1384512
1384488
1384529
1384639
1384735
1384783
1384822
1384899
1384919
1384997
1384961
1385023
1385091
1385142
1385269
1385337
1385440
1385503
1385679
1385791
1385945
1386180
1386291
1386336
1386566
1386555
1386570
1386623
1386598
1386457
1386354
1386171
1386062
1385885
1385872
1385785
1385770
1385853
1385766
1385787
1385816
1385781
1385683
1385665
1385739
1385715
1385695
1385697
1385683
1385810
1385879
1385904
1385915
1385928
1385891
1385846
1385866
1385826
1385836
1385775
1385798
1385800
1385734
1385718
1385657
1385708
1385707
1385750
1385725
1385724
1385721
1385736
1385754
1385688
1385773
1385751
1385674
1385683
1385702
1385779
1385782
1385850
1385857
1385827
1385902
1385895
1385840
1385926
1386047
1386139
1386222
1386303
1386381
1386402
1386425
1386443
1386573
1386732
1386747
1386754
1386804
1386723
1386763
1386481
1386447
1386249
1386174
1386177
1386061
1386032
1386110
1386031
1385925
1385879
1385862
1385839
1385866
1385872
1385774
1385876
1386014
1385902
1385833
1385855
1385944
1386127
1386190
