1395580
1395475
1395313
1395246
1395039
1395027
1394959
1394945
1394829
1394764
1394801
1394759
1394747
1394721
1394827
1394797
1394777
1394719
1394683
1394735
1394738
1394692
1394711
1394759
1394708
1394709
1394759
1394797
1394797
1394827
1394720
1394674
1394665
1394566
1394572
1394561
1394563
1394536
1394640
1394673
1394738
1394849
1394948
1395014
1395060
1395134
1395243
1395317
1395387
1395543
1395588
1395721
1395855
1395961
1396111
1396176
1396229
1396390
1396561
1396622
1396747
1396884
1397034
1397090
1397171
1397106
1397035
1396815
1396650
1396377
1396177
1395996
1395843
1395738
1395586
1395483
1395338
1395212
1395131
1395087
1395041
1394912
1394958
1394867
1394852
1394865
1394823
1394739
1394771
1394701
1394678
1394734
1394755
1394828
1394747
1394859
1394867
1394906
1394858
1394795
1394906
1394853
1394950
1394932
1394918
1394927
1394929
1394956
1394990
1394924
1394894
1394906
1394860
1394834
1394855
1394872
1394958
1395030
1395171
1395213
1395314
1395476
1395551
1395666
1395722
1395891
1395990
1396063
1396056
1396250
1396271
1396390
1396521
1396635
1396728
1396809
1396950
1397154
1397257
1397463
1397604
1397633
1397724
1397745
1397477
1397310
1396994
1396821
1396697
1396485
1396346
1396225
1396121
1396065
1395877
1395870
1395773
1395699
1395634
1395628
1395641
1395626
1395721
1395773
1395683
1395754
1395746
1395768
1395747
1395896
1395866
1395978
1395986
1396163
1396184
1396180
1396219
1396265
1396178
1396288
1396177
1396181
1396192
1396216
1396258
1396162
1396166
1396084
1396045
1396034
1396073
1396004
1396025
1396062
1396159
1396191
1396275
1396347
1396432
1396564
1396664
1396759
1396882
1396968
1396982
1397118
1397280
1397410
1397496
1397653
1397753
1397914
1398140
1398318
1398445
1398635
1398740
1398825
1398854
1398896
1398769
1398519
1398354
1398019
1397957
1397814
1397603
1397488
1397437
1397321
1397291
1397213
1397158
1397050
1397015
1396962
1396972
1396925
1396925
1396902
1396934
1396966
1396939
1396942
1397015
1397046
1397039
1397163
1397080
1397157
1397257
1397223
1397256
1397229
1397183
1397268
1397239
1397261
1397190
1397172
1397225
1397140
1397083
1397104
1397112
1397090
1397208
1397227
1397212
1397302
1397436
1397428
1397538
1397560
1397583
1397681
1397749
1397808
1397880
1397991
1398144
1398192
1398322
1398434
1398584
1398715
1398846
1398910
1398976
1399129
1399320
1399350
1399359
1399320
1399141
1398832
1398557
1398288
1398026
1397817
1397574
1397342
1397194
1397031
1396930
1396772
1396605
1396478
1396380
1396234
1396168
1396039
1395959
1395888
1395795
1395716
1395686
1395642
1395511
1395652
1395547
1395546
1395471
1395415
1395398
1395278
1395327
1395164
1395266
1395171
1395134
1395099
1395084
1395012
1394916
1394808
1394835
1394764
1394703
1394704
1394707
1394747
1394760
1394733
1394693
1394779
1394794
1394894
1394886
1394908
1394998
1395039
1395093
1395165
1395252
1395337
1395433
1395477
1395597
1395725
1395796
1395835
1395976
1395993
1396080
1396302
1396205
1396191
1396038
1395639
1395408
1395102
1394840
1394538
1394345
1394158
1393984
1393733
1393673
1393469
1393350
1393212
1393002
1392786
1392658
1392561
1392491
1392445
1392286
1392077
1392086
1391881
1391892
1391865
1391853
1391902
1391720
1391812
1391766
1391700
1391811
1391625
1391704
1391658
1391521
1391561
1391502
1391411
1391327
1391330
1391338
1391257
1391232
1391187
1391159
1391049
1391174
1391094
1391157
1391100
1391127
1391227
1391310
1391436
1391538
1391580
1391698
1391730
1391801
1391864
1391976
1392048
1392221
1392391
1392455
1392553
1392597
1392783
1392837
1392992
1393091
1393082
1392887
1392690
1392467
1392245
1391875
1391655
1391396
1391280
1391087
1390884
1390690
1390540
1390309
1390178
1390033
1389825
1389710
1389565
1389481
1389326
1389247
1389139
1389022
1388956
1388823
1388807
1388809
1388901
1388826
1388826
1388794
1388764
1388750
1388766
1388739
1388721
1388700
1388646
1388679
1388657
1388616
1388592
1388596
1388479
1388505
1388557
1388552
1388481
1388535
1388593
1388597
1388619
1388744
1388771
1388912
1389048
1389129
1389194
1389318
1389436
1389576
1389590
1389829
1389867
1389978
1390130
1390197
1390456
1390512
1390747
1390781
1390930
1391047
1391193
1391232
1391098
1390918
1390619
1390302
1390057
1389806
1389645
1389352
1389279
1389101
1389009
1388769
1388709
1388532
1388362
1388179
1388026
1387956
1387812
1387748
1387626
1387488
1387399
1387353
1387306
1387372
1387359
1387355
1387322
1387279
1387255
1387244
1387180
1387201
1387156
1387188
1387170
1387114
1387097
1387105
1387025
1386978
1386993
1386839
1386835
1386829
1386863
1386835
1387004
1386909
1386981
1386956
1387032
1387170
1387267
1387314
1387502
1387586
1387639
1387760
1387786
1387964
1388210
1388248
1388343
1388576
1388722
1388775
1388857
1388982
1389095
1389285
1389405
1389519
1389536
1389367
1389153
1388876
1388680
1388440
1388267
1388018
1387901
1387741
1387665
1387585
1387314
1387197
1387068
1386929
1386747
1386662
1386533
1386456
1386376
1386244
1386157
1386083
1386039
1386047
1386008
1386019
1386080
1385991
1385851
1386026
1386059
1385966
1385939
1385974
1385924
1385911
1385922
1385902
1385946
1385888
1385929
1385899
1385866
1385854
1385875
1385966
1386010
1385941
1386053
1386133
1386342
1386373
1386508
1386655
1386779
1386895
1387047
1387182
1387379
1387513
1387628
1387790
1388023
1388123
1388331
1388487
1388628
1388803
1388977
1389083
1389282
1389352
1389499
1389496
1389463
1389294
1389023
1388875
1388695
1388539
1388387
1388281
1388107
1388013
1387937
1387823
1387641
1387543
1387364
1387265
1387166
1387046
1387006
1386863
1386829
1386714
1386611
1386601
1386645
1386690
1386569
1386595
1386654
1386625
1386657
1386698
1386585
1386674
1386585
1386647
1386640
1386660
1386698
1386672
1386654
1386660
1386625
1386699
1386636
1386683
1386729
1386723
1386776
1386920
1386927
1387027
1387193
1387307
1387487
1387596
1387814
1387992
1388090
1388299
1388413
1388537
1388757
1388898
1389046
1389213
1389377
1389545
1389679
1389863
1389961
1390117
1390257
1390312
1390355
1390246
1390051
1389879
1389677
1389514
1389310
1389207
1389110
1388928
1388915
1388883
1388754
1388564
1388552
1388420
1388269
1388136
1388077
1387986
1388013
1387909
1387819
1387845
1387800
1387863
1387796
1387797
1387728
1387832
1387871
1387904
1387892
1387917
1387879
1387972
1387922
1387875
1387824
1387917
1387945
1387943
1387892
1387888
1387961
1387905
1387934
1387977
1388068
1388187
1388202
1388337
1388470
1388547
1388740
1388930
1389033
1389241
1389342
1389519
1389669
1389858
1389930
1390214
1390345
1390471
1390668
1390750
1390957
1391006
1391093
1391307
1391465
1391523
1391680
1391762
1391819
1391723
1391512
1391385
1391055
1390950
1390841
1390766
1390638
1390538
1390449
1390279
1390232
1390041
1389982
1389811
1389687
1389631
1389595
1389437
1389327
1389328
1389175
1389182
1389130
1389107
1388966
1388689
1388576
1388302
1388226
1388103
1388085
1388098
1388106
1388146
1388111
1388187
1388265
1388276
1388438
1388475
1388501
1388619
1388707
1388760
1388840
1388991
1389095
1389206
1389274
1389374
1389572
1389658
1389812
1390025
1390166
1390359
1390444
1390685
1390830
1391081
1391215
1391455
1391633
1391827
1391927
1392048
1392136
1392090
1392077
1392001
1392091
1392297
1392357
1392413
1392364
1392345
1392190
1391919
1391719
1391495
1391285
1391151
1391038
1390920
1390835
1390855
1390612
1390621
1390587
1390491
1390458
1390437
1390317
1390342
1390264
1390293
1390140
1390110
1390105
1390179
1390164
1390220
1390121
1390046
1390060
1390023
1389974
1389962
1389781
1389681
1389680
1389648
1389547
1389468
1389416
1389293
1389348
1389271
1389329
1389218
1389259
1389304
1389353
1389408
1389580
1389667
1389744
1389788
1390000
1390203
1390443
1390516
1390731
1390850
1391018
1391146
1391312
1391427
1391547
1391787
1391966
1391985
1392152
1392329
1392356
1392516
1392528
1392642
1392737
1392815
1392886
1392950
1392763
1392519
1392431
1392123
1392000
1391760
1391657
1391366
1391269
1391139
1391098
1390848
1390737
1390499
1390405
1390258
1390172
1390087
1389970
1389840
1389831
1389690
1389599
1389604
1389649
1389619
1389601
1389686
1389712
1389556
1389715
1389586
1389539
1389572
1389426
1389435
1389336
1389360
1389297
1389173
1389169
1389167
1389175
1389057
1389093
1389078
1389169
1389196
1389179
1389333
1389440
1389460
1389577
1389675
1389874
1389878
1390087
1390254
1390350
1390507
1390647
1390801
1390952
1391088
1391248
1391353
1391350
1391533
1391486
1391562
1391707
1391737
1391906
1391994
1392034
1392080
1392268
1392205
1392290
1392283
1392171
1392077
1391997
1391896
1391649
1391550
1391397
1391258
1390984
1390861
1390670
1390399
1390256
1390037
1389935
1389814
1389647
1389595
1389477
1389432
1389363
1389384
1389223
1389326
1389257
1389179
1389128
1389061
1389039
1388979
1388941
1388934
1388887
1388856
1388697
1388643
1388607
1388675
1388627
1388681
1388581
1388564
1388527
1388484
1388571
1388656
1388714
1388783
1388943
1389073
1389186
1389405
1389549
1389718
1389851
1389996
1390168
1390328
1390357
1390576
1390804
1390841
1390974
1391057
1391118
1391250
1391361
1391450
1391610
1391669
1391830
1391817
1391745
1391568
1391397
1391136
1390890
1390637
1390451
1390162
1390046
1389804
1389563
1389462
1389271
1389021
1388932
1388761
1388544
1388436
1388360
1388215
1388184
1388089
1388006
1387845
1387841
1387827
1387827
1387778
1387695
1387725
1387683
1387678
1387619
1387657
1387677
1387551
1387500
1387533
1387382
1387378
1387278
1387248
1387269
1387213
1387221
1387189
1387227
1387254
1387305
1387434
1387511
1387527
1387650
1387652
1387947
1388100
1388163
1388344
1388407
1388559
1388689
1388800
1388896
1388959
1389094
1389178
1389206
1389364
1389468
1389468
1389441
1389614
1389536
1389645
1389785
1389840
1389808
1389778
1389636
1389322
1389070
1388851
1388610
1388404
1388108
1387986
1387858
1387695
1387424
1387217
1387035
1386798
1386680
1386621
1386434
1386410
1386238
1386167
1386084
1386019
1385996
1385944
1385992
1385944
1385934
1385789
1385698
1385655
1385551
1385483
1385391
1385252
1385218
1385203
1385132
1384951
1384846
1384829
1384659
1384702
1384738
1384610
1384584
1384668
1384766
1384782
1384900
1384971
1385028
1385196
1385280
1385404
1385577
1385722
1385842
1385904
1386050
1386110
1386191
1386374
1386542
1386550
1386679
1386723
1386796
1386914
1386920
1387068
1387148
1387327
1387308
1387170
1386938
1386674
1386456
1386197
1385917
1385548
1385353
1385177
1384949
1384702
1384544
1384335
1384199
1383980
1383768
1383681
1383504
1383452
1383398
1383284
1383113
1383088
1382998
1383042
1382919
1382961
1382959
1382887
1382849
1382853
1382781
1382781
1382718
1382701
1382714
1382638
1382564
1382520
1382508
1382522
1382425
1382432
1382410
1382444
1382412
1382428
1382402
1382510
1382601
1382723
1382815
1382853
1383101
1383157
1383235
1383413
1383558
1383782
1383849
1384002
1384191
1384313
1384585
1384626
1384747
1384897
1385021
1385133
1385239
1385312
1385456
1385554
1385476
1385373
1385146
1384922
1384730
1384335
1384075
1383897
1383659
1383395
1383295
1383122
1382844
1382612
1382518
1382224
1382125
1381903
1381793
1381825
1381706
1381465
1381365
1381302
1381227
1381282
1381285
1381226
1381203
1381247
1381175
1381258
1381075
1380977
1380964
1380963
1380805
1380750
1380742
1380685
1380609
1380670
1380546
1380563
1380528
1380576
1380489
1380523
1380484
1380541
1380641
1380744
1380779
1380920
1381131
1381266
1381394
1381499
1381717
1381713
1382002
1382149
1382365
1382496
1382649
1382818
1382953
1383037
1383230
1383391
1383569
1383622
1383753
1383767
1383640
1383471
1383224
1382992
1382703
1382467
1382220
1382028
1381799
1381665
1381457
1381343
1381110
1380984
1380815
1380666
1380539
1380452
1380319
1380251
1380142
1380150
1380014
1380023
1380047
1379992
1379947
1379881
1379834
1379802
1379739
1379703
1379678
1379590
1379596
1379589
1379620
1379557
1379562
1379474
1379509
1379484
1379479
1379418
1379426
1379460
1379409
1379539
1379546
1379655
1379630
1379674
1379883
1379993
1380063
1380157
1380266
1380364
1380481
1380705
1380797
1380967
1381130
1381376
1381504
1381584
1381790
1381922
1382113
1382116
1382293
1382166
1382069
1382039
1381727
1381518
1381301
1381089
1380946
1380763
1380606
1380429
1380255
1380051
1379998
1379826
1379711
1379576
1379447
1379359
1379166
1379232
1379150
1379039
1379003
1379035
1379031
1379054
1379036
1378964
1378903
1378907
1378768
1378765
1378649
1378664
1378631
1378522
1378508
1378546
1378499
1378491
1378397
1378386
1378380
1378337
1378252
1378189
1378240
1378301
1378324
1378380
1378421
1378432
1378494
1378644
1378762
1378786
1378983
1379137
1379152
1379321
1379434
1379542
1379717
1379878
1380079
1380174
1380325
1380423
1380594
1380723
1380786
1380946
1380856
1380810
1380681
1380518
1380350
1380091
1379900
1379702
1379481
1379216
1379080
1379001
1378760
1378702
1378504
1378394
1378333
1378182
1378132
1378077
1377952
1377935
1377775
1377775
1377660
1377702
1377639
1377666
1377545
1377546
1377547
1377431
1377442
1377328
1377287
1377322
1377304
1377234
1377158
1377096
1376961
1376928
1376915
1376919
1376876
1376834
1376774
1376787
1376765
1376854
1376789
1376850
1376781
1376893
1376864
1377023
1377117
1377174
1377347
1377425
1377636
1377727
1377829
1377994
1378128
1378332
1378425
1378582
1378840
1378929
1379073
1379142
1379245
1379369
1379508
1379593
1379563
1379428
1379210
1378999
1378853
1378656
1378400
1378148
1377990
1377839
1377666
1377436
1377271
1377168
1377123
1377016
1376878
1376814
1376799
1376631
1376457
1376440
1376389
1376395
1376377
1376415
1376406
1376382
1376360
1376320
1376252
1376227
1376235
1376021
1376103
1376070
1376037
1375853
1375870
1375849
1375843
1375799
1375742
1375759
1375698
1375742
1375733
1375797
1375764
1375729
1375785
1375881
1375825
1375876
1375879
1376016
1376030
1376152
1376172
1376151
1376210
1376326
1376373
1376510
1376583
1376707
1376777
1376991
1377107
1377310
1377513
1377568
1377864
1377959
1378027
1378011
1377911
1377989
1377711
1377581
1377313
1377049
1376802
1376546
1376443
1376298
1376190
1376047
1375887
1375825
1375720
1375697
1375526
1375568
1375603
1375373
1375352
1375271
1375275
1375284
1375279
1375241
1375240
1375215
1375181
1375106
1375122
1375042
1375030
1375035
1374949
1374967
1374837
1374822
1374819
1374686
1374675
1374620
1374682
1374742
1374649
1374648
1374699
1374716
1374689
1374705
1374776
1374793
1374948
1374919
1374967
1374993
1375137
1375176
1375247
1375254
1375360
1375491
1375646
1375710
1375820
1376041
1376181
1376295
1376491
1376621
1376834
1376942
1377100
1377254
1377342
1377359
1377208
1376998
1376878
1376611
1376286
1376073
1375883
1375686
1375490
1375355
1375253
1375156
1374985
1374911
1374812
1374672
1374627
1374485
1374448
1374297
1374302
1374197
1374152
1374146
1374210
1374140
1374167
1374174
1374148
1374134
1374096
1374135
1374033
1373978
1373922
1373902
1373760
1373792
1373741
1373742
1373760
1373756
1373743
1373804
1373782
1373793
1373748
1373830
1373949
1373940
1374015
1374024
1374093
1374172
1374161
1374292
1374342
1374445
1374491
1374603
1374804
1374940
1375017
1375171
1375340
1375540
1375696
1375837
1375985
1376199
1376266
1376423
1376560
1376598
1376650
1376598
1376406
1376163
1375940
1375661
1375428
1375193
1374979
1374778
1374678
1374546
1374352
1374306
1374179
1374095
1374005
1373908
1373850
1373744
1373773
1373680
1373632
1373550
1373502
1373428
1373504
1373571
1373508
1373515
1373532
1373480
1373442
1373441
1373402
1373390
1373304
1373317
1373247
1373243
1373182
1373203
1373100
1373135
1373130
1373109
1373086
1373183
1373263
1373177
1373291
1373324
1373371
1373355
1373391
1373343
1373550
1373626
1373697
1373868
1373924
1374067
1374248
1374342
1374441
1374600
1374781
1374959
1375043
1375211
1375394
1375593
1375586
1375496
1375318
1375115
1374861
1374671
1374433
1374184
1373987
1373723
1373645
1373434
1373290
1373185
1373048
1373053
1372986
1372804
1372758
1372753
1372698
1372665
1372532
1372481
1372433
1372430
1372484
1372467
1372503
1372542
1372544
1372483
1372503
1372499
1372471
1372471
1372291
1372364
1372305
1372337
1372321
1372315
1372255
1372321
1372353
1372502
1372499
1372502
1372564
1372649
1372607
1372678
1372834
1372815
1372961
1373029
1373226
1373328
1373479
1373740
1373868
1374095
1374298
1374368
1374720
1374862
1375018
1375226
1375400
1375599
1375776
1375825
1375944
1375706
1375618
1375300
1375016
1374769
1374500
1374264
1374098
1373937
1373806
1373717
1373566
1373568
1373470
1373457
1373329
1373306
1373313
1373350
1373267
1373231
1373217
1373257
1373263
1373205
1373301
1373292
1373215
1373149
1373173
1373229
1373153
1373136
1373002
1373126
1372999
1373030
1372931
1372984
1372996
1373036
1373025
1373013
1373037
1373103
1373096
1373053
1373144
1373281
1373404
1373506
1373532
1373686
1373736
1373941
1374051
1374218
1374326
1374537
1374718
1374886
1375056
1375203
1375425
1375633
1375809
1375962
1376006
1376079
1375931
1375853
1375606
1375358
1375027
1374855
1374665
1374545
1374403
1374273
1374198
1374040
1374014
1373953
1373815
1373843
1373776
1373714
1373661
1373664
1373697
1373568
1373632
1373683
1373807
1373942
1373939
1374017
1374036
1374067
1374047
1374021
1373901
1373884
1373785
1373809
1373765
1373689
1373634
1373643
1373646
1373582
1373514
1373548
1373638
1373739
1373736
1373843
1373808
1373941
1373919
1374057
1374160
1374360
1374507
1374751
1374953
1375130
1375375
1375622
1375817
1376052
1376271
1376500
1376667
1376911
1377108
1377241
1377113
1377113
1376910
1376770
1376572
1376310
1376071
1375926
1375787
1375670
1375600
1375536
1375418
1375393
1375337
1375291
1375360
1375284
1375299
1375323
1375277
1375304
1375309
1375254
1375342
1375329
1375444
1375443
1375412
1375517
1375397
1375423
1375365
1375357
1375346
1375365
1375336
1375362
1375281
1375350
1375318
1375467
1375509
1375387
1375518
1375549
1375524
1375582
1375683
1375727
1375943
1376018
1376188
1376334
1376475
1376688
1376800
1376925
1377129
1377437
1377623
1377700
1377842
1378037
1378070
1377990
1377806
1377469
1377070
1376632
1376140
1375563
1375090
1374624
1374309
1374089
1373787
1373606
1373477
1373450
1373432
1373389
1373311
1373245
1373285
1373298
1373248
1373158
1373050
1373053
1373040
1372973
1373001
1372944
1372961
1372938
1372828
1372817
1372920
1372813
1372701
1372692
1372616
1372504
1372480
1372306
1372366
1372262
1372156
1372089
1372089
1372091
1372063
1372137
1372134
1372150
1372081
1372079
1372107
1372170
1372166
1372246
1372354
1372521
1372617
1372668
1372910
1373149
1373196
1373356
1373561
1373668
1373811
1373810
1373828
1373700
1373519
1373188
1372982
1372625
1372432
1372273
1371977
1371851
1371703
1371545
1371543
1371499
1371390
1371403
1371278
1371211
1371236
1371216
1371176
1371184
1371121
1371126
1371121
1371055
1371085
1371118
1370995
1370998
1370980
1370966
1370792
1370725
1370544
1370448
1370436
1370345
1370324
1370186
1370195
1370105
1370014
1370027
1369942
1369922
1369831
1369807
1369755
1369729
1369705
1369745
1369757
1369786
1369657
1369845
1369791
1369872
1369807
1369784
1369773
1369847
1369897
1369849
1369807
1369841
1369744
1369644
1369452
1369241
1368934
1368707
1368527
1368266
1368142
1368018
1367925
1367768
1367636
1367698
1367535
1367558
1367410
1367300
1367173
1367145
1367089
1366962
1366966
1366911
1366949
1366798
1366787
1366808
1366742
1366853
1366887
1366855
1366709
1366687
1366679
1366626
1366653
1366555
1366576
1366513
1366486
1366433
1366615
1366449
1366522
1366564
1366547
1366518
1366643
1366632
1366597
1366621
1366598
1366595
1366665
1366692
1366912
1366819
1366929
1367024
1367125
1367250
1367363
1367434
1367575
1367655
1367648
1367620
1367500
1367391
1367232
1366968
1366730
1366557
1366358
1366265
1366243
1366150
1366071
1366080
1366065
1366005
1365999
1365932
1365884
1365885
1365895
1365787
1365802
1365874
1365859
1365887
1365849
1365892
1365880
1365815
1365813
1365832
1365791
1365775
1365841
1365802
1365760
1365803
1365759
1365772
1365828
1365768
1365896
1365943
1366086
1366031
1366025
1366034
1366141
1366105
1366095
1366220
1366227
1366312
1366390
1366357
1366450
1366526
1366573
1366682
1366729
1366729
1366869
1366966
1367114
1367284
1367341
1367445
1367469
1367380
1367201
1367112
1366860
1366623
1366423
1366156
1365934
1365872
1365697
1365680
1365676
1365598
1365700
1365621
1365668
1365608
1365555
1365423
1365486
1365510
1365521
1365521
1365536
1365596
1365554
1365518
1365606
1365548
1365538
1365497
1365423
1365463
1365416
1365399
1365361
1365397
1365430
1365374
1365325
1365350
1365382
1365359
1365419
1365493
1365564
1365664
1365563
1365617
1365745
1365851
1365852
1365911
1365957
1366022
1366167
1366215
1366207
1366378
1366392
1366404
1366440
1366545
1366712
1366764
1366837
1366904
1366847
1366790
1366559
1366381
1366283
1366088
1365878
1365704
1365672
1365544
1365560
1365513
1365530
1365492
1365509
1365400
1365440
1365404
1365485
1365464
1365524
1365545
1365669
1365723
1365686
1365722
1365776
1365865
1365852
1365781
1365863
1365855
1365804
1365810
1365854
1365868
1365829
1365896
1365933
1365962
1366003
1366073
1366120
1366121
1366112
1366226
1366278
1366409
1366438
1366473
1366644
1366593
1366752
1366844
1366900
1367114
1367244
1367456
1367560
1367756
1368033
1368229
1368527
1368732
1368842
1368968
1369156
1369331
1369286
1369179
1369024
1368833
1368582
1368494
1368266
1368092
1367992
1367886
1367882
1367912
1367820
1367839
1367813
1367829
1367849
1367948
1367974
1368044
1368065
1368130
1368218
1368246
1368240
1368365
1368445
1368529
1368469
1368429
1368455
1368433
1368384
1368382
1368408
1368408
1368411
1368461
1368529
1368524
1368613
1368663
1368692
1368753
1368784
1368859
1368949
1368975
1368985
1369036
1369106
1369026
1369133
1369219
1369396
1369535
1369694
1369861
1370085
1370165
1370289
1370530
1370686
1370774
1371017
1371198
1371293
1371384
1371408
1371313
1371054
1370961
1370745
1370577
1370263
1370164
1370033
1370012
1369808
1369747
1369793
1369621
1369683
1369704
1369603
1369575
1369561
1369653
1369596
1369680
1369680
1369659
1369746
1369819
1369823
1369895
1369860
1369918
1369888
1369865
1369883
1369848
1369804
1369786
1369805
1369808
1369770
1369814
1369846
1369828
1369883
1370060
1369972
1370043
1370102
1370089
1370134
1370317
1370300
1370480
1370546
1370670
1370868
1371120
1371272
1371450
1371653
1371829
1372077
1372258
1372446
1372725
1372831
1373001
1373114
1373181
1373081
1372923
1372738
1372642
1372557
1372297
1372089
1371951
1371887
1371849
1371790
1371690
1371639
1371651
1371621
1371639
1371566
1371597
1371680
1371667
1371699
1371734
1371681
1371726
1371758
1371772
1371751
1371729
1371759
1371782
1371845
1371835
1371809
1371876
1371874
1371976
1371877
1371919
1371927
1371952
1371988
1372018
1372175
1372143
1372179
1372288
1372340
1372435
1372509
1372741
1372846
1373098
1373301
1373494
1373603
1373836
1374042
1374217
1374434
1374673
1374817
1375115
1375264
1375397
1375562
1375462
1375356
1375279
1374988
1374869
1374691
1374534
1374306
1374218
1374118
1374077
1374037
1374027
1373972
1374026
1373949
1373971
1373988
1374018
1373997
1373995
1373963
1374082
1374114
1374026
1374093
1374089
1374235
1374168
1374211
1374155
1374108
1374219
1374071
1374100
1374217
1374230
1374274
1374211
1374077
1374221
1374106
1373992
1374106
1374130
1374110
1374274
1374273
1374322
1374332
1374353
1374503
1374564
1374546
1374775
1374831
1375023
1375165
1375195
1375347
1375362
1375532
1375785
1375766
1375867
1375595
1375602
1375442
1375139
1375000
1374856
1374647
1374557
1374542
1374492
1374428
1374393
1374384
1374297
1374348
1374275
1374386
1374397
1374394
1374357
1374378
1374378
1374412
1374426
1374476
1374476
1374513
1374454
1374448
1374362
1374350
1374284
1374318
1374255
1374287
1374295
1374317
1374268
1374315
1374306
1374198
1374353
1374261
1374385
1374408
1374449
1374526
1374567
1374629
1374772
1374887
1375020
1375124
1375398
1375458
1375643
1375821
1376031
1376266
1376339
1376455
1376484
1376361
1376124
1375914
1375758
1375556
1375379
1375268
1375079
1374957
1374923
1374858
1374857
1374803
1374796
1374755
1374718
1374645
1374601
1374633
1374627
1374679
1374724
1374714
1374752
1374784
1374694
1374663
1374509
1374552
1374390
1374373
1374430
1374380
1374378
1374314
1374334
1374247
1374199
1374284
1374156
1374203
1374138
1374213
1374193
1374194
1374279
1374297
1374399
1374522
1374596
1374596
1374701
1374870
1374911
1375031
1375121
1375134
1375291
1375488
1375636
1375796
1376081
1376101
1376125
1376042
1375835
1375520
1375213
1375074
1374698
1374515
1374435
1374305
1374227
1374053
1374069
1373919
1373909
1373923
1373959
1373893
1373904
1373871
1373738
1373682
1373664
1373619
1373543
1373813
1373826
1373900
1373879
1373901
1373895
1373969
1373962
1373863
1373911
1373945
1373887
1373821
1373729
1373667
1373628
1373444
1373388
1373350
1373512
1373416
1373412
1373378
1373282
1373245
1373398
1373424
1373520
1373609
1373758
1373833
1373805
1373939
1373989
1373998
1374102
1374058
1373970
1373752
1373565
1373447
1373064
1372850
1372875
1372658
1372465
1372400
1372334
1372337
1372254
1372214
1372141
1372085
1372077
1372020
1371873
1371926
1372022
1371976
1371983
1371999
1371980
1371836
1371905
1371921
1371944
1371962
1371967
1371943
1372041
1372073
1372011
1372063
1372082
1372154
1372279
1372318
1372309
1372388
1372356
1372409
1372477
1372534
1372571
1372579
1372625
1372606
1372750
1372779
1372892
1372951
1373035
1373129
1373340
1373353
1373401
1373483
1373541
1373598
1373531
1373428
1373180
1373030
1372876
1372530
1372378
1372215
1372015
1371939
1372015
1371858
1371819
1371841
1371857
1371871
1371769
1371704
1371780
1371752
1371696
1371795
1371793
1371711
1371737
1371629
1371590
1371353
1371213
1371119
1370958
1370743
1370443
1370233
1370126
1370137
1370141
1370066
1370067
1370070
1370052
1370271
1370391
1370571
1370621
1370656
1370658
1370751
1370773
1370884
1371005
1371089
1371245
1371437
1371558
1371721
1371978
1372028
1372126
1372301
1372417
1372527
1372679
1372919
1372987
1373095
1373019
1372782
1372608
1372209
1371968
1371781
1371596
1371569
1371397
1371278
1371058
1371058
1370918
1370881
1370827
1370873
1370721
1370730
1370647
1370498
1370477
1370404
1370428
1370482
1370482
1370523
1370577
1370423
1370489
1370419
1370412
1370423
1370439
1370410
1370412
1370230
1370223
1370142
1370095
1370047
1370003
1369874
1369990
1369957
1369914
1369900
1369920
1369902
1369947
1370114
1370051
1370154
1370056
1370045
1370151
1370066
1370203
1370234
1370405
1370440
1370573
1370641
1370643
1370758
1370910
1370924
1370962
1370845
1370606
1370488
1370171
1369936
1369806
1369627
1369525
1369450
1369296
1369213
1369164
1369103
1369068
1368958
1368949
1368874
1368790
1368611
1368518
1368462
1368425
1368333
1368354
1368418
1368405
1368446
1368429
1368544
1368561
1368532
1368498
1368394
1368362
1368268
1368123
1368122
1368007
1367968
1368047
1368084
1368162
1368162
1368150
1368258
1368337
1368240
1368379
1368533
1368592
1368478
1368500
1368518
1368518
1368626
1368678
1368803
1368799
1368893
1368929
1368933
1369013
1368982
1369100
1369220
1369255
1369310
1369405
1369429
1369380
1369276
1369317
1369199
1368997
1368820
1368642
1368556
1368387
1368440
1368435
1368321
1368196
1368133
1368019
1367908
1367863
1367706
1367666
1367668
1367575
1367488
1367522
1367457
1367479
1367533
1367606
1367587
1367583
1367566
1367589
1367555
1367609
1367598
1367519
1367413
1367398
1367507
1367505
1367591
1367618
1367580
1367608
1367640
1367633
1367805
1367885
1367959
1368059
1368109
1368172
1368332
1368424
1368442
1368643
1368673
1368692
1368742
1368923
1368959
1369127
1369201
1369303
1369342
1369501
1369559
1369709
1369837
1369882
1369853
1369846
1369654
1369484
1369323
1369184
1369000
1368861
1368851
1368841
1368845
1368813
1368760
1368856
1368866
1368829
1368883
1368833
1368805
1368854
1368902
1368939
1368909
1369075
1369077
1369180
1369188
1369138
1369018
1369028
1368953
1368859
1368902
1368858
1368832
1368938
1368880
1368997
1369033
1369050
1369165
1369241
1369352
1369411
1369514
1369612
1369752
1369675
1369806
1369945
1369965
1370032
1370199
1370260
1370400
1370389
1370408
1370554
1370717
1370758
1370845
1371143
1371306
1371478
1371750
1371850
1372038
1372142
1372310
1372385
1372419
1372288
1372178
1371978
1371811
1371658
1371350
1371199
1371085
1371081
1370976
1370907
1370944
1370963
1370934
1370902
1370915
1370876
1370890
1371042
1371037
1371212
1371337
1371304
1371442
1371520
1371541
1371520
1371544
1371447
1371529
1371708
1371712
1371863
1371872
1371850
1371912
1372115
1372188
1372322
1372493
1372725
1372785
1373021
1373070
1373248
1373465
1373748
1374415
1375437
1376465
1377488
1378372
1379212
1379998
1380623
1381026
1381557
1381931
1382335
1382698
1383195
1383795
1384168
1384674
1385059
1385464
1385740
1386240
1386636
1387137
1387554
1387836
1388058
1388284
1388354
1388456
1388659
1388874
1389222
1389525
1389933
1390294
1390608
1390800
1390958
1391215
1391438
1391756
1391938
1392127
1392377
1392682
1392814
1393004
1393268
1393463
1393574
1393619
1393783
1393826
1394084
1394244
1394474
1394565
1394782
1395034
1395339
1395494
1395807
1396026
1396288
1396385
1396469
1396634
1396746
1396921
1396954
1397125
1397212
1397276
1397494
1397642
1397821
1398070
1398271
1398465
1398792
1398940
1399112
1399374
1399637
1399762
1400051
1400260
1400454
1400675
1400821
1400827
1400705
1400638
1400416
1400307
1400167
1400124
1400102
1400080
1400104
1400146
1400186
1400298
1400368
1400442
1400511
1400538
1400487
1400524
1400568
1400514
1400638
1400732
1400840
1400759
1400842
1400857
1400779
1400967
1400961
1401011
1401129
1401139
1401317
1401270
1401378
1401368
1401372
1401471
1401480
1401482
1401586
1401498
1401606
1401625
1401647
1401712
1401770
1401876
1401994
1402117
1401991
1402234
1402363
1402422
1402608
1402696
1402870
1403174
1403343
1403607
1403752
1403857
1403873
1403869
1403686
1403567
1403377
1403228
1402985
1402725
1402626
1402497
1402460
1402461
1402513
1402601
1402690
1402711
1402814
1402735
1402854
1402909
1402912
1402952
1403167
1403114
1403014
1403076
1403120
1403142
1403147
1403213
1403114
1403141
1403132
1403178
1403282
1403262
1403213
1403235
1403104
1403060
1403045
1403041
1403131
1403307
1403196
1403117
1403003
1402868
1403022
1402908
1403006
1403047
1403217
1403407
1403487
1403604
1403682
1403900
1404191
1404423
1404625
1404867
1405230
1405327
1405442
1405444
1405350
1405257
1405262
1405131
1404965
1404835
1404718
1404739
1404675
1404614
1404587
1404697
1404630
1404625
1404474
1404457
1404480
1404439
1404406
1404551
1404446
1404574
1404522
1404539
1404534
1404541
1404516
1404509
1404552
1404583
1404618
1404636
1404575
1404614
1404575
1404597
1404672
1404679
1404751
1404721
1404762
1404765
1404810
1404928
1404991
1405050
1405185
1405278
1405377
1405447
1405576
1405740
1405877
1406055
1406351
1406432
1406666
1406890
1406964
1407036
1407114
1407031
1406722
1406396
1406327
1406139
1406054
1405870
1405890
1405872
1405774
1405680
1405467
1405312
1405217
1405240
1405189
1405100
1404998
1405028
1404875
1404950
1405003
1405016
1405130
1405150
1405257
1405252
1405181
1405156
1405187
1405130
1405176
1405142
1405338
1405368
1405303
1405352
1405406
1405561
1405359
1405363
1405447
1405411
1405458
1405494
1405507
1405639
1405654
1405622
1405602
1405622
1405631
1405659
1405643
1405667
1405694
1405781
1405891
1406147
1406254
1406274
1406194
1405978
1405944
1405716
1405572
1405504
1405385
1405222
1405238
1405114
1405166
1405282
1405417
1405514
1405502
1405473
1405452
1405404
1405329
1405354
1405456
1405551
1405569
1405417
1405413
1405202
1405373
1405343
1405202
1405318
1405479
1405442
1405527
1405568
1405563
1405619
1405676
1405802
1405921
1406008
1405947
1406025
1405946
1406002
1406137
1406580
1406743
1406652
1406639
1406730
1406727
1406732
1406749
1406904
1406961
1406985
1407169
1407273
1407508
1407834
1407909
1408160
1408238
1408419
1408394
1408336
1408184
1408201
1408253
1408086
1408020
1407952
1407907
1407723
1407713
1407884
1407894
1407817
1407866
1407778
1407728
1407642
1407581
1407615
1407605
1407677
1407877
1408025
1407970
1408023
1408075
1408102
1408023
1408041
1408149
1408161
1408202
1408239
1408197
1408191
1408289
1408383
1408485
1408631
1408709
1408778
1408647
1408461
1408223
1408023
1407931
1407969
1407808
1407825
1407838
1407988
1408176
1408339
1408422
1408550
1408594
1408651
1408482
1408352
1408314
1408224
1408191
1408148
1408177
1408132
1408139
1408092
1408132
1408182
1408113
1407940
1407873
1407578
1407415
1407252
1407183
1407031
1407172
1407232
1407125
1407220
1407315
1407322
1407228
1407372
1407334
1407117
1407064
1407067
1407015
1406860
1406922
1406944
1406794
1406767
1406775
1406845
1406822
1406816
1406820
1406836
1406888
1406817
1406809
1406747
1406844
1406785
1406803
1406915
1407057
1406954
1407030
1407169
1407243
1407364
1407444
1407597
1407781
1407842
1407862
1407997
1408089
1408149
1408287
1408406
1408353
1408373
1408378
1408366
1408451
1408454
1408561
1408620
1408649
1408585
1408598
1408481
1408288
1408202
1407854
1407605
1407403
1407259
1407217
1407134
1407212
1407214
1407142
1407150
1407179
1407102
1407108
1407201
1407198
1407164
1407267
1407125
1407150
1407260
1407254
1407272
1407323
1407417
1407393
1407318
1407257
1407317
1407284
1407253
1407308
1407346
1407414
1407396
1407493
1407619
1407705
1407789
1407881
1407966
1408084
1408176
1408218
1408257
1408155
1408167
1408162
1408263
1408462
1408587
1408959
1409218
1409360
1409468
1409745
1409980
1410212
1410350
1410394
1410466
1410501
1410586
1410650
1410627
1410729
1410700
1410675
1410453
1410223
1410045
1409929
1409863
1409924
1409923
1409856
1409698
1409483
1409034
1408838
1408580
1408254
1408039
1407717
1407329
1407123
1406784
1406550
1406442
1406253
1406030
1405821
1405640
1405248
1405059
1405028
1404938
1404940
1404893
1404810
1404725
1404669
1404533
1404513
1404560
1404533
1404360
1404313
1404145
1404097
1404178
1404091
1404141
1404072
1404046
1404017
1404089
1404112
1404062
1404176
1404118
1404213
1404175
1404265
1404316
1404450
1404597
1404649
1404772
1404774
1404718
1404765
1404765
