1399830
1399783
1399870
1399949
1400035
1400046
1400100
1400147
1400299
1400379
1400432
1400492
1400526
1400278
1400101
1399659
1399404
1399146
1398889
1398707
1398536
1398375
1398231
1398097
1398039
1397875
1397853
1397765
1397708
1397608
1397600
1397436
1397455
1397366
1397381
1397345
1397356
1397394
1397317
1397402
1397460
1397382
1397497
1397471
1397510
1397460
1397426
1397536
1397469
1397479
1397525
1397465
1397465
1397411
1397344
1397353
1397283
1397212
1397305
1397369
1397315
1397324
1397356
1397329
1397350
1397479
1397485
1397513
1397590
1397696
1397765
1397815
1397881
1397943
1398111
1398275
1398286
1398370
1398466
1398425
1398295
1398159
1397740
1397520
1397221
1397024
1396877
1396719
1396580
1396494
1396364
1396213
1396070
1395976
1395892
1395786
1395697
1395716
1395613
1395690
1395578
1395607
1395566
1395581
1395576
1395704
1395705
1395679
1395739
1395772
1395746
1395677
1395732
1395719
1395855
1395806
1395838
1395735
1395812
1395650
1395584
1395560
1395525
1395541
1395502
1395494
1395531
1395630
1395578
1395681
1395606
1395685
1395675
1395751
1395708
1395740
1395831
1395853
1395972
1396101
1396177
1396288
1396408
1396494
1396623
1396665
1396741
1396679
1396653
1396514
1396318
1396009
1395872
1395597
1395489
1395385
1395176
1395082
1394999
1394883
1394753
1394667
1394595
1394502
1394497
1394496
1394353
1394261
1394314
1394271
1394279
1394238
1394282
1394354
1394233
1394274
1394253
1394358
1394400
1394381
1394385
1394381
1394363
1394410
1394418
1394380
1394359
1394269
1394271
1394246
1394166
1394212
1394124
1394200
1394232
1394248
1394322
1394342
1394358
1394452
1394372
1394465
1394525
1394536
1394517
1394614
1394651
1394790
1394830
1394984
1395034
1395236
1395319
1395408
1395468
1395487
1395641
1395686
1395704
1395573
1395288
1395027
1394920
1394696
1394396
1394364
1394216
1394223
1394052
1393978
1393825
1393781
1393599
1393519
1393453
1393472
1393530
1393436
1393400
1393418
1393446
1393455
1393481
1393531
1393613
1393661
1393707
1393824
1393713
1393779
1393762
1393903
1393951
1393979
1394048
1394009
1393995
1393935
1393924
1393925
1393880
1393945
1393947
1393931
1394012
1394054
1394093
1394064
1394164
1394258
1394280
1394326
1394381
1394473
1394517
1394637
1394639
1394749
1394705
1394861
1394992
1395073
1395201
1395342
1395422
1395551
1395615
1395677
1395753
1395801
1395831
1395651
1395602
1395319
1395055
1394868
1394795
1394566
1394509
1394541
1394486
1394362
1394334
1394228
1394187
1394132
1394145
1394170
1394180
1394164
1394228
1394267
1394230
1394393
1394366
1394412
1394533
1394524
1394566
1394689
1394707
1394728
1394809
1394769
1394776
1394756
1394836
1394770
1394865
1394854
1394787
1394729
1394719
1394664
1394703
1394677
1394692
1394744
1394796
1394858
1394904
1394962
1394967
1395012
1395128
1395200
1395263
1395322
1395430
1395529
1395638
1395772
1395827
1395913
1396038
1396156
1396352
1396390
1396555
1396635
1396581
1396464
1396244
1396057
1395884
1395727
1395534
1395467
1395393
1395375
1395335
1395279
1395143
1395132
1394991
1394938
1394922
1394919
1394931
1394964
1394944
1395043
1395025
1395038
1395048
1395081
1395200
1395188
1395296
1395394
1395411
1395369
1395421
1395440
1395482
1395531
1395518
1395627
1395716
1395724
1395715
1395820
1395803
1395864
1395816
1395865
1395831
1395892
1395808
1395840
1395881
1395963
1395936
1396021
1395921
1395949
1395949
1396017
1396003
1396061
1396181
1396241
1396321
1396369
1396455
1396524
1396734
1396829
1396878
1396989
1397180
1397061
1397012
1396862
1396760
1396471
1396274
1396100
1396035
1395786
1395715
1395779
1395797
1395694
1395632
1395536
1395506
1395480
1395432
1395423
1395508
1395481
1395528
1395525
1395560
1395445
1395511
1395466
1395498
1395493
1395557
1395564
1395643
1395618
1395604
1395623
1395559
1395600
1395719
1395655
1395601
1395582
1395534
1395488
1395433
1395350
1395436
1395314
1395310
1395363
1395347
1395341
1395317
1395339
1395360
1395338
1395424
1395478
1395526
1395530
1395567
1395648
1395659
1395757
1395855
1395930
1396050
1396163
1396307
1396452
1396618
1396762
1397077
1397252
1397479
1397753
1397930
1398200
1398298
1398203
1397995
1397824
1397621
1397518
1397368
1397279
1397283
1397253
1397175
1397085
1397095
1397050
1397024
1396910
1396889
1396929
1396980
1397053
1397113
1397191
1397176
1397176
1397132
1397312
1397394
1397446
1397460
1397482
1397521
1397497
1397583
1397568
1397607
1397628
1397641
1397698
1397545
1397462
1397502
1397489
1397570
1397547
1397461
1397461
1397481
1397371
1397499
1397530
1397590
1397625
1397684
1397700
1397786
1397875
1397952
1398044
1398144
1398124
1398268
1398336
1398364
1398410
1398374
1398520
1398515
1398615
1398753
1398920
1398907
1398946
1399101
1399162
1399231
1399272
1399347
1399313
1399283
1399172
1398867
1398689
1398439
1398313
1398168
1398003
1398003
1397887
1397968
1397805
1397787
1397708
1397795
1397652
1397658
1397660
1397667
1397702
1397728
1397785
1397784
1397885
1397879
1397891
1397915
1398045
1398107
1398060
1398144
1398228
1398311
1398166
1398314
1398328
1398335
1398401
1398490
1398453
1398465
1398481
1398546
1398526
1398576
1398636
1398668
1398685
1398837
1398941
1398925
1399042
1399146
1399224
1399272
1399323
1399430
1399461
1399590
1399632
1399771
1399851
1399978
1399994
1400177
1400220
1400286
1400447
1400516
1400676
1400740
1400865
1400843
1400839
1400840
1400684
1400511
1400297
1400065
1399988
1399806
1399743
1399576
1399541
1399566
1399470
1399475
1399343
1399373
1399280
1399366
1399339
1399425
1399431
1399499
1399636
1399602
1399612
1399698
1399785
1399878
1399949
1399973
1400048
1400115
1400099
1400198
1400193
1400224
1400253
1400285
1400278
1400236
1400228
1400145
1400215
1400220
1400214
1400246
1400231
1400273
1400329
1400342
1400413
1400501
1400587
1400572
1400722
1400691
1400757
1400913
1400974
1401020
1401128
1401185
1401334
1401348
1401495
1401624
1401689
1401773
1401882
1401927
1402072
1402162
1402256
1402150
1402127
1401926
1401761
1401541
1401276
1401087
1400885
1400776
1400608
1400515
1400346
1400285
1400140
1400127
1400060
1400021
1399922
1399936
1399908
1399832
1399856
1399972
1399969
1400046
1400034
1399986
1400036
1400053
1400036
1400104
1400157
1400234
1400235
1400215
1400295
1400341
1400327
1400272
1400239
1400227
1400128
1400070
1400046
1400016
1399954
1399955
1399942
1400024
1400020
1399980
1400021
1400072
1400056
1400212
1400211
1400180
1400235
1400275
1400288
1400396
1400372
1400444
1400529
1400547
1400674
1400837
1400865
1400964
1401118
1401171
1401203
1401438
1401410
1401476
1401498
1401421
1401217
1401015
1400830
1400525
1400312
1400151
1400005
1399904
1399797
1399697
1399660
1399499
1399450
1399378
1399355
1399322
1399224
1399245
1399119
1399077
1399070
1398907
1398927
1398863
1398777
1398787
1398751
1398709
1398835
1398847
1398756
1398837
1398931
1398827
1398784
1398770
1398752
1398785
1398754
1398784
1398736
1398664
1398657
1398679
1398614
1398610
1398659
1398687
1398782
1398931
1399116
1399180
1399294
1399360
1399486
1399489
1399567
1399657
1399829
1399872
1399993
1399978
1400090
1400273
1400291
1400504
1400592
1400677
1400839
1401000
1401102
1401295
1401265
1401260
1401232
1401148
1400945
1400679
1400499
1400281
1400086
1399897
1399799
1399631
1399616
1399558
1399400
1399447
1399296
1399286
1399244
1399174
1399208
1399210
1399266
1399260
1399209
1399259
1399379
1399346
1399480
1399607
1399641
1399702
1399651
1399716
1399733
1399742
1399834
1399870
1399901
1399973
1399947
1400039
1399998
1399945
1399856
1399886
1399908
1399887
1399864
1399942
1399944
1399932
1400039
1400111
1400162
1400231
1400304
1400260
1400351
1400372
1400429
1400557
1400630
1400695
1400758
1400936
1401031
1401205
1401270
1401343
1401417
1401497
1401636
1401772
1401867
1401916
1401815
1401740
1401652
1401478
1401225
1400966
1400730
1400655
1400479
1400332
1400185
1400094
1400000
1399877
1399808
1399796
1399706
1399777
1399756
1399828
1399812
1399771
1399723
1399683
1399706
1399780
1399821
1399879
1399887
1399902
1400044
1399938
1399978
1400125
1400182
1400127
1400156
1400252
1400271
1400225
1400314
1400186
1400236
1400201
1400152
1400186
1400137
1400218
1400191
1400357
1400305
1400377
1400481
1400553
1400602
1400571
1400619
1400720
1400748
1400712
1400847
1400983
1401048
1401168
1401199
1401410
1401385
1401448
1401651
1401732
1401841
1401903
1401942
1401808
1401686
1401500
1401190
1400940
1400724
1400542
1400375
1400236
1400058
1399912
1399829
1399675
1399629
1399566
1399600
1399529
1399631
1399502
1399473
1399600
1399586
1399432
1399587
1399572
1399619
1399619
1399670
1399764
1399745
1399767
1399800
1399781
1399860
1399867
1399846
1399845
1399817
1399897
1399900
1399842
1399805
1399752
1399762
1399691
1399775
1399709
1399685
1399694
1399801
1399861
1399864
1399950
1400035
1400019
1400051
1400024
1400087
1400118
1400259
1400338
1400386
1400486
1400556
1400597
1400650
1400819
1400895
1401040
1401134
1401107
1401130
1401013
1400901
1400584
1400336
1400064
1399861
1399646
1399509
1399363
1399187
1399095
1399012
1398901
1398735
1398737
1398602
1398588
1398523
1398477
1398563
1398519
1398574
1398523
1398560
1398562
1398577
1398697
1398683
1398745
1398772
1398835
1398926
1398942
1398947
1398989
1398955
1398997
1398941
1398995
1398997
1398968
1398872
1398955
1398893
1398788
1398845
1398876
1399028
1399025
1399106
1399113
1399170
1399197
1399146
1399281
1399275
1399386
1399569
1399613
1399640
1399792
1399817
1399917
1400065
1400232
1400266
1400326
1400324
1400206
1400074
1399939
1399738
1399406
1399248
1398992
1398885
1398642
1398647
1398481
1398395
1398195
1398111
1397975
1398039
1397927
1397905
1398023
1397883
1397890
1397866
1397977
1397996
1398035
1398088
1398019
1398170
1398228
1398232
1398305
1398339
1398310
1398288
1398320
1398232
1398230
1398185
1398153
1398156
1398062
1398028
1398006
1398049
1398193
1398058
1398167
1398178
1398122
1398166
1398165
1398148
1398209
1398277
1398262
1398276
1398351
1398425
1398561
1398652
1398761
1398855
1398949
1399014
1398972
1399033
1398956
1398689
1398409
1398148
1397818
1397570
1397364
1397187
1397038
1396861
1396749
1396527
1396429
1396406
1396156
1396095
1396098
1396033
1395905
1395834
1395782
1395680
1395718
1395607
1395690
1395682
1395681
1395731
1395732
1395796
1395698
1395671
1395629
1395655
1395567
1395490
1395549
1395438
1395446
1395433
1395363
1395348
1395296
1395247
1395106
1395122
1395129
1395074
1395118
1395115
1395170
1395160
1395085
1395163
1395171
1395127
1395168
1395208
1395233
1395337
1395447
1395505
1395565
1395575
1395761
1395771
1395717
1395621
1395406
1395214
1394936
1394696
1394439
1394198
1393940
1393697
1393606
1393404
1393315
1393025
1392882
1392778
1392548
1392450
1392385
1392249
1392263
1392115
1391967
1391926
1391867
1391776
1391751
1391799
1391777
1391718
1391827
1391714
1391712
1391718
1391696
1391711
1391721
1391706
1391676
1391676
1391563
1391483
1391495
1391444
1391352
1391307
1391295
1391268
1391231
1391285
1391317
1391350
1391297
1391407
1391378
1391425
1391564
1391493
1391542
1391635
1391684
1391674
1391775
1391862
1391899
1391969
1392034
1392083
1392202
1392298
1392400
1392542
1392617
1392741
1392813
1392836
1392723
1392583
1392374
1392118
1391842
1391651
1391372
1391174
1390927
1390860
1390712
1390553
1390439
1390320
1390218
1390145
1390172
1390012
1389892
1389886
1389805
1389682
1389617
1389646
1389615
1389715
1389719
1389787
1389803
1389858
1389889
1389923
1389950
1389927
1389872
1389894
1389929
1389893
1389939
1389902
1390048
1389976
1389917
1389843
1389949
1389872
1389877
1389894
1389886
1389963
1389921
1390024
1390132
1390167
1390239
1390262
1390390
1390381
1390485
1390591
1390721
1390748
1390934
1390960
1391103
1391113
1391206
1391376
1391388
1391509
1391765
1391788
1391927
1392071
1392126
1392051
1391898
1391662
1391423
1391157
1391034
1390911
1390689
1390588
1390534
1390360
1390224
1390135
1390043
1389967
1389898
1389896
1389881
1389922
1389870
1389882
1389876
1389957
1389967
1389974
1390057
1390157
1390151
1390246
1390274
1390362
1390306
1390456
1390443
1390508
1390497
1390517
1390558
1390447
1390496
1390421
1390414
1390411
1390472
1390492
1390465
1390487
1390449
1390603
1390562
1390660
1390739
1390862
1390895
1390987
1391112
1391089
1391227
1391307
1391261
1391365
1391481
1391622
1391642
1391726
1391832
1391867
1392038
1392165
1392191
1392343
1392397
1392432
1392385
1392241
1392062
1391765
1391514
1391324
1391168
1391052
1390919
1390815
1390716
1390604
1390593
1390504
1390452
1390423
1390293
1390280
1390265
1390187
1390159
1390104
1390092
1390111
1390117
1390195
1390269
1390370
1390412
1390462
1390462
1390498
1390510
1390519
1390509
1390450
1390414
1390506
1390442
1390496
1390483
1390514
1390532
1390476
1390518
1390524
1390486
1390536
1390514
1390564
1390620
1390626
1390726
1390829
1390869
1390965
1390999
1391023
1391060
1391218
1391240
1391404
1391483
1391506
1391647
1391727
1391869
1391929
1392058
1392098
1392284
1392432
1392516
1392599
1392681
1392755
1392671
1392380
1392236
1391970
1391764
1391588
1391435
1391273
1391182
1391048
1391000
1390889
1390717
1390644
1390514
1390493
1390423
1390493
1390504
1390438
1390403
1390361
1390291
1390279
1390237
1390232
1390326
1390421
1390453
1390522
1390540
1390514
1390455
1390446
1390473
1390556
1390605
1390600
1390569
1390474
1390432
1390485
1390434
1390405
1390461
1390393
1390378
1390478
1390415
1390466
1390436
1390543
1390645
1390618
1390749
1390810
1390836
1391065
1391058
1391159
1391258
1391348
1391463
1391547
1391658
1391756
1391921
1391994
1392104
1392193
1392298
1392342
1392602
1392679
1392792
1392925
1392983
1392987
1392896
1392704
1392461
1392160
1392071
1391829
1391676
1391570
1391500
1391419
1391301
1391213
1391106
1391075
1391033
1390982
1390908
1390955
1390977
1390946
1390965
1390955
1390914
1390884
1390976
1390966
1391180
1391171
1391133
1391179
1391367
1391370
1391418
1391512
1391484
1391630
1391583
1391693
1391698
1391515
1391273
1391037
1390895
1390826
1390821
1390903
1391033
1391169
1391382
1391474
1391577
1391734
1391882
1391940
1392090
1392224
1392320
1392387
1392477
1392573
1392656
1392682
1392828
1392892
1393050
1393123
1393239
1393440
1393573
1393672
1393901
1393899
1394070
1394082
1394126
1394145
1394039
1393920
1393652
1393488
1393282
1393176
1393084
1392991
1392946
1392884
1392782
1392748
1392611
1392672
1392569
1392546
1392565
1392598
1392724
1392680
1392721
1392706
1392816
1392812
1392904
1393044
1393096
1393126
1393239
1393224
1393357
1393310
1393342
1393369
1393457
1393458
1393512
1393531
1393426
1393408
1393449
1393432
1393436
1393447
1393486
1393434
1393603
1393610
1393729
1393752
1393908
1393970
1394052
1394103
1394109
1394259
1394318
1394380
1394458
1394476
1394633
1394727
1394894
1395025
1395136
1395189
1395294
1395302
1395523
1395522
1395709
1395771
1395809
1395903
1395813
1395768
1395480
1395256
1395053
1394896
1394674
1394546
1394480
1394395
1394272
1394207
1394182
1393994
1394063
1394113
1393963
1393996
1394065
1394024
1394085
1394068
1394073
1394081
1394156
1394202
1394244
1394320
1394382
1394335
1394395
1394469
1394544
1394483
1394478
1394452
1394502
1394519
1394537
1394534
1394472
1394476
1394489
1394442
1394509
1394478
1394503
1394587
1394576
1394623
1394626
1394732
1394642
1394743
1394763
1394928
1394961
1394994
1395129
1395209
1395245
1395374
1395484
1395505
1395612
1395701
1395851
1395836
1395900
1396145
1396192
1396409
1396464
1396616
1396761
1396747
1396766
1396729
1396480
1396284
1396087
1395935
1395678
1395546
1395380
1395290
1395179
1395137
1395039
1394956
1395007
1394782
1394886
1394814
1394676
1394807
1394722
1394778
1394725
1394697
1394703
1394686
1394773
1394807
1394809
1394897
1394953
1394978
1394970
1395094
1395125
1395185
1395163
1395214
1395243
1395247
1395263
1395297
1395382
1395293
1395309
1395308
1395344
1395355
1395356
1395472
1395497
1395473
1395562
1395612
1395715
1395719
1395792
1395905
1395994
1396122
1396242
1396253
1396241
1396418
1396496
1396599
1396669
1396797
1396884
1397040
1397037
1397229
1397305
1397446
1397676
1397650
1397818
1397856
1397914
1397926
1397750
1397617
1397299
1397088
1396896
1396704
1396576
1396361
1396360
1396246
1396163
1396036
1395959
1395927
1395834
1395851
1395857
1395813
1395764
1395931
1395872
1395864
1395964
1395967
1396090
1396139
1396316
1396317
1396388
1396444
1396568
1396616
1396643
1396702
1396731
1396741
1396786
1396836
1396842
1396842
1396835
1396820
1396828
1396799
1396926
1396883
1396911
1397012
1397001
1397072
1397153
1397229
1397399
1397475
1397486
1397619
1397669
1397808
1397842
1397957
1398101
1398120
1398313
1398263
1398475
1398506
1398637
1398716
1398825
1398879
1399052
1399116
1399259
1399310
1399399
1399484
1399404
1399390
1399295
1399073
1398876
1398643
1398504
1398247
1398099
1397988
1397992
1397945
1397903
1397815
1397712
1397648
1397703
1397596
1397709
1397771
1397669
1397779
1397836
1397938
1398035
1398057
1398097
1398056
1398230
1398269
1398370
1398296
1398480
1398441
1398511
1398530
1398483
1398442
1398526
1398525
1398546
1398456
1398462
1398489
1398537
1398454
1398418
1398589
1398640
1398729
1398744
1398825
1398915
1398915
1398886
1399060
1399114
1399162
1399279
1399336
1399309
1399478
1399607
1399780
1399780
1399951
1399971
1400017
1400143
1400221
1400296
1400401
1400477
1400644
1400795
1400787
1400791
1400890
1400721
1400520
1400277
1400056
1399764
1399648
1399530
1399394
1399279
1399205
1399014
1398996
1398837
1398806
1398804
1398717
1398736
1398761
1398814
1398756
1398760
1398853
1398841
1398871
1398957
1398922
1399030
1399047
1399097
1399188
1399232
1399240
1399334
1399348
1399400
1399298
1399346
1399344
1399425
1399300
1399234
1399231
1399290
1399275
1399265
1399203
1399315
1399351
1399431
1399483
1399456
1399565
1399547
1399624
1399700
1399732
1399775
1399892
1399969
1399983
1400133
1400189
1400213
1400345
1400467
1400509
1400618
1400673
1400728
1400915
1401008
1401120
1401165
1401339
1401375
1401378
1401365
1401266
1401049
1400727
1400381
1400230
1400079
1399870
1399644
1399573
1399521
1399367
1399273
1399216
1399108
1399080
1399045
1398929
1398979
1398852
1398891
1398907
1398828
1398884
1398827
1398790
1398808
1398879
1398905
1398897
1398962
1399012
1399013
1399011
1398982
1398989
1399100
1399087
1399012
1398994
1398999
1398956
1398971
1399033
1398922
1398929
1398933
1398933
1399095
1399038
1399114
1399149
1399189
1399207
1399233
1399311
1399418
1399426
1399591
1399573
1399760
1399830
1399870
1399919
1399966
1399947
1400067
1400232
1400386
1400449
1400518
1400706
1400756
1400852
1400955
1400985
1401092
1400956
1400892
1400671
1400416
1400122
1399880
1399684
1399404
1399170
1399063
1398882
1398758
1398597
1398423
1398301
1398166
1398140
1398073
1398101
1398124
1397934
1398006
1398006
1397992
1397935
1397978
1398058
1398037
1398082
1398090
1398157
1398199
1398218
1398313
1398319
1398415
1398407
1398492
1398490
1398430
1398422
1398363
1398415
1398316
1398307
1398255
1398260
1398394
1398394
1398398
1398549
1398617
1398651
1398668
1398771
1398698
1398829
1398867
1398970
1399002
1399061
1399137
1399219
1399274
1399309
1399564
1399650
1399760
1399790
1399848
1399926
1400134
1400199
1400313
1400248
1400216
1400138
1399855
1399609
1399399
1399066
1398855
1398741
1398622
1398329
1398291
1398057
1397989
1397948
1397849
1397713
1397670
1397621
1397650
1397656
1397690
1397617
1397577
1397675
1397685
1397752
1397686
1397811
1397864
1397873
1397970
1397897
1398069
1398017
1398006
1398032
1398094
1398099
1398088
1398031
1398042
1397852
1397879
1397822
1397849
1397885
1397987
1398025
1398061
1398114
1398180
1398189
1398263
1398269
1398336
1398343
1398386
1398448
1398485
1398640
1398692
1398821
1398928
1399017
1399040
1399198
1399199
1399344
1399395
1399431
1399444
1399516
1399402
1399184
1398907
1398576
1398296
1398069
1397735
1397625
1397414
1397308
1397170
1397070
1396864
1396819
1396624
1396622
1396596
1396507
1396441
1396488
1396388
1396516
1396424
1396521
1396483
1396557
1396515
1396559
1396562
1396554
1396544
1396568
1396591
1396571
1396603
1396542
1396511
1396466
1396538
1396435
1396433
1396460
1396370
1396325
1396389
1396333
1396309
1396333
1396317
1396367
1396447
1396524
1396563
1396547
1396706
1396614
1396769
1396741
1396763
1396875
1396890
1396978
1397043
1397058
1397225
1397296
1397426
1397422
1397528
1397630
1397701
1397874
1397879
1397803
1397521
1397222
1396917
1396672
1396382
1396162
1395858
1395593
1395467
1395229
1395043
1394933
1394793
1394558
1394486
1394418
1394323
1394222
1394182
1394118
1394094
1394001
1394076
1393970
1393920
1394045
1394035
1393942
1393973
1394015
1394008
1394045
1394013
1393976
1393918
1394043
1393872
1394041
1393901
1393964
1393844
1393800
1393754
1393745
1393738
1393719
1393744
1393635
1393711
1393761
1393806
1393793
1393895
1393916
1393919
1394089
1394125
1394049
1394191
1394241
1394283
1394382
1394472
1394541
1394721
1394765
1394909
1394993
1395097
1395233
1395340
1395343
1395385
1395406
1395222
1395030
1394744
1394459
1394173
1394024
1393775
1393775
1393607
1393338
1393144
1392924
1392722
1392631
1392453
1392347
1392245
1392204
1392108
1391988
1391977
1391899
1391898
1391808
1391768
1391745
1391689
1391721
1391709
1391639
1391687
1391699
1391713
1391819
1391882
1391900
1391819
1391771
1391845
1391752
1391821
1391773
1391750
1391752
1391707
1391713
1391728
1391745
1391799
1391871
1391926
1391984
1392067
1392075
1392143
1392224
1392216
1392310
1392366
1392439
1392576
1392662
1392771
1392891
1393008
1392971
1393154
1393168
1393271
1393408
1393603
1393662
1393758
1393755
1393952
1394078
1394228
1394308
1394362
1394464
1394305
1394044
1393713
1393479
1393236
1392972
1392781
1392654
1392457
1392252
1391998
1391978
1391740
1391631
1391490
1391478
1391488
1391465
1391446
1391402
1391506
1391504
1391500
1391526
1391568
1391559
1391605
1391690
1391776
1391777
1391842
1391878
1391941
1391950
1392019
1391986
1392083
1392056
1391995
1391993
1391906
1391908
1391835
1391885
1391834
1391846
1391893
1391955
1392060
1392096
1392172
1392244
1392264
1392364
1392452
1392512
1392600
1392636
1392726
1392783
1392847
1392927
1393085
1393128
1393298
1393318
1393494
1393571
1393628
1393722
1393861
1393929
1394041
1394077
1394081
1393923
1393618
1393453
1393181
1392871
1392638
1392524
1392314
1392128
1391992
1391913
1391764
1391597
1391507
1391358
1391310
1391335
1391299
1391292
1391260
1391206
1391289
1391282
1391367
1391420
1391408
1391480
1391455
1391545
1391565
1391627
1391568
1391625
1391670
1391714
1391709
1391730
1391693
1391721
1391740
1391636
1391667
1391676
1391621
1391585
1391676
1391680
1391684
1391787
1391840
1391865
1391880
1391954
1391965
1392030
1392164
1392215
1392326
1392380
1392441
1392466
1392613
1392725
1392765
1392875
1392964
1393019
1393127
1393241
1393350
1393510
1393667
1393686
1393814
1393909
1393964
1394008
1393848
1393626
1393356
1392971
1392756
1392475
1392228
1392044
1391847
1391637
1391409
1391221
1391155
1391086
1390939
1390878
1390762
1390602
1390622
1390590
1390523
1390540
1390573
1390543
1390519
1390602
1390664
1390760
1390743
1390778
1390788
1390832
1390935
1390927
1390947
1390961
1391011
1391030
1390961
1390996
1390908
1390832
1390891
1390837
1390891
1390878
1391018
1390917
1391047
1391065
1391052
1391067
1391226
1391221
1391332
1391448
1391561
1391676
1391760
1391751
1391846
1392001
1392109
1392248
1392412
1392473
1392565
1392660
1392769
1392873
1393080
1393176
1393273
1393407
1393483
1393699
1393778
1393871
1393894
1393939
1393805
1393553
1393185
1392905
1392674
1392433
1392173
1391961
1391768
1391501
1391311
1391220
1390913
1390762
1390714
1390620
1390530
1390501
1390507
1390479
1390477
1390424
1390371
1390448
1390441
1390497
1390568
1390578
1390709
1390704
1390757
1390854
1390941
1391016
1391110
1391082
1391131
1391158
1391021
1391097
1391166
1391141
1391128
1391162
1391155
1391182
1391228
1391329
1391381
1391432
1391450
1391609
1391689
1391719
1391893
1391896
1392044
1392128
1392208
1392247
1392374
1392506
1392574
1392723
1392817
1392963
1393095
1393225
1393314
1393376
1393530
1393634
1393728
1393906
1393917
1394115
1394288
1394258
1394195
1393999
1393733
1393445
1393209
1392981
1392720
1392507
1392286
1392160
1391993
1391819
1391677
1391548
1391442
1391343
1391296
1391252
1391132
1391232
1391214
1391271
1391252
1391241
1391316
1391351
1391398
1391502
1391589
1391681
1391742
1391738
1391758
1391977
1391925
1392031
1392072
1392101
1392136
1392076
1392113
1392125
1392059
1392087
1392051
1392045
1392084
1392145
1392108
1392202
1392359
1392335
1392476
1392475
1392616
1392678
1392765
1392844
1392933
1392924
1393066
1393183
1393260
1393422
1393583
1393662
1393796
1393966
1394036
1394115
1394238
1394374
1394558
1394593
1394724
1394848
1394868
1394723
1394501
1394185
1393902
1393626
1393415
1393221
1392947
1392764
1392644
1392416
1392229
1392089
1392016
1391870
1391822
1391702
1391736
1391713
1391626
1391832
1391771
1391837
1391918
1391968
1392019
1392048
1392139
1392215
1392343
1392428
1392472
1392532
1392585
1392613
1392720
1392758
1392747
1392789
1392707
1392600
1392637
1392701
1392692
1392684
1392720
1392738
1392796
1392886
1392951
1393101
1393115
1393269
1393315
1393416
1393605
1393620
1393619
1393720
1393790
1393987
1394134
1394210
1394359
1394379
1394519
1394706
1394851
1394898
1395025
1395155
1395135
1395053
1394988
1394728
1394399
1394090
1393805
1393649
1393461
1393301
1393100
1392908
1392663
1392533
1392382
1392357
1392325
1392221
1392237
1392290
1392231
1392229
1392235
1392341
1392462
1392413
1392483
1392547
1392679
1392742
1392789
1392893
1393053
1392952
1393032
1393137
1393173
1393156
1393152
1393089
1393139
1393099
1393104
1393087
1393072
1393157
1393146
1393171
1393205
1393236
1393335
1393372
1393438
1393466
1393532
1393583
1393681
1393723
1393836
1394036
1394051
1394198
1394265
1394428
1394531
1394591
1394679
1394818
1395022
1395004
1395044
1395040
1394882
1394640
1394293
1393974
1393661
1393397
1393158
1392925
1392756
1392544
1392293
1392086
1391866
1391750
1391603
1391597
1391513
1391477
1391354
1391210
1391285
1391257
1391254
1391304
1391366
1391332
1391326
1391328
1391413
1391271
1391316
1391395
1391397
1391459
1391465
1391494
1391592
1391534
1391488
1391528
1391458
1391397
1391447
1391369
1391397
1391397
1391439
1391518
1391646
1391691
1391783
1391754
1391777
1391803
1391880
1391914
1392028
1392065
1392240
1392286
1392382
1392546
1392592
1392734
1392808
1392932
1393119
1393194
1393318
1393327
1393216
1393123
1392838
1392562
1392254
1391899
1391597
1391289
1391062
1390752
1390453
1390326
1390048
1389975
1389693
1389574
1389444
1389349
1389300
1389249
1389164
1389008
1388946
1388940
1388813
1388895
1388919
1388895
1388884
1388959
1388913
1389091
1389103
1389129
1389217
1389280
1389271
1389249
1389258
1389253
1389170
1389214
1389128
1389211
1389207
1389088
1389087
1389087
1389140
1389175
1389211
1389344
1389392
1389443
1389518
1389569
1389555
1389736
1389701
1389868
1389896
1389925
1390013
1390203
1390192
1390365
1390483
1390532
1390694
1390709
1390792
1390958
1391084
1391244
1391201
1391259
1391083
1391017
1390500
1390299
1389954
1389602
1389422
1389071
1388811
1388583
1388379
1388203
1387972
1387774
1387617
1387557
1387405
1387386
1387335
1387249
1387194
1387157
1387255
1387241
1387319
1387303
1387409
1387315
1387452
1387535
1387520
1387577
1387736
1387682
1387760
1387829
1387816
1387857
1387856
1387861
1387819
1387837
1387853
1387796
1387779
1387748
1387829
1387829
1387881
1387940
1388060
1388218
1388188
1388384
1388486
1388528
1388511
1388584
1388686
1388727
1388755
1388901
1388993
1389085
1389230
1389337
1389465
1389549
1389779
1389871
1390021
1390138
1390265
1390350
1390389
1390291
1390068
1389738
1389470
1389195
1388872
1388689
1388443
1388261
1388078
1387833
1387614
1387501
1387287
1387268
1387177
1387227
1387133
1387215
1387152
1387171
1387208
1387234
1387360
1387363
1387442
1387573
1387602
1387673
1387779
1387821
1387854
1388003
1388081
1388014
1388093
1388091
1388020
1388100
1388042
1387978
1387994
1388072
1388021
1388034
1388165
1388171
1388173
1388218
1388266
1388398
1388373
1388529
1388588
1388668
1388759
1388815
1388877
1388950
1389034
1389113
1389214
1389378
1389433
1389654
1389704
1389859
1389940
1390007
1390083
1390067
1389985
1389741
1389385
1389101
1388745
1388480
1388251
1388087
1387892
1387752
1387551
1387327
1387169
1386985
1386849
1386679
1386681
1386599
1386571
1386572
1386569
1386536
1386576
1386626
1386627
1386578
1386631
1386624
1386718
1386811
1386730
1386822
1386886
1386937
1386921
1386889
1386797
1386855
1386903
1386907
1386841
1386872
1386830
1386823
1386775
1386828
1386829
1386841
1386908
1386873
1387086
1387085
1387202
1387246
1387277
1387363
1387365
1387479
1387570
1387621
1387568
1387729
1387804
1387923
1388075
1388144
1388262
1388426
1388526
1388608
1388688
1388782
1388815
1388591
1388327
1388040
1387791
1387461
1387128
1386800
1386647
1386363
1386206
1386059
1385787
1385625
1385521
1385350
1385270
1385200
1385102
1385043
1385008
1384867
1384932
1384896
1384959
1384905
1385110
1385075
1385024
1385135
1385157
1385213
1385283
1385332
1385442
1385369
1385372
1385431
1385452
1385460
1385450
1385502
1385342
1385404
1385405
1385500
1385408
1385484
1385443
1385525
1385591
1385571
1385649
1385772
1385811
1385939
1385983
1386114
1386168
1386340
1386375
1386488
1386570
1386655
1386787
1386771
1387028
1387115
1387227
1387356
1387443
1387547
1387673
1387886
1387965
1388114
1388116
1388046
1387899
1387607
1387375
1387067
1386811
1386541
1386165
1385961
1385677
1385521
1385337
1385192
1385076
1384891
1384832
1384688
1384670
1384564
1384493
1384463
1384502
1384443
1384434
1384455
1384477
1384554
1384582
1384611
1384624
1384844
1384798
1384882
1384845
1385009
1385015
1385037
1385087
1385200
1385179
1385250
1385298
1385331
1385279
1385341
1385317
1385349
1385535
1385648
1385610
1385702
1385753
1385873
1385938
1386033
1386099
1386156
1386306
1386332
1386369
1386471
1386566
1386642
1386723
1386922
1386974
1387149
1387290
1387419
1387641
1387744
1387938
1388009
1388087
1388141
1388151
1388121
1387864
1387557
1387356
1387065
1386805
1386633
1386430
1386287
1386202
1386068
1385890
1385796
1385675
1385684
1385710
1385564
1385596
1385551
1385611
1385746
1385690
1385723
1385815
1385922
1385930
1386007
1386004
1386094
1386216
1386369
1386423
1386471
1386591
1386554
1386638
1386682
1386658
1386599
1386585
1386639
1386638
1386644
1386652
1386725
1386777
1386873
1386894
1387028
1387004
1387121
1387189
1387368
1387357
1387556
1387548
1387654
1387708
1387863
1387971
1388108
1388150
1388394
1388558
1388702
1388775
1388934
1388913
1389006
1389061
1389112
1388949
1388827
1388432
1388207
1387870
1387679
1387401
1387218
1387121
1386954
1386796
1386712
1386650
1386524
1386470
1386360
1386351
1386346
1386346
1386383
1386377
1386509
1386600
1386686
1386706
1386762
1386819
1386887
1387003
1387055
1387115
1387231
1387264
1387219
1387297
1387395
1387338
1387351
1387376
1387321
1387340
1387405
1387356
1387436
1387541
1387500
1387599
1387613
1387723
1387723
1387804
1387859
1387983
1388119
1388054
1388072
1388251
1388266
1388426
1388547
1388575
1388717
1388867
1388971
1389009
1389163
1389306
1389445
1389535
1389554
1389656
1389520
1389290
1388862
1388600
1388250
1388057
1387913
1387792
1387641
1387396
1387258
1387198
1387000
1386967
1386916
1386858
1386765
1386801
1386722
1386735
1386709
1386751
1386809
1386905
1386905
1386980
1386975
1386998
1387042
1387037
1387146
1387235
1387190
1387312
1387327
1387359
1387288
1387404
1387367
1387388
1387406
1387330
1387339
1387394
1387409
1387382
1387361
1387369
1387509
1387505
1387584
1387700
1387777
1387909
1387866
1387970
1388049
1388106
1388134
1388262
1388206
1388240
1388126
1388338
1388412
1388528
1388561
1388719
1388845
1388931
1389008
1388997
1389013
1388851
1388825
1388494
1388199
1387958
1387703
1387458
1387252
1387043
1386890
1386662
1386647
1386490
1386443
1386352
1386241
1386197
1386257
1386155
1386149
1386149
1386231
1386222
1386304
1386220
1386494
1386467
1386516
1386537
1386650
1386649
1386785
1386855
1386924
1387048
1387097
1387051
1387103
1387010
1386957
1387050
1387088
1387065
1387098
1387052
1387060
1387093
1387210
1387238
1387337
1387383
1387476
1387611
1387684
1387736
1387793
1387859
1387925
1388014
1388125
1388219
1388269
1388508
1388688
1388764
1388884
1389034
1389065
1389201
1389357
1389540
1389606
1389737
1389801
1389759
1389640
1389340
1389036
1388771
1388521
1388306
1388099
1387914
1387826
1387650
1387462
1387401
1387279
1387209
1387092
1387063
1386998
1386954
1387071
1387075
1387011
1387071
1387085
1387071
1387221
1387215
1387355
1387318
1387466
1387447
1387533
1387551
1387678
1387738
1387740
1387697
1387788
1387772
1387794
1387818
1387779
1387845
1387819
1387873
1387785
1387796
1387877
1387929
1388012
1388061
1388185
1388255
1388322
1388345
1388403
1388461
1388518
1388714
1388700
1388882
1388960
1389044
1389238
1389240
1389367
1389643
1389673
1389867
1389995
1390002
1390157
1390281
1390399
1390477
1390539
1390385
1390248
1389915
1389611
1389256
1389028
1388765
1388578
1388405
1388323
1388171
1388060
1387947
1387792
1387697
1387497
1387459
1387499
1387514
1387421
1387463
1387484
1387453
1387520
1387456
1387601
1387663
1387695
1387697
1387704
1387847
1387844
1387882
1387979
1387966
1388046
1388052
1388016
1388172
1388019
1388064
1388034
1388128
1388097
1388092
1388186
1388194
1388163
1388319
1388347
1388354
1388519
1388611
1388672
1388797
1388841
1388972
1388996
1389001
1389124
1389244
1389302
1389444
1389495
1389667
1389755
1389860
1389910
1390007
1390124
1390189
1390325
1390451
1390588
1390646
1390757
1390827
1390913
1390864
1390696
1390365
1390048
1389736
1389448
1389257
1389007
1388876
1388613
1388566
1388382
1388114
1388091
1388002
1387958
1387883
1387903
1387857
1387974
1387858
1387731
1387851
1387917
1387947
1388028
1388134
1388285
1388292
1388370
1388382
1388573
1388565
1388655
1388657
1388796
1388787
1388778
1388703
1388831
1388673
1388678
