1067124
1067280
1067398
1067480
1067663
1067650
1067736
1067740
1067800
1067741
1067717
1067781
1067760
1067763
1067736
1067782
1067992
1068003
1068078
1068179
1068303
1068441
1068481
1068549
1068677
1068741
1068833
1068955
1069091
1069203
1069314
1069576
1069647
1069717
1069904
1070081
1070262
1070328
1070526
1070718
1070927
1071003
1070992
1070961
1070990
1070744
1070361
1069929
1069336
1068657
1067967
1067406
1066938
1066615
1066339
1066253
1066188
1066235
1066219
1066277
1066297
1066447
1066468
1066609
1066643
1066775
1066880
1066999
1067105
1067207
1067360
1067463
1067667
1067738
1067844
1067952
1067982
1068033
1068043
1068087
1068039
1068041
1068024
1068030
1068016
1068101
1068183
1068205
1068310
1068346
1068428
1068574
1068603
1068815
1068765
1068891
1068964
1069113
1069205
1069327
1069448
1069649
1069725
1069865
1069965
1070166
1070206
1070422
1070501
1070760
1070904
1071117
1071179
1071157
1071132
1071027
1070492
1070004
1069386
1068780
1068164
1067601
1067214
1066864
1066580
1066417
1066320
1066416
1066395
1066371
1066578
1066537
1066683
1066681
1066807
1066830
1066964
1067037
1067171
1067321
1067437
1067571
1067662
1067798
1067880
1067971
1067997
1067999
1068049
1068013
1068025
1067959
1067967
1067940
1067943
1068008
1068068
1068128
1068221
1068288
1068375
1068519
1068624
1068697
1068773
1068818
1068905
1068962
1069134
1069268
1069353
1069528
1069631
1069804
1069991
1070134
1070300
1070327
1070551
1070653
1070909
1071067
1071133
1071172
1071072
1071021
1070881
1070441
1069963
1069404
1068737
1068194
1067531
1067073
1066765
1066436
1066369
1066274
1066298
1066245
1066305
1066398
1066468
1066581
1066625
1066687
1066746
1066898
1066958
1067037
1067146
1067300
1067468
1067540
1067650
1067763
1067874
1067840
1067920
1067910
1067871
1067879
1067858
1067818
1067857
1067876
1067905
1067951
1068031
1068085
1068151
1068274
1068395
1068485
1068499
1068622
1068719
1068828
1068928
1069037
1069221
1069327
1069397
1069654
1069726
1069885
1070050
1070171
1070374
1070554
1070766
1070926
1070898
1070902
1070836
1070647
1070377
1070007
1069433
1068900
1068309
1067823
1067353
1066942
1066790
1066695
1066559
1066579
1066565
1066689
1066773
1066855
1066979
1067003
1067041
1067141
1067249
1067321
1067445
1067584
1067769
1067889
1068060
1068237
1068273
1068362
1068450
1068550
1068561
1068558
1068565
1068568
1068573
1068607
1068705
1068725
1068859
1068949
1069074
1069175
1069285
1069485
1069524
1069671
1069767
1069901
1070013
1070216
1070350
1070511
1070653
1070759
1070926
1071150
1071287
1071499
1071695
1071854
1072126
1072319
1072470
1072590
1072650
1072645
1072597
1072453
1072131
1071892
1071505
1071136
1070735
1070355
1070032
1069791
1069660
1069612
1069623
1069665
1069727
1069874
1070045
1070148
1070222
1070315
1070454
1070634
1070733
1070880
1070982
1071103
1071291
1071363
1071517
1071658
1071677
1071829
1071909
1072013
1072058
1072117
1072135
1072258
1072306
1072306
1072385
1072443
1072603
1072635
1072791
1072901
1073077
1073214
1073394
1073539
1073615
1073705
1073860
1073985
1074149
1074264
1074398
1074622
1074729
1074961
1075067
1075325
1075433
1075587
1075833
1076002
1076284
1076408
1076575
1076610
1076585
1076571
1076475
1076284
1076310
1076096
1075966
1075735
1075627
1075323
1075202
1074933
1074871
1074824
1074768
1074893
1074999
1075028
1075218
1075378
1075495
1075565
1075708
1075828
1075971
1076099
1076150
1076365
1076444
1076506
1076635
1076675
1076857
1076913
1077046
1077212
1077215
1077314
1077418
1077491
1077576
1077661
1077663
1077722
1077781
1077916
1078052
1078089
1078247
1078348
1078473
1078576
1078625
1078724
1078874
1078890
1079062
1079182
1079286
1079375
1079501
1079638
1079776
1079889
1080032
1080114
1080193
1080364
1080451
1080631
1080804
1080882
1081024
1081224
1081358
1081395
1081354
1081327
1081218
1081113
1081118
1081045
1080989
1080948
1080890
1080835
1080782
1080649
1080566
1080436
1080312
1080320
1080257
1080322
1080333
1080420
1080463
1080583
1080549
1080704
1080739
1080779
1080845
1080890
1080909
1080971
1080939
1081033
1081114
1081062
1081151
1081064
1081204
1081220
1081199
1081260
1081176
1081255
1081304
1081359
1081303
1081369
1081409
1081369
1081475
1081500
1081474
1081535
1081584
1081583
1081630
1081675
1081653
1081675
1081741
1081754
1081817
1081871
1081954
1082027
1082053
1082169
1082241
1082314
1082372
1082396
1082504
1082540
1082597
1082707
1082791
1082824
1082869
1082728
1082637
1082595
1082466
1082298
1082308
1082194
1082199
1082141
1082130
1082126
1082010
1081955
1081889
1081773
1081778
1081731
1081800
1081727
1081786
1081861
1081857
1081965
1081974
1081981
1082011
1082050
1082003
1082022
1082050
1082017
1082023
1082097
1082028
1082054
1081963
1082118
1082047
1082107
1082053
1082066
1082095
1082102
1082106
1082127
1082155
1082139
1082212
1082264
1082266
1082267
1082269
1082362
1082271
1082360
1082326
1082396
1082406
1082498
1082523
1082592
1082583
1082722
1082787
1082727
1082864
1082879
1082989
1083032
1083090
1083137
1083227
1083305
1083470
1083514
1083457
1083452
1083325
1083223
1083144
1083099
1083028
1082973
1082925
1082892
1082874
1082863
1082857
1082843
1082763
1082719
1082655
1082675
1082688
1082654
1082713
1082732
1082775
1082820
1082881
1082855
1082877
1082874
1082938
1082877
1082878
1082820
1082910
1082923
1082797
1082836
1082803
1082811
1082812
1082827
1082888
1082880
1082858
1082868
1082848
1082822
1082875
1082802
1082826
1082877
1082976
1082943
1082926
1082916
1082973
1082991
1082929
1083011
1082980
1083036
1083091
1083087
1083143
1083215
1083207
1083318
1083317
1083362
1083471
1083510
1083603
1083602
1083699
1083692
1083791
1083916
1084004
1084035
1084146
1084115
1084084
1083969
1083897
1083829
1083708
1083632
1083656
1083561
1083595
1083531
1083562
1083497
1083494
1083465
1083397
1083337
1083306
1083261
1083245
1083279
1083299
1083419
1083447
1083411
1083375
1083422
1083430
1083430
1083379
1083337
1083386
1083320
1083310
1083341
1083227
1083238
1083232
1083216
1083252
1083248
1083187
1083206
1083234
1083198
1083122
1083183
1083167
1083154
1083187
1083154
1083232
1083203
1083197
1083293
1083187
1083193
1083203
1083250
1083198
1083232
1083253
1083278
1083316
1083338
1083384
1083429
1083506
1083478
1083533
1083591
1083653
1083715
1083719
1083833
1083917
1083963
1083920
1083844
1083779
1083667
1083457
1083413
1083285
1083218
1083193
1083163
1083134
1083098
1083064
1082985
1082818
1082804
1082759
1082650
1082636
1082581
1082628
1082604
1082611
1082551
1082643
1082616
1082623
1082517
1082484
1082487
1082443
1082410
1082293
1082352
1082316
1082265
1082225
1082225
1082244
1082176
1082160
1082072
1082080
1082094
1082038
1082024
1082041
1082053
1081981
1081954
1081910
1081913
1081932
1081930
1081900
1081849
1081852
1081906
1081811
1081840
1081871
1081837
1081879
1081903
1081956
1082017
1082049
1081997
1081973
1082062
1082073
1082068
1082196
1082211
1082309
1082433
1082385
1082350
1082239
1082063
1081778
1081657
1081579
1081487
1081404
1081311
1081205
1081180
1081054
1080948
1080832
1080582
1080453
1080394
1080248
1080130
1080108
1080079
1080084
1080048
1079974
1079938
1079929
1079921
1079871
1079854
1079762
1079697
1079690
1079633
1079536
1079526
1079377
1079428
1079307
1079309
1079214
1079215
1079133
1079057
1078993
1078953
1078933
1078922
1078880
1078830
1078769
1078834
1078817
1078792
1078788
1078741
1078768
1078724
1078685
1078680
1078649
1078671
1078744
1078757
1078640
1078779
1078789
1078799
1078773
1078818
1078792
1078818
1078879
1078872
1078916
1078979
1078931
1079051
1079060
1078918
1078754
1078628
1078460
1078340
1078151
1077958
1077805
1077608
1077542
1077359
1077227
1077058
1076902
1076743
1076625
1076405
1076327
1076342
1076239
1076291
1076242
1076193
1076064
1076112
1076106
1075981
1076064
1075995
1075958
1075967
1075892
1075875
1075821
1075702
1075749
1075731
1075662
1075570
1075559
1075558
1075414
1075363
1075312
1075253
1075230
1075183
1075178
1075142
1075151
1075152
1075156
1075123
1075118
1075089
1075105
1075029
1075115
1075168
1075138
1075250
1075223
1075279
1075341
1075338
1075406
1075514
1075537
1075552
1075631
1075699
1075764
1075829
1075831
1076001
1076049
1076105
1076206
1076374
1076410
1076380
1076375
1076334
1076107
1075986
1075889
1075785
1075652
1075470
1075312
1075208
1074983
1074903
1074721
1074504
1074346
1074263
1074169
1074094
1073996
1074032
1073945
1073956
1073885
1073881
1073810
1073772
1073880
1073803
1073741
1073722
1073714
1073622
1073612
1073660
1073674
1073616
1073611
1073554
1073508
1073424
1073326
1073339
1073312
1073312
1073222
1073256
1073243
1073258
1073258
1073194
1073276
1073289
1073315
1073318
1073340
1073306
1073385
1073399
1073463
1073463
1073527
1073538
1073668
1073724
1073808
1073925
1073974
1074080
1074169
1074309
1074334
1074393
1074478
1074587
1074688
1074802
1074965
1074955
1074879
1074907
1074853
1074825
1074691
1074562
1074411
1074335
1074107
1073980
1073924
1073739
1073571
1073379
1073350
1073277
1073058
1073085
1073044
1072996
1073015
1072986
1072947
1073005
1072864
1072954
1072935
1072898
1072902
1072955
1072991
1072939
1072962
1072973
1073017
1072953
1073045
1073025
1073061
1073097
1073026
1073053
1073056
1073032
1073069
1073143
1073136
1073124
1073167
1073248
1073245
1073348
1073414
1073476
1073412
1073556
1073538
1073614
1073658
1073818
1073931
1073950
1074054
1074154
1074308
1074265
1074389
1074638
1074705
1074669
1074893
1074960
1075130
1075282
1075197
1075288
1075252
1075154
1075177
1075034
1074938
1074736
1074601
1074442
1074299
1074120
1074008
1073921
1073811
1073706
1073634
1073653
1073607
1073501
1073534
1073510
1073486
1073504
1073507
1073557
1073522
1073465
1073450
1073552
1073545
1073475
1073528
1073523
1073607
1073578
1073543
1073571
1073624
1073569
1073514
1073456
1073485
1073507
1073485
1073490
1073534
1073531
1073594
1073662
1073758
1073737
1073792
1073795
1073870
1073926
1074002
1074059
1074142
1074205
1074373
1074438
1074420
1074595
1074671
1074810
1074869
1074969
1075026
1075249
1075280
1075303
1075186
1075171
1075148
1075050
1074937
1074697
1074566
1074356
1074227
1074019
1073896
1073750
1073676
1073514
1073505
1073333
1073283
1073320
1073263
1073285
1073279
1073221
1073198
1073274
1073249
1073295
1073270
1073232
1073274
1073271
1073257
1073235
1073295
1073297
1073264
1073325
1073318
1073280
1073285
1073266
1073275
1073356
1073237
1073322
1073239
1073328
1073355
1073412
1073471
1073441
1073458
1073549
1073514
1073650
1073654
1073620
1073733
1073809
1073982
1074049
1074106
1074134
1074214
1074349
1074433
1074506
1074659
1074756
1074821
1074722
1074660
1074624
1074478
1074305
1074145
1073959
1073785
1073557
1073293
1073199
1073056
1072828
1072720
1072613
1072523
1072476
1072535
1072502
1072443
1072428
1072394
1072402
1072443
1072404
1072416
1072417
1072362
1072388
1072479
1072411
1072367
1072439
1072451
1072364
1072414
1072360
1072333
1072273
1072338
1072191
1072264
1072257
1072290
1072253
1072308
1072346
1072389
1072406
1072478
1072465
1072423
1072445
1072545
1072560
1072639
1072722
1072773
1072804
1072983
1072969
1073079
1073204
1073254
1073387
1073466
1073650
1073698
1073622
1073633
1073530
1073449
1073382
1073154
1072972
1072749
1072489
1072244
1072103
1071982
1071774
1071644
1071470
1071409
1071376
1071336
1071368
1071310
1071326
1071338
1071344
1071344
1071381
1071387
1071362
1071424
1071363
1071421
1071363
1071436
1071391
1071398
1071492
1071382
1071393
1071364
1071348
1071353
1071339
1071366
1071338
1071319
1071336
1071457
1071446
1071420
1071541
1071605
1071625
1071591
1071721
1071756
1071825
1071862
1071977
1072031
1072054
1072187
1072220
1072347
1072471
1072526
1072648
1072814
1072901
1072886
1072945
1072881
1072814
1072694
1072544
1072264
1072065
1071767
1071410
1071177
1070900
1070713
1070550
1070402
1070252
1070125
1070061
1069995
1070012
1069949
1069980
1069843
1069833
1069867
1069837
1069816
1069832
1069789
1069799
1069736
1069666
1069667
1069635
1069558
1069557
1069506
1069494
1069485
1069407
1069384
1069258
1069257
1069254
1069260
1069202
1069317
1069274
1069259
1069328
1069313
1069404
1069365
1069479
1069471
1069542
1069551
1069599
1069683
1069783
1069889
1069925
1070018
1070120
1070235
1070309
1070410
1070500
1070701
1070730
1070684
1070686
1070566
1070394
1070120
1069961
1069667
1069354
1069043
1068792
1068614
1068412
1068270
1068133
1068005
1067966
1067880
1067867
1067799
1067839
1067821
1067752
1067797
1067832
1067787
1067842
1067845
1067847
1067829
1067841
1067796
1067815
1067766
1067752
1067776
1067748
1067792
1067722
1067704
1067636
1067637
1067662
1067652
1067679
1067651
1067753
1067772
1067798
1067942
1067895
1068026
1068049
1068054
1068107
1068159
1068319
1068290
1068352
1068482
1068587
1068705
1068840
1068903
1069005
1069162
1069306
1069438
1069482
1069508
1069458
1069340
1069263
1069096
1068820
1068536
1068218
1067941
1067616
1067497
1067228
1067037
1066935
1066817
1066709
1066642
1066634
1066626
1066607
1066597
1066528
1066609
1066633
1066578
1066626
1066641
1066666
1066719
1066737
1066690
1066743
1066731
1066771
1066700
1066723
1066760
1066760
1066713
1066698
1066810
1066750
1066782
1066844
1066787
1066890
1066945
1066975
1066952
1067059
1067132
1067272
1067155
1067283
1067321
1067445
1067480
1067635
1067780
1067855
1068038
1068156
1068226
1068430
1068584
1068702
1068785
1068955
1069050
1069072
1069024
1069011
1068953
1068819
1068598
1068366
1068175
1067984
1067856
1067670
1067528
1067530
1067419
1067352
1067297
1067253
1067260
1067257
1067302
1067335
1067290
1067292
1067373
1067344
1067407
1067400
1067408
1067456
1067450
1067494
1067470
1067434
1067467
1067493
1067464
1067544
1067531
1067481
1067590
1067598
1067638
1067606
1067711
1067718
1067785
1067824
1067883
1067970
1068057
1068086
1068210
1068229
1068315
1068426
1068436
1068562
1068672
1068793
1068961
1069055
1069224
1069347
1069518
1069654
1069801
1069931
1070056
1070231
1070433
1070601
1070714
1070667
1070669
1070665
1070642
1070514
1070469
1070326
1070318
1070267
1070258
1070155
1070122
1070081
1070024
1070027
1069973
1069940
1069971
1069908
1069981
1069916
1069959
1069926
1069961
1069928
1069983
1069978
1069940
1069970
1069919
1069954
1069964
1069996
1069971
1069978
1070011
1070017
1070046
1070023
1070052
1070076
1070198
1070136
1070181
1070193
1070198
1070310
1070327
1070335
1070422
1070465
1070512
1070570
1070573
1070742
1070744
1070826
1070942
1071070
1071206
1071307
1071334
1071520
1071587
1071709
1071865
1071980
1072099
1072308
1072454
1072537
1072586
1072650
1072575
1072684
1072615
1072607
1072559
1072517
1072502
1072483
1072539
1072539
1072569
1072565
1072456
1072482
1072425
1072399
1072387
1072348
1072421
1072384
1072344
1072377
1072385
1072362
1072408
1072391
1072417
1072394
1072404
1072381
1072379
1072268
1072383
1072438
1072468
1072463
1072503
1072505
1072605
1072660
1072645
1072656
1072775
1072785
1072837
1072889
1072895
1073000
1073079
1073117
1073116
1073264
1073253
1073328
1073440
1073568
1073709
1073954
1074151
1074309
1074506
1074693
1074824
1075067
1075227
1075402
1075708
1075849
1076076
1076149
1076259
1076377
1076436
1076555
1076654
1076712
1076819
1077035
1077195
1077364
1077495
1077572
1077695
1077847
1077984
1078165
1078242
1078465
1078625
1078748
1078808
1078882
1079009
1079144
1079230
1079349
1079402
1079460
1079523
1079649
1079616
1079711
1079844
1079935
1080080
1080141
1080246
1080407
1080522
1080606
1080689
1080796
1080938
1081113
1081219
1081451
1081544
1081663
1081815
1081990
1082052
1082107
1082287
1082419
1082538
1082609
1082809
1082913
1083053
1083219
1083386
1083616
1083765
1083962
1084124
1084168
1084186
1084249
1084285
1084268
1084363
1084402
1084546
1084539
1084700
1084824
1084999
1085079
1085295
1085369
1085474
1085610
1085821
1085874
1085960
1086063
1086359
1086547
1086741
1086939
1087105
1087322
1087472
1087515
1087610
1087682
1087743
1087817
1087873
1087985
1088158
1088288
1088507
1088603
1088666
1088735
1088848
1088950
1089084
1089183
1089302
1089371
1089467
1089575
1089752
1089742
1089806
1089972
1089991
1090073
1090147
1090182
1090195
1090205
1090340
1090339
1090477
1090558
1090664
1090749
1090895
1090803
1090783
1090650
1090544
1090497
1090452
1090429
1090378
1090398
1090439
1090407
1090470
1090428
1090442
1090390
1090426
1090381
1090523
1090522
1090500
1090565
1090621
1090647
1090657
1090690
1090772
1090722
1090718
1090679
1090779
1090744
1090728
1090675
1090706
1090619
1090630
1090633
1090688
1090680
1090697
1090660
1090750
1090691
1090637
1090722
1090656
1090663
1090642
1090710
1090678
1090679
1090745
1090734
1090690
1090609
1090647
1090669
1090720
1090701
1090715
1090683
1090710
1090642
1090728
1090714
1090754
1090708
1090775
1090740
1090733
1090705
1090605
1090475
1090388
1090234
1090122
1089973
1089934
1089894
1089858
1089919
1089943
1089921
1089796
1089717
1089673
1089644
1089687
1089671
1089660
1089623
1089664
1089684
1089705
1089640
1089648
1089626
1089684
1089574
1089546
1089587
1089550
1089518
1089466
1089420
1089401
1089347
1089363
1089397
1089396
1089371
1089353
1089345
1089366
1089339
1089371
1089332
1089307
1089281
1089271
1089296
1089246
1089301
1089412
1089264
1089284
1089253
1089248
1089277
1089243
1089283
1089367
1089309
1089360
1089362
1089385
1089431
1089420
1089424
1089371
1089440
1089395
1089412
1089394
1089383
1089346
1089346
1089301
1089101
1088952
1088854
1088717
1088573
1088496
1088405
1088381
1088316
1088295
1088281
1088298
1088221
1088187
1088180
1088095
1088136
1088174
1088093
1088131
1088066
1088075
1088162
1088059
1087988
1088092
1088048
1088089
1088034
1088075
1088045
1088019
1087969
1087886
1087955
1087918
1087939
1087892
1087899
1087895
1087888
1087889
1087891
1087885
1087878
1087916
1087877
1087897
1087897
1087880
1087903
1087901
1087957
1087891
1087911
1087844
1087891
1087786
1087905
1087827
1087915
1087952
1087927
1087975
1087917
1087957
1087840
1087864
1087847
1087906
1087812
1087862
1087876
1087853
1087964
1088007
1087914
1087951
1087965
1087876
1087911
1087901
1087931
1087890
1087875
1087735
1087621
1087490
1087354
1087267
1087186
1087009
1086959
1086914
1086830
1086875
1086846
1086894
1086770
1086786
1086736
1086634
1086616
1086647
1086651
1086685
1086664
1086669
1086628
1086627
1086570
1086553
1086629
1086521
1086562
1086547
1086560
1086488
1086506
1086424
1086335
1086358
1086386
1086367
1086335
1086322
1086339
1086314
1086241
1086360
1086263
1086260
1086252
1086241
1086267
1086256
1086238
1086207
1086283
1086218
1086241
1086240
1086261
1086219
1086228
1086273
1086244
1086227
1086234
1086297
1086411
1086439
1086456
1086481
1086570
1086579
1086585
1086668
1086642
1086669
1086701
1086874
1086927
1087015
1087106
1087290
1087350
1087441
1087434
1087415
1087485
1087447
1087438
1087433
1087544
1087653
1087795
1088016
1088069
1088209
1088305
1088414
1088510
1088574
1088755
1088831
1088991
1089149
1089339
1089465
1089562
1089643
1089795
1089989
1090072
1090228
1090356
1090381
1090547
1090609
1090694
1090781
1090865
1090970
1091085
1091218
1091315
1091388
1091541
1091677
1091732
1091836
1091887
1091931
1092064
1092091
1092259
1092293
1092362
1092424
1092488
1092456
1092546
1092622
1092680
1092672
1092663
1092750
1092794
1092758
1092848
1092914
1092948
1093062
1093058
1093096
1093136
1093129
1093170
1093264
1093231
1093304
1093318
1093352
1093384
1093285
1093213
1093058
1092986
1092877
1092818
1092685
1092633
1092550
1092490
1092454
1092381
1092417
1092360
1092230
1092220
1092154
1092055
1092088
1092045
1092028
1091977
1091988
1091904
1091879
1091947
1091827
1091891
1091815
1091825
1091778
1091667
1091630
1091526
1091514
1091463
1091377
1091317
1091306
1091284
1091220
1091123
1091140
1091111
1091032
1090978
1090909
1090930
1090890
1090831
1090853
1090878
1090810
1090824
1090703
1090832
1090676
1090694
1090688
1090745
1090685
1090658
1090648
1090707
1090664
1090651
1090629
1090671
1090687
1090632
1090675
1090641
1090694
1090639
1090658
1090749
1090724
1090741
1090692
1090637
1090502
1090399
1090195
1090062
1089923
1089802
1089658
1089626
1089468
1089394
1089340
1089189
1089160
1088996
1088947
1088787
1088689
1088634
1088597
1088436
1088423
1088437
1088332
1088210
1088180
1088126
1088084
1088033
1087974
1087915
1087886
1087813
1087729
1087624
1087541
1087455
1087443
1087404
1087373
1087310
1087243
1087154
1087112
1087068
1087026
1086946
1086892
1086830
1086733
1086778
1086704
1086647
1086678
1086599
1086583
1086573
1086538
1086478
1086477
1086511
1086422
1086494
1086575
1086479
1086508
1086556
1086560
1086576
1086633
1086577
1086684
1086615
1086643
1086751
1086715
1086707
1086621
1086514
1086317
1086162
1086054
1085872
1085693
1085529
1085492
1085315
1085222
1085081
1084974
1084775
1084673
1084581
1084487
1084382
1084320
1084226
1084150
1084124
1084082
1083959
1083990
1083956
1083797
1083806
1083699
1083721
1083618
1083518
1083461
1083363
1083343
1083348
1083271
1083221
1083173
1083163
1083036
1083046
1082937
1082924
1082922
1082833
1082797
1082708
1082694
1082699
1082698
1082721
1082633
1082658
1082571
1082626
1082658
1082618
1082616
1082703
1082707
1082708
1082801
1082796
1082854
1082872
1082890
1083029
1082979
1083098
1083136
1083177
1083208
1083250
1083169
1083111
1082948
1082809
1082665
1082475
1082304
1082169
1082033
1082031
1081924
1081740
1081685
1081560
1081462
1081347
1081289
1081208
1081205
1081181
1081120
1081099
1080990
1080965
1080978
1080903
1080931
1080849
1080836
1080833
1080702
1080699
1080651
1080502
1080544
1080447
1080417
1080376
1080319
1080363
1080295
1080178
1080212
1080044
1080120
1080050
1080038
1080004
1080030
1080058
1079998
1080024
1079994
1079981
1079995
1080024
1079994
1080049
1080065
1080084
1080164
1080187
1080190
1080263
1080347
1080336
1080371
1080489
1080548
1080582
1080635
1080790
1080773
1080784
1080757
1080581
1080398
1080329
1080188
1079987
1079760
1079648
1079542
1079422
1079341
1079217
1079102
1079007
1078906
1078820
1078761
1078647
1078652
1078663
1078672
1078581
1078526
1078544
1078487
1078398
1078443
1078391
1078358
1078334
1078335
1078250
1078186
1078205
1078163
1078189
1078167
1078157
1078182
1078139
1078112
1078113
1078099
1078063
1078094
1078164
1078127
1078081
1078050
1078098
1078105
1078240
1078302
1078255
1078272
1078331
1078327
1078443
1078468
1078495
1078568
1078705
1078741
1078772
1078908
1078990
1078998
1079130
1079201
1079243
1079364
1079334
1079439
1079610
1079703
1079641
1079644
1079566
1079499
1079352
1079234
1079091
1078929
1078858
1078808
1078672
1078662
1078571
1078491
1078433
1078359
1078278
1078278
1078249
1078301
1078247
1078237
1078232
1078245
1078359
1078297
1078292
1078326
1078341
1078363
1078387
1078372
1078430
1078410
1078381
1078397
1078455
1078503
1078516
1078537
1078618
1078558
1078611
1078659
1078668
1078713
1078717
1078803
1078714
1078797
1078899
1078930
1078996
1079044
1079126
1079112
1079127
1079279
1079270
1079343
1079452
1079561
1079644
1079711
1079835
1079873
1079959
1079969
1080048
1080182
1080192
1080327
1080441
1080509
1080657
1080686
1080639
1080564
1080513
1080394
1080310
1080204
1080161
1079996
1079922
1079900
1079857
1079772
1079743
1079708
1079672
1079641
1079578
1079575
1079621
1079500
1079528
1079535
1079518
1079561
1079528
1079565
1079570
1079560
1079560
1079562
1079521
1079482
1079415
1079475
1079417
1079419
1079424
1079475
1079431
1079400
1079381
1079409
1079328
1079334
1079301
1079262
1079337
1079268
1079352
1079270
1079337
1079444
1079373
1079372
1079415
1079471
1079485
1079555
1079567
1079650
1079712
1079800
1079812
1079907
1079967
1080049
1080132
1080237
1080251
1080344
1080475
1080468
1080470
1080438
1080403
1080276
1080228
1080108
1079964
1079875
1079795
1079728
1079671
1079710
1079629
1079576
1079561
1079564
1079449
1079469
1079412
1079426
1079477
1079432
1079395
1079335
1079392
1079465
1079410
1079367
1079380
1079413
1079360
1079336
1079353
1079363
1079338
1079308
1079259
1079323
1079282
1079429
1079294
1079371
1079348
1079254
1079265
1079314
1079313
1079360
1079314
1079370
1079450
1079456
1079491
1079487
1079577
1079597
1079595
1079660
1079794
1079727
1079845
1079927
1080041
1080145
1080174
1080236
1080337
1080508
1080543
1080588
1080640
1080577
1080544
1080448
1080385
1080357
1080223
1080089
1080098
1080013
1079938
1079946
1079939
1079864
1079750
1079817
1079735
1079756
1079784
1079789
1079731
1079754
1079736
1079717
1079720
1079676
1079704
1079713
1079677
1079672
1079671
1079602
1079597
1079534
1079541
1079541
1079479
1079536
1079520
1079514
1079439
1079326
1079399
1079427
1079328
1079383
1079354
1079369
1079395
1079383
1079376
1079390
1079414
1079413
1079437
1079451
1079531
1079501
1079584
1079663
1079700
1079778
1079804
1079935
1080044
1080081
1080151
1080245
1080306
1080441
1080377
1080408
1080288
1080339
1080205
1080125
1079995
1079915
1079831
1079804
1079758
1079780
1079772
1079684
1079591
1079588
1079488
1079515
1079541
1079518
1079564
1079484
1079458
1079474
1079436
1079447
1079365
1079396
1079376
1079390
1079312
1079279
1079355
1079190
1079197
1079182
1079151
1079186
1079132
1079142
1079121
1079028
1079053
1078975
1078995
1079011
1078927
1078960
1078938
1078896
1078890
1078901
1078868
1078882
1078869
1078903
1078899
1078974
1079035
1079132
1079126
1079256
1079237
1079287
1079356
1079398
1079501
1079553
1079634
1079623
1079741
1079601
1079607
1079532
1079457
1079373
1079241
1079074
1079011
1079021
1078976
1078956
1078941
1078841
1078782
1078725
1078584
1078536
1078510
1078435
1078420
1078372
1078277
1078351
1078266
1078277
1078256
1078124
1078199
1078062
1078013
1078059
1077984
1077923
1077905
1077847
1077900
1077861
1077821
1077827
1077767
1077616
1077591
1077607
1077566
1077501
1077505
1077523
1077504
1077525
1077419
1077434
1077516
1077500
1077461
1077477
1077524
1077521
1077624
1077582
1077705
1077818
1077812
1077875
1077958
1078019
1078032
1078105
1078173
1078194
1078157
1078096
1078067
1077939
1077792
1077751
1077609
1077600
1077531
1077515
1077519
1077437
1077403
1077221
1077255
1077126
1077070
1077099
1076985
1076985
1076924
1076923
1076851
1076765
1076755
1076773
1076731
1076714
1076662
1076647
1076540
1076577
1076486
1076451
1076409
1076368
1076403
1076290
1076266
1076146
1076130
1076093
1076093
1076060
1076097
1076040
1076090
1076080
1076019
1076073
1076057
1076107
1076096
1076111
1076181
1076199
1076288
1076340
1076362
1076435
1076499
1076576
1076617
1076794
1076805
1076915
1077002
1077132
1077185
1077264
1077269
1077328
1077233
1077200
1077131
1077138
1077071
1077056
1077023
1077100
1077095
1077119
1077020
1077033
1076957
1076947
1076917
1076841
1076800
1076745
1076751
1076739
1076735
1076744
1076685
1076738
1076659
1076703
1076617
1076575
1076485
1076559
1076523
1076517
1076502
1076467
1076496
1076434
1076478
1076449
1076434
1076373
1076409
1076321
1076268
1076388
1076366
1076329
1076315
1076308
1076304
1076339
1076372
1076387
1076484
1076535
1076603
1076606
1076735
1076802
1076931
1076963
1077030
1077135
1077223
1077337
1077467
1077543
1077639
1077625
1077634
1077638
1077562
1077482
1077511
1077543
1077557
1077552
1077630
1077592
1077572
1077501
1077451
1077418
1077452
1077283
1077294
1077304
1077213
1077249
1077195
1077230
1077172
1077170
1077107
1077212
1077152
1077123
1077070
1077064
1077073
1077062
1077125
1077114
1077097
1077069
1077053
1077029
1076974
1076953
1076907
1076948
1076917
1076971
1076948
1076925
1076903
1077005
1076956
1077041
1077102
1077082
1077151
1077188
1077256
1077405
1077402
1077525
1077664
1077697
1077803
1077949
1078127
1078219
1078359
1078479
1078638
1078712
1078837
1078987
1079012
1079165
1079243
1079333
1079426
1079463
1079471
1079562
1079708
1079830
1079972
1080042
1080252
1080255
1080380
1080512
1080617
1080704
1080824
1080934
1081105
1081239
1081297
1081435
1081579
1081671
1081868
1082151
1082216
1082307
1082436
1082479
1082608
1082702
1082885
1083050
1083172
1083304
1083469
1083590
1083685
1083846
1083874
1084082
1084161
1084242
1084421
1084498
1084699
1084783
1084884
1084992
1085034
1085204
1085312
1085396
1085433
1085627
1085784
1085828
1085966
1086081
1086198
1086422
1086528
1086662
1086753
1086830
1086915
1087034
1087146
1087253
1087258
1087228
1087270
1087286
1087245
1087319
1087410
1087443
1087531
1087536
1087771
1087756
1087794
1087836
1087866
1087931
1087999
1088090
1088097
1088030
1088064
1088056
1088108
1088058
1088070
1088157
1088156
1088068
1088009
1087979
1087920
1087927
1087842
1087862
1087855
1087874
1087797
1087853
1087818
1087734
1087793
1087683
1087676
1087561
1087605
1087652
1087518
1087616
1087571
1087563
1087590
1087537
1087554
1087600
1087582
1087560
1087568
1087644
1087654
1087722
1087732
1087816
1087811
1087858
1087889
1087851
1087952
1088016
1088045
1088044
1088152
1088129
1088192
1088277
1088350
1088249
1088289
1088249
1088229
1088190
1088053
1087961
1087901
1087912
1087918
1087896
1087833
1087892
1087838
1087837
1087851
1087779
1087768
1087662
1087647
1087547
1087523
1087507
1087536
1087513
1087483
1087396
1087421
1087392
1087381
1087325
1087375
1087325
1087229
1087185
1087214
1087145
1087070
1087101
1087059
1086939
1086931
1086890
1086924
1086899
1086982
1086926
1086927
1086906
1086879
1086885
1086920
1086791
1086870
1086847
1086908
1086994
1086990
1087066
1087060
1087059
1087105
1087094
1087227
1087323
1087306
1087427
1087501
1087492
1087628
1087635
1087779
1087797
1087863
1087972
1088012
1088105
1088198
1088302
1088453
1088454
1088400
1088397
1088412
1088343
1088334
1088245
1088317
1088327
1088310
1088360
1088415
1088363
1088352
1088367
1088280
1088219
1088248
1088195
1088151
1088177
1088087
1088042
1087944
1087957
1087907
1087933
1088025
1088024
1088047
1088187
1088173
1088108
1088105
1088175
1088143
1088161
1088263
1088397
1088494
1088682
1088804
1088863
1089029
1089035
1089179
1089229
1089314
1089414
1089587
1089765
1089912
1090017
1090153
1090237
1090327
1090520
1090661
1090758
1090937
1091088
1091252
1091486
1091648
1091787
1092002
1092125
1092217
1092473
1092654
1092879
1093083
1093191
1093414
1093538
1093720
1093812
1094002
1094053
1094138
1094143
1094207
1094263
1094305
1094355
1094424
1094478
1094653
1094623
1094776
1094849
1094911
1094940
1094988
1095025
1095092
1095132
1095148
1095228
1095228
1095235
1095238
1095256
1095307
1095368
1095304
1095259
1095221
1095168
1095082
1095028
1094920
1094978
1094928
1094865
1094816
1094781
1094730
1094641
1094670
1094596
1094466
1094424
1094285
1094256
1094276
1094205
1094286
1094217
1094166
1094148
1094055
1094024
1094055
1093982
1093959
1093864
1093881
1093918
1093873
1093897
1093811
1093852
1093742
1093782
1093811
1093785
1093658
1093695
1093688
1093708
1093681
1093667
1093602
1093579
1093416
1093455
1093407
1093272
1093180
1093117
1092921
1092754
1092534
1092365
1092215
1092091
1092026
1091922
1091800
1091731
1091596
1091599
1091508
1091474
1091442
1091370
1091244
1091185
1091046
1091011
1090940
1090847
1090898
1090731
1090738
1090672
1090668
1090567
1090498
1090375
1090295
1090176
1090120
1090014
1089911
1089875
1089872
1089775
1089718
1089710
1089612
1089572
1089480
1089406
1089328
1089284
1089313
1089215
1089226
1089197
1089217
1089179
1089126
1089109
1089106
1089101
1089152
1089145
1089202
1089215
1089190
1089215
1089236
1089274
1089310
1089311
1089250
1089299
1089349
1089422
1089440
1089479
1089545
1089484
1089563
1089626
1089608
1089625
1089559
1089388
1089359
1089281
1089087
1088997
1088839
1088822
1088749
1088665
1088734
1088731
1088646
1088524
1088533
1088352
1088250
1088121
1088089
1088023
1087931
1087818
1087705
1087675
1087704
1087477
1087388
1087342
1087468
1087394
1087381
1087372
1087382
1087390
1087384
1087437
1087456
1087493
1087591
1087653
1087729
1087749
1087810
1087890
1087978
1088048
1088040
1088160
1088241
1088323
1088449
1088525
1088729
1088733
1088873
1088930
1089057
1089315
1089304
1089422
1089510
1089621
1089734
1089801
1089863
1089970
1089987
1090116
1090192
1090275
1090328
1090395
1090494
1090575
1090607
1090624
1090559
1090524
1090411
1090395
1090363
1090281
1090198
1090141
1090133
1090138
1090125
1090143
1090131
1090069
1090093
1090095
1090065
1090044
1090035
1090038
1090105
1090192
1090144
1090173
1090167
1090245
1090188
1090185
1090205
1090213
1090124
1090067
1089986
1089892
1089861
1089804
1089797
1089851
1089796
1089803
1089723
1089721
1089815
1089796
1089976
1089987
1090049
1090159
1090140
1090117
1090128
1090211
1090210
