1088657
1088721
1088722
1088818
1088896
1088902
1089097
1089101
1089179
1089305
1089304
1089174
1089095
1088938
1088863
1088672
1088434
1088248
1087993
1087703
1087494
1087234
1086965
1086827
1086625
1086507
1086402
1086360
1086378
1086301
1086349
1086307
1086344
1086376
1086375
1086329
1086316
1086382
1086362
1086310
1086366
1086372
1086430
1086474
1086419
1086434
1086386
1086345
1086238
1086329
1086212
1086258
1086196
1086228
1086237
1086212
1086263
1086331
1086307
1086327
1086421
1086539
1086515
1086589
1086624
1086635
1086775
1086762
1086844
1086932
1087001
1087131
1087171
1087301
1087402
1087421
1087487
1087650
1087736
1087894
1088060
1088159
1088180
1088034
1087979
1087862
1087716
1087594
1087373
1087157
1086957
1086696
1086458
1086303
1086141
1086051
1085965
1085896
1085910
1085940
1085978
1085963
1086121
1086171
1086245
1086207
1086311
1086385
1086399
1086469
1086525
1086623
1086655
1086716
1086722
1086676
1086792
1086801
1086825
1086805
1086850
1086853
1086838
1086899
1086951
1086960
1086959
1086964
1087061
1087081
1087188
1087137
1087398
1087376
1087438
1087590
1087625
1087681
1087777
1087782
1087898
1088002
1088182
1088210
1088351
1088467
1088537
1088705
1088852
1088926
1089099
1089250
1089290
1089335
1089229
1089226
1089082
1088945
1088809
1088700
1088486
1088324
1088123
1087907
1087823
1087619
1087558
1087495
1087450
1087421
1087550
1087647
1087822
1087883
1087962
1088092
1088163
1088296
1088437
1088521
1088561
1088687
1088764
1088872
1088879
1089021
1088990
1089062
1089154
1089288
1089282
1089358
1089415
1089441
1089491
1089481
1089554
1089627
1089683
1089835
1089856
1090009
1090119
1090188
1090273
1090319
1090417
1090507
1090713
1090730
1090843
1091020
1091075
1091164
1091264
1091430
1091492
1091647
1091723
1091864
1091923
1092123
1092257
1092487
1092575
1092709
1092714
1092640
1092435
1092369
1092188
1092108
1091937
1091867
1091643
1091512
1091353
1091175
1091058
1091000
1090819
1090805
1090754
1090776
1090812
1090978
1091112
1091246
1091328
1091372
1091417
1091562
1091637
1091777
1091830
1091860
1092036
1092044
1092096
1092181
1092224
1092305
1092325
1092428
1092532
1092566
1092563
1092622
1092714
1092746
1092780
1092876
1093006
1093101
1093242
1093287
1093469
1093566
1093649
1093751
1093842
1093947
1094038
1094101
1094224
1094307
1094395
1094545
1094663
1094805
1094854
1095034
1095100
1095217
1095400
1095572
1095623
1095610
1095479
1095395
1095264
1095073
1095020
1094950
1094867
1094816
1094749
1094659
1094501
1094381
1094305
1094209
1094130
1094157
1094213
1094211
1094282
1094320
1094410
1094415
1094469
1094533
1094665
1094655
1094778
1094773
1094840
1094793
1094829
1094829
1094884
1094893
1094890
1094885
1094958
1094979
1095045
1095098
1095174
1095183
1095197
1095139
1095208
1095265
1095362
1095398
1095532
1095547
1095671
1095654
1095799
1095872
1095920
1095961
1095990
1096051
1096129
1096202
1096270
1096408
1096482
1096489
1096682
1096749
1096808
1096851
1096931
1096863
1096794
1096569
1096500
1096303
1096187
1096069
1095958
1095825
1095847
1095784
1095728
1095718
1095594
1095496
1095353
1095313
1095258
1095254
1095227
1095236
1095265
1095304
1095282
1095333
1095329
1095310
1095384
1095359
1095470
1095309
1095335
1095354
1095388
1095354
1095261
1095381
1095238
1095320
1095373
1095350
1095368
1095394
1095420
1095404
1095386
1095394
1095457
1095510
1095422
1095546
1095530
1095596
1095695
1095705
1095753
1095744
1095754
1095828
1095853
1095834
1095975
1096012
1096012
1096096
1096080
1096178
1096173
1096267
1096309
1096349
1096409
1096400
1096497
1096533
1096588
1096621
1096673
1096702
1096615
1096458
1096256
1096118
1096008
1095853
1095762
1095605
1095612
1095579
1095523
1095533
1095497
1095451
1095301
1095319
1095245
1095270
1095245
1095215
1095218
1095262
1095280
1095261
1095299
1095297
1095305
1095361
1095391
1095373
1095336
1095368
1095390
1095346
1095331
1095272
1095329
1095289
1095352
1095319
1095367
1095424
1095431
1095404
1095483
1095454
1095466
1095452
1095485
1095544
1095616
1095666
1095661
1095666
1095747
1095765
1095801
1095750
1095830
1095836
1095876
1095921
1095993
1096039
1096063
1096109
1096162
1096210
1096182
1096274
1096236
1096349
1096404
1096455
1096425
1096498
1096550
1096566
1096526
1096619
1096619
1096610
1096446
1096368
1096220
1096151
1095926
1095907
1095807
1095844
1095797
1095741
1095744
1095733
1095740
1095691
1095669
1095645
1095536
1095640
1095562
1095632
1095677
1095668
1095746
1095766
1095822
1095832
1095835
1095803
1095791
1095822
1095809
1095897
1095853
1095778
1095785
1095735
1095771
1095743
1095779
1095797
1095843
1095829
1095905
1095880
1095867
1095847
1095940
1095871
1095983
1095971
1096035
1096019
1096025
1096120
1096062
1096142
1096149
1096171
1096158
1096252
1096343
1096376
1096453
1096476
1096519
1096528
1096583
1096708
1096714
1096795
1096889
1096865
1096868
1096963
1097089
1097118
1097114
1097157
1097239
1097306
1097328
1097335
1097318
1097231
1097142
1096975
1096867
1096771
1096647
1096615
1096539
1096481
1096412
1096433
1096484
1096463
1096505
1096401
1096392
1096353
1096344
1096351
1096355
1096458
1096468
1096451
1096460
1096483
1096548
1096525
1096503
1096470
1096574
1096603
1096578
1096578
1096583
1096562
1096578
1096566
1096532
1096566
1096515
1096596
1096519
1096486
1096536
1096551
1096532
1096581
1096556
1096567
1096572
1096557
1096594
1096677
1096667
1096695
1096785
1096801
1096820
1096796
1096848
1096951
1097034
1097001
1097083
1097154
1097145
1097207
1097289
1097340
1097411
1097464
1097511
1097574
1097679
1097666
1097740
1097846
1097877
1097952
1098011
1097914
1097908
1097763
1097582
1097466
1097312
1097210
1097147
1097124
1097011
1096976
1096993
1096967
1096842
1096839
1096751
1096702
1096709
1096646
1096622
1096636
1096616
1096676
1096623
1096651
1096664
1096675
1096726
1096681
1096745
1096726
1096727
1096638
1096669
1096733
1096603
1096695
1096658
1096626
1096642
1096652
1096585
1096604
1096603
1096564
1096586
1096574
1096465
1096483
1096541
1096484
1096492
1096520
1096466
1096562
1096579
1096526
1096586
1096570
1096648
1096665
1096738
1096686
1096721
1096878
1096861
1096921
1096903
1097017
1097070
1097133
1097157
1097244
1097197
1097264
1097366
1097366
1097421
1097524
1097648
1097623
1097623
1097505
1097319
1097212
1097031
1096953
1096747
1096628
1096580
1096486
1096406
1096338
1096290
1096175
1096015
1095944
1095915
1095888
1095873
1095770
1095787
1095798
1095799
1095784
1095801
1095805
1095709
1095705
1095799
1095689
1095733
1095751
1095719
1095712
1095670
1095677
1095598
1095663
1095585
1095610
1095541
1095596
1095496
1095551
1095472
1095463
1095507
1095416
1095353
1095394
1095411
1095400
1095391
1095351
1095435
1095400
1095435
1095458
1095480
1095482
1095534
1095582
1095592
1095646
1095653
1095688
1095737
1095882
1095895
1095912
1095939
1096053
1096093
1096114
1096130
1096210
1096276
1096304
1096458
1096473
1096394
1096208
1096164
1095912
1095716
1095610
1095405
1095300
1095185
1095078
1094951
1094871
1094755
1094604
1094502
1094409
1094308
1094182
1094170
1094111
1094079
1094002
1094018
1093959
1093925
1093978
1093966
1093999
1093945
1093917
1093907
1093909
1093904
1093883
1093805
1093786
1093790
1093721
1093739
1093619
1093701
1093573
1093530
1093500
1093537
1093526
1093486
1093454
1093456
1093425
1093479
1093464
1093431
1093457
1093452
1093517
1093499
1093467
1093546
1093517
1093568
1093599
1093657
1093700
1093781
1093808
1093889
1093924
1093984
1094021
1094013
1094168
1094177
1094211
1094218
1094328
1094418
1094416
1094297
1094101
1093959
1093828
1093561
1093441
1093217
1093144
1092943
1092868
1092647
1092581
1092389
1092228
1092081
1092032
1091959
1091894
1091816
1091825
1091797
1091761
1091784
1091675
1091738
1091720
1091702
1091692
1091707
1091679
1091721
1091652
1091633
1091667
1091552
1091583
1091638
1091605
1091568
1091528
1091476
1091451
1091465
1091427
1091343
1091374
1091363
1091364
1091353
1091346
1091392
1091426
1091517
1091407
1091445
1091462
1091439
1091575
1091575
1091563
1091590
1091706
1091762
1091765
1091824
1091974
1091953
1092032
1092082
1092081
1092109
1092169
1092294
1092413
1092383
1092302
1092248
1092077
1091846
1091675
1091406
1091268
1091182
1090796
1090660
1090553
1090395
1090262
1090145
1090026
1089946
1089822
1089844
1089802
1089762
1089851
1089816
1089827
1089788
1089868
1089849
1089868
1089842
1089917
1089922
1089953
1089883
1089851
1089899
1089864
1089805
1089897
1089868
1089859
1089832
1089850
1089738
1089786
1089784
1089762
1089787
1089726
1089725
1089796
1089753
1089855
1089828
1089862
1089874
1089916
1089956
1090055
1090090
1090073
1090095
1090180
1090309
1090343
1090436
1090544
1090577
1090702
1090795
1090813
1090838
1090913
1090972
1091115
1091142
1091174
1091004
1090926
1090732
1090499
1090307
1090217
1089988
1089829
1089771
1089557
1089363
1089215
1089167
1088997
1088888
1088824
1088751
1088671
1088627
1088659
1088718
1088730
1088716
1088670
1088748
1088820
1088825
1088797
1088776
1088912
1088832
1088961
1088957
1088953
1088938
1088967
1088950
1088931
1088943
1088924
1088995
1088875
1088919
1088863
1088898
1088929
1088920
1088960
1088984
1088958
1089102
1089092
1089065
1089163
1089230
1089285
1089272
1089305
1089429
1089436
1089501
1089609
1089768
1089785
1089916
1089925
1089982
1090111
1090129
1090117
1090312
1090370
1090460
1090531
1090356
1090191
1090108
1089991
1089766
1089563
1089410
1089251
1089155
1088988
1088829
1088670
1088553
1088436
1088227
1088224
1088130
1088091
1088108
1088105
1088112
1088149
1088241
1088214
1088218
1088243
1088249
1088298
1088279
1088329
1088397
1088367
1088352
1088449
1088420
1088441
1088383
1088424
1088435
1088377
1088415
1088416
1088330
1088366
1088382
1088386
1088404
1088434
1088437
1088453
1088506
1088480
1088600
1088627
1088623
1088646
1088696
1088780
1088827
1088859
1088974
1089075
1089123
1089187
1089283
1089295
1089372
1089410
1089514
1089653
1089690
1089626
1089525
1089361
1089243
1089046
1088880
1088693
1088513
1088392
1088247
1088145
1088056
1087920
1087701
1087642
1087578
1087496
1087450
1087466
1087470
1087530
1087551
1087511
1087535
1087594
1087661
1087685
1087676
1087706
1087740
1087713
1087802
1087788
1087727
1087781
1087748
1087762
1087839
1087889
1087857
1087854
1087864
1087777
1087772
1087856
1087887
1087791
1087993
1087946
1088017
1088024
1088089
1088136
1088183
1088223
1088246
1088272
1088360
1088392
1088492
1088640
1088671
1088779
1088769
1088964
1088964
1089064
1089197
1089304
1089381
1089427
1089495
1089408
1089312
1089205
1089063
1089020
1088880
1088732
1088606
1088544
1088562
1088504
1088510
1088437
1088325
1088416
1088318
1088403
1088325
1088396
1088422
1088460
1088523
1088601
1088704
1088725
1088744
1088795
1088890
1088935
1088913
1088984
1088969
1089046
1089048
1089114
1089173
1089164
1089232
1089318
1089276
1089298
1089338
1089383
1089406
1089451
1089502
1089547
1089602
1089645
1089661
1089758
1089821
1089910
1089955
1089980
1090075
1090136
1090188
1090321
1090415
1090553
1090621
1090710
1090808
1090843
1090927
1091082
1091114
1091244
1091354
1091395
1091378
1091322
1091193
1091133
1091116
1090960
1090986
1091030
1090994
1091030
1091143
1091182
1091221
1091148
1091260
1091189
1091244
1091350
1091410
1091518
1091519
1091643
1091677
1091735
1091819
1091892
1092005
1091954
1092027
1092104
1092153
1092233
1092177
1092322
1092405
1092504
1092539
1092599
1092691
1092715
1092830
1092794
1092937
1092914
1093004
1093047
1093102
1093151
1093277
1093321
1093365
1093438
1093468
1093601
1093615
1093761
1093750
1093876
1093955
1094126
1094220
1094291
1094402
1094501
1094637
1094740
1094808
1094889
1095021
1095104
1095149
1095274
1095392
1095426
1095314
1095283
1095214
1095178
1095073
1095045
1095111
1095228
1095216
1095326
1095328
1095437
1095351
1095466
1095457
1095538
1095615
1095659
1095733
1095771
1095829
1095883
1096011
1096004
1096077
1096124
1096258
1096236
1096306
1096291
1096347
1096434
1096449
1096492
1096572
1096548
1096657
1096710
1096748
1096842
1096799
1096843
1096884
1096945
1097012
1097072
1097101
1097098
1097193
1097235
1097293
1097434
1097453
1097490
1097549
1097659
1097644
1097772
1097826
1097899
1097886
1098014
1098136
1098258
1098357
1098394
1098523
1098606
1098613
1098695
1098876
1098942
1099064
1099120
1099227
1099308
1099355
1099409
1099363
1099280
1099283
1099180
1099145
1099170
1099152
1099160
1099211
1099248
1099386
1099413
1099512
1099443
1099552
1099507
1099542
1099618
1099729
1099765
1099822
1099879
1099883
1099951
1100050
1100072
1100113
1100128
1100247
1100200
1100322
1100332
1100416
1100421
1100428
1100581
1100570
1100598
1100649
1100698
1100709
1100710
1100792
1100859
1100840
1100938
1100964
1101052
1101060
1101069
1101066
1101184
1101210
1101231
1101322
1101307
1101345
1101472
1101505
1101638
1101605
1101660
1101789
1101833
1101998
1102027
1102079
1102172
1102272
1102346
1102378
1102441
1102470
1102551
1102591
1102764
1102793
1102776
1102766
1102697
1102600
1102555
1102404
1102405
1102392
1102459
1102472
1102518
1102615
1102620
1102741
1102704
1102690
1102719
1102706
1102754
1102815
1102841
1102876
1102913
1103028
1103026
1103066
1103137
1103155
1103221
1103260
1103243
1103273
1103386
1103311
1103389
1103436
1103469
1103463
1103525
1103547
1103598
1103570
1103626
1103612
1103693
1103694
1103684
1103745
1103705
1103756
1103820
1103839
1103872
1103975
1103933
1104000
1104075
1104030
1104153
1104109
1104188
1104251
1104302
1104379
1104425
1104457
1104531
1104598
1104705
1104687
1104683
1104800
1104810
1104793
1104895
1104960
1105064
1105027
1104914
1104908
1104795
1104654
1104603
1104581
1104547
1104524
1104570
1104601
1104612
1104682
1104716
1104715
1104663
1104650
1104646
1104698
1104726
1104798
1104758
1104830
1104867
1104911
1104897
1104965
1104946
1104984
1104985
1104946
1105021
1104997
1105026
1105011
1105045
1105039
1105122
1105047
1105123
1105104
1105169
1105194
1105154
1105110
1105165
1105159
1105151
1105090
1105163
1105072
1105204
1105202
1105229
1105249
1105289
1105288
1105332
1105256
1105308
1105411
1105380
1105451
1105558
1105577
1105601
1105631
1105632
1105682
1105682
1105763
1105742
1105804
1105877
1105937
1105941
1105830
1105808
1105594
1105531
1105458
1105369
1105330
1105236
1105252
1105173
1105231
1105304
1105221
1105241
1105203
1105128
1105057
1105027
1105049
1105101
1105159
1105126
1105087
1105042
1105126
1105093
1105171
1105177
1105065
1105140
1105052
1105152
1105076
1105041
1105076
1105015
1105028
1105025
1104989
1105046
1105013
1104995
1105036
1104962
1104954
1104958
1104971
1104904
1104950
1104929
1104978
1104905
1104941
1104887
1104948
1104974
1105026
1104950
1105020
1105024
1105063
1105091
1105092
1105173
1105176
1105224
1105259
1105266
1105296
1105338
1105289
1105319
1105336
1105420
1105311
1105230
1105092
1105004
1104883
1104785
1104650
1104633
1104636
1104596
1104590
1104574
1104561
1104482
1104507
1104413
1104332
1104341
1104332
1104305
1104334
1104305
1104339
1104311
1104372
1104311
1104289
1104349
1104413
1104337
1104272
1104274
1104299
1104224
1104186
1104209
1104242
1104243
1104219
1104194
1104141
1104125
1104147
1104166
1104085
1104086
1104083
1104053
1104007
1104057
1104078
1104052
1104071
1104039
1104058
1104031
1104065
1104052
1104058
1104104
1104216
1104195
1104236
1104289
1104308
1104314
1104385
1104360
1104390
1104446
1104458
1104525
1104479
1104438
1104357
1104228
1104140
1104075
1103938
1103793
1103770
1103759
1103804
1103681
1103760
1103756
1103756
1103705
1103634
1103621
1103581
1103557
1103640
1103585
1103620
1103659
1103616
1103660
1103671
1103644
1103590
1103683
1103716
1103602
1103681
1103633
1103631
1103585
1103677
1103646
1103681
1103728
1103683
1103752
1103748
1103692
1103686
1103774
1103648
1103625
1103692
1103697
1103815
1103743
1103783
1103793
1103780
1103772
1103778
1103817
1103901
1103857
1103979
1104026
1104034
1104104
1104186
1104273
1104288
1104336
1104273
1104353
1104358
1104453
1104516
1104468
1104461
1104396
1104258
1104142
1104065
1104000
1103947
1103924
1103867
1103937
1103956
1103972
1103940
1103909
1103866
1103886
1103866
1103808
1103896
1103929
1103956
1103969
1103984
1103984
1104018
1104082
1104074
1104136
1104196
1104133
1104145
1104134
1104097
1104175
1104167
1104189
1104219
1104257
1104240
1104291
1104235
1104314
1104213
1104295
1104320
1104197
1104238
1104260
1104221
1104258
1104425
1104382
1104427
1104462
1104489
1104492
1104468
1104486
1104576
1104612
1104631
1104706
1104795
1104828
1104901
1104814
1104903
1104908
1104943
1105033
1105076
1104979
1104923
1104792
1104760
1104683
1104668
1104526
1104531
1104460
1104529
1104586
1104638
1104621
1104584
1104554
1104545
1104514
1104573
1104502
1104569
1104595
1104573
1104575
1104620
1104627
1104725
1104689
1104709
1104701
1104686
1104737
1104687
1104792
1104797
1104787
1104793
1104780
1104707
1104824
1104782
1104835
1104885
1104853
1104829
1104797
1104852
1104858
1104818
1104834
1104948
1104892
1104930
1104899
1105020
1105032
1105022
1105062
1105122
1105117
1105205
1105256
1105288
1105311
1105370
1105353
1105432
1105460
1105553
1105579
1105546
1105516
1105445
1105341
1105242
1105207
1105120
1105100
1105016
1105059
1105165
1105132
1105099
1105150
1105053
1104992
1105029
1105001
1105108
1105006
1105088
1105060
1105063
1105147
1105123
1105281
1105233
1105198
1105219
1105224
1105282
1105228
1105265
1105255
1105234
1105246
1105230
1105290
1105248
1105321
1105325
1105284
1105308
1105281
1105243
1105290
1105278
1105258
1105350
1105333
1105303
1105326
1105385
1105420
1105405
1105389
1105448
1105467
1105579
1105562
1105607
1105582
1105635
1105653
1105773
1105708
1105822
1105832
1105785
1105789
1105717
1105635
1105502
1105370
1105337
1105362
1105258
1105251
1105253
1105343
1105333
1105271
1105316
1105314
1105279
1105229
1105261
1105214
1105315
1105268
1105320
1105238
1105359
1105400
1105409
1105385
1105393
1105424
1105418
1105408
1105448
1105404
1105342
1105416
1105415
1105406
1105435
1105430
1105433
1105491
1105445
1105434
1105424
1105495
1105432
1105456
1105494
1105489
1105562
1105516
1105504
1105589
1105630
1105599
1105572
1105685
1105722
1105790
1105767
1105786
1105890
1105924
1105902
1105990
1106006
1106043
1106043
1105975
1105878
1105805
1105709
1105660
1105567
1105546
1105565
1105610
1105622
1105637
1105591
1105630
1105599
1105582
1105579
1105505
1105579
1105600
1105625
1105644
1105560
1105623
1105705
1105676
1105713
1105705
1105700
1105721
1105763
1105710
1105709
1105754
1105701
1105657
1105746
1105726
1105713
1105707
1105741
1105661
1105684
1105677
1105620
1105633
1105687
1105714
1105685
1105703
1105707
1105707
1105723
1105705
1105808
1105763
1105780
1105796
1105860
1105911
1105899
1105963
1106005
1106023
1106017
1106064
1106073
1106104
1106082
1105979
1105812
1105757
1105658
1105592
1105531
1105418
1105435
1105534
1105449
1105550
1105491
1105450
1105455
1105450
1105394
1105370
1105315
1105371
1105404
1105356
1105404
1105385
1105387
1105429
1105451
1105435
1105385
1105421
1105353
1105472
1105311
1105382
1105395
1105327
1105307
1105318
1105354
1105294
1105267
1105288
1105247
1105311
1105232
1105196
1105208
1105225
1105253
1105199
1105155
1105217
1105181
1105173
1105197
1105245
1105249
1105313
1105283
1105281
1105265
1105383
1105372
1105387
1105446
1105466
1105454
1105444
1105338
1105193
1105125
1105044
1104919
1104832
1104848
1104886
1104746
1104818
1104796
1104861
1104815
1104797
1104733
1104714
1104651
1104613
1104638
1104666
1104638
1104687
1104625
1104635
1104664
1104683
1104659
1104568
1104548
1104543
1104546
1104498
1104483
1104479
1104498
1104500
1104388
1104456
1104430
1104361
1104321
1104338
1104332
1104352
1104285
1104271
1104217
1104228
1104266
1104223
1104269
1104241
1104200
1104201
1104175
1104224
1104214
1104286
1104303
1104366
1104348
1104405
1104370
1104374
1104415
1104402
1104388
1104291
1104098
1104041
1103845
1103787
1103719
1103749
1103667
1103627
1103643
1103653
1103600
1103544
1103543
1103467
1103441
1103470
1103408
1103385
1103388
1103314
1103297
1103265
1103258
1103302
1103321
1103330
1103315
1103256
1103204
1103159
1103183
1103073
1103163
1103056
1103064
1103027
1102981
1102993
1102955
1102941
1102909
1102912
1102926
1102892
1102839
1102882
1102781
1102885
1102842
1102899
1102857
1102815
1102805
1102829
1102834
1102864
1102848
1102877
1102880
1102994
1103013
1102980
1103016
1103063
1103018
1103103
1103088
1103107
1103119
1102990
1102872
1102768
1102617
1102539
1102455
1102470
1102407
1102421
1102382
1102417
1102419
1102400
1102331
1102269
1102326
1102205
1102229
1102217
1102257
1102247
1102225
1102295
1102217
1102283
1102273
1102245
1102253
1102210
1102224
1102249
1102142
1102156
1102159
1102160
1102170
1102151
1102194
1102249
1102119
1102144
1102137
1102126
1102092
1102143
1102099
1102135
1102138
1102119
1102188
1102103
1102129
1102124
1102148
1102131
1102185
1102285
1102294
1102301
1102307
1102326
1102415
1102412
1102380
1102476
1102449
1102503
1102400
1102318
1102219
1102200
1102066
1102030
1101967
1101916
1101880
1101954
1101995
1101977
1102015
1101998
1101956
1102019
1101958
1101964
1101956
1102001
1101969
1101961
1101949
1101946
1102026
1102035
1101978
1101997
1101977
1102008
1101919
1101935
1101912
1101865
1101875
1101907
1101882
1101876
1101885
1101929
1101831
1101875
1101843
1101841
1101793
1101871
1101876
1101837
1101889
1101832
1101877
1101827
1101917
1101907
1101893
1101911
1101961
1102065
1102028
1102075
1102108
1102182
1102176
1102289
1102298
1102382
1102426
1102446
1102443
1102329
1102303
1102220
1102200
1102095
1102084
1102082
1102093
1102132
1102186
1102299
1102311
1102363
1102358
1102312
1102310
1102205
1102304
1102304
1102312
1102297
1102261
1102312
1102363
1102451
1102422
1102455
1102368
1102305
1102367
1102316
1102276
1102241
1102230
1102297
1102322
1102278
1102306
1102347
1102241
1102331
1102215
1102274
1102310
1102337
1102263
1102304
1102287
1102298
1102338
1102401
1102362
1102435
1102428
1102477
1102591
1102603
1102621
1102744
1102736
1102742
1102783
1102811
1102894
1102883
1102975
1103010
1102979
1102817
1102783
1102761
1102715
1102664
1102731
1102803
1102787
1102870
1102994
1102975
1103060
1103031
1103054
1103027
1103039
1103013
1103081
1103093
1103083
1103110
1103169
1103154
1103257
1103254
1103233
1103166
1103118
1103177
1103195
1103144
1103232
1103257
1103244
1103329
1103299
1103328
1103330
1103360
1103307
1103329
1103299
1103313
1103346
1103316
1103386
1103336
1103444
1103419
1103496
1103548
1103626
1103492
1103596
1103591
1103617
1103692
1103740
1103827
1103842
1103869
1103976
1104047
1104005
1103977
1103924
1103876
1103859
1103753
1103844
1103829
1103803
1103957
1103959
1104082
1104081
1104118
1104090
1104093
1104142
1104140
1104115
1104181
1104175
1104196
1104213
1104187
1104200
1104266
1104350
1104288
1104234
1104220
1104280
1104205
1104197
1104254
1104271
1104274
1104269
1104211
1104256
1104274
1104286
1104290
1104283
1104283
1104258
1104245
1104368
1104355
1104429
1104445
1104499
1104493
1104602
1104667
1104712
1104810
1104870
1105044
1105147
1105254
1105412
1105519
1105706
1105848
1105978
1106085
1106085
1106120
1106168
1106224
1106278
1106378
1106470
1106634
1106857
1107050
1107133
1107272
1107437
1107480
1107642
1107742
1107909
1107972
1108147
1108222
1108365
1108425
1108549
1108600
1108778
1108849
1109029
1109065
1109028
1109125
1109149
1109171
1109183
1109235
1109271
1109312
1109270
1109381
1109416
1109396
1109441
1109442
1109508
1109553
1109543
1109628
1109583
1109690
1109711
1109696
1109778
1109789
1109851
1109894
1109946
1109983
1110002
1110083
1110175
1110138
1110196
1110262
1110213
1110193
1110122
1109946
1109892
1109816
1109776
1109744
1109784
1109744
1109785
1109667
1109793
1109776
1109736
1109729
1109684
1109666
1109611
1109670
1109631
1109671
1109634
1109655
1109644
1109574
1109611
1109663
1109599
1109547
1109537
1109463
1109504
1109354
1109379
1109372
1109344
1109331
1109309
1109322
1109300
1109195
1109203
1109163
1109108
1109075
1109117
1109028
1109017
1109020
1108994
1109004
1108980
1108917
1108935
1108951
1108889
1108984
1108881
1108925
1108882
1108824
1108841
1108866
1108808
1108724
1108597
1108441
1108292
1108222
1108083
1107958
1107927
1107888
1107914
1107888
1107862
1107793
1107776
1107697
1107646
1107599
1107525
1107496
1107452
1107438
1107433
1107393
1107404
1107418
1107380
1107466
1107341
1107383
1107302
1107272
1107188
1107181
1107081
1107122
1107058
1107050
1107062
1107036
1106960
1106950
1106927
1106903
1106808
1106772
1106822
1106769
1106732
1106742
1106747
1106765
1106767
1106783
1106787
1106782
1106747
1106785
1106790
1106754
1106846
1106870
1106847
1106943
1106989
1107007
1107008
1106904
1106860
1106773
1106707
1106614
1106639
1106592
1106696
1106668
1106864
1106880
1107032
1107076
1107045
1107111
1107167
1107182
1107212
1107149
1107343
1107361
1107415
1107491
1107657
1107706
1107797
1107885
1107904
1107914
1107996
1107962
1108057
1108075
1108067
1108224
1108250
1108387
1108397
1108471
1108535
1108597
1108669
1108649
1108654
1108790
1108866
1108932
1109002
1109098
1109202
1109248
1109308
1109363
1109494
1109574
1109578
1109710
1109784
1109904
1109958
1110048
1110075
1110144
1110144
1109960
1109961
1109924
1109837
1109813
1109798
1109779
1109902
1109820
1109831
1109939
1109920
1109881
1109911
1109831
1109929
1109890
1109807
1109798
1109876
1109852
1109853
1109848
1109812
1109828
1109788
1109828
1109685
1109645
1109609
1109546
1109548
1109491
1109463
1109469
1109477
1109526
1109430
1109481
1109416
1109473
1109473
1109431
1109452
1109490
1109467
1109465
1109492
1109522
1109390
1109452
1109495
1109456
1109511
1109438
1109434
1109418
1109466
1109475
1109438
1109485
1109517
1109464
1109445
1109405
1109361
1109276
1109110
1109050
1108986
1108843
1108774
1108777
1108717
1108690
1108737
1108758
1108804
1108805
1108760
1108770
1108691
1108735
1108662
1108604
1108579
1108637
1108673
1108656
1108624
1108630
1108643
1108670
1108638
1108625
1108602
1108626
1108602
1108609
1108542
1108462
1108521
1108451
1108481
1108488
1108471
1108443
1108439
1108421
1108475
1108457
1108400
1108499
1108465
1108464
1108471
1108481
1108454
1108466
1108415
1108454
1108455
1108501
1108485
1108542
1108515
1108539
1108432
1108469
1108538
1108484
1108544
1108495
1108555
1108373
1108431
1108406
1108320
1108206
1108017
1108021
1107915
1107808
1107739
1107715
1107672
1107655
1107676
1107714
1107641
1107565
1107503
1107497
1107393
1107326
1107376
1107411
1107432
1107379
1107422
1107280
1107423
1107369
1107355
1107335
1107341
1107317
1107269
1107282
1107278
1107269
1107225
1107223
1107259
1107169
1107202
1107160
1107136
1107105
1107126
1107154
1107128
1107092
1107124
1107154
1107181
1107188
1107225
1107272
1107221
1107263
1107329
1107322
1107337
1107343
1107437
1107449
1107471
1107529
1107602
1107616
1107681
1107659
1107753
1107779
1107850
1107893
1107896
1107975
1108009
1107982
1108019
1108068
1108134
1108071
1107934
1107904
1107923
1107789
1107763
1107753
1107808
1107834
1107849
1107875
1107910
1107885
1107879
1107873
1107912
1107881
1107728
1107698
1107666
1107605
1107642
1107586
1107561
1107578
1107582
1107619
1107633
1107639
1107658
1107633
1107611
1107629
1107598
1107622
1107634
1107695
1107660
1107695
1107763
1107767
1107790
1107785
1107778
1107769
1107789
1107701
1107802
1107763
1107843
1107830
1107989
1108001
1108003
1107947
1108081
1108176
1108200
1108253
1108310
1108369
1108510
1108540
1108615
1108668
1108709
1108769
1108811
1108976
1109057
1109058
1109147
1109194
1109243
1109338
1109268
1109343
1109323
1109312
1109224
1109233
1109252
1109235
1109291
1109318
1109381
1109472
1109406
1109496
1109494
1109463
1109485
1109468
1109447
1109475
1109389
1109373
1109425
1109378
1109332
1109411
1109397
1109392
1109359
1109405
1109369
1109355
1109395
1109313
1109366
1109417
1109397
1109426
1109420
1109479
1109500
1109469
1109403
1109473
1109408
1109449
1109490
1109489
1109509
1109578
1109630
1109583
1109606
1109686
1109715
1109788
1109769
1109843
1109852
1109949
1109997
1110139
1110113
1110118
1110265
1110326
1110347
1110429
1110463
1110575
1110682
1110728
1110706
1110853
1110838
1110869
1110901
1110845
1110879
1110779
1110811
1110805
1110824
1110808
1110872
1110993
1110998
1111021
1111024
1111077
1111065
1111085
1111011
1111014
1111004
1110961
1110938
1110911
1110946
1110939
1110990
1110983
1110932
1111007
1110978
1110987
1110921
1110961
1110956
1110989
1110993
1111020
1111061
1111120
1111098
1111148
1111062
1111117
1111156
1111193
1111175
1111145
1111238
1111269
1111387
1111417
1111425
1111461
1111446
1111525
1111632
1111645
1111817
1111844
1111940
1112015
1112079
1112165
1112248
1112389
1112375
1112480
1112585
1112658
1112744
1112750
1112902
1112895
1112901
1112887
1112908
1112848
1112886
1112978
1112971
1113012
1113042
1113097
1113156
1113208
1113249
1113153
1113105
1113092
1113088
1113061
1113054
1113031
1113053
1113021
1113059
1113001
1113010
1112944
1112945
1112978
1112941
1112871
1112894
1112814
1112880
1112873
1112807
1112873
1112820
1112798
1112776
1112838
1112758
1112742
1112780
1112685
1112758
1112625
1112687
1112677
1112699
1112687
1112671
1112726
1112690
1112754
1112763
1112813
1112823
1112926
1112998
1112976
1112959
1113043
1113140
1113115
1113179
1113202
1113282
1113301
1113388
1113337
1113440
1113435
1113479
1113446
1113460
1113399
1113284
1113202
1113148
1113198
1113095
1113091
1113068
1113116
1113084
1113054
1113028
1112969
1112901
1112901
1112863
1112726
1112673
1112718
1112583
1112571
1112490
1112438
1112412
1112490
1112406
1112333
1112313
1112307
1112280
1112263
1112202
1112194
1112128
1112113
1112076
1112152
1112106
1112122
1112071
1112039
1112023
1111985
1111977
1111957
1112063
1111991
1111976
1111940
1112042
1112066
1111984
1112037
1112151
1112062
1112103
1112064
1112121
1112107
1112142
1112190
1112155
1112124
1112176
1112169
1112224
1112199
1112179
1112104
1112110
1112066
1111991
1111892
1111839
1111710
1111567
1111460
1111362
1111269
1111159
1111104
1111012
1111005
1110915
1110824
1110677
1110614
1110482
1110352
1110312
1110223
1110133
1110064
1109979
1109930
1109933
1109862
1109906
1109825
1109795
1109661
1109544
1109571
1109437
1109369
1109266
1109200
1109153
1109021
1108953
1108874
1108833
1108752
1108759
1108693
1108653
1108627
1108556
1108531
1108505
1108522
1108524
1108419
1108347
1108338
1108342
1108184
1108186
1108125
1108077
1108064
1108092
1108002
1108095
1107958
1107954
1107995
1107956
1107956
1107932
1107842
1107772
1107706
1107644
1107581
1107425
1107282
1107128
1106881
1106797
1106649
1106526
1106398
1106249
1106169
1106178
1106082
1106117
1105926
1105918
1105810
1105703
1105610
1105544
1105497
1105467
1105430
1105300
1105248
1105304
1105163
1105126
1105023
1105014
1104905
1104802
1104734
1104673
1104616
1104536
1104547
1104479
1104325
1104341
1104290
1104388
1104372
1104261
1104283
1104208
1104261
1104202
1104285
1104332
1104269
1104265
1104339
1104328
1104445
1104459
1104514
1104558
1104684
1104773
1104840
1104852
1104907
1105052
1105046
1105081
1105066
1105148
1105007
1104997
1104929
1104868
1104847
1104772
1104720
1104714
1104683
1104706
1104641
1104589
1104506
1104444
1104368
1104312
1104246
1104215
1104050
1104124
1104052
1103942
1103990
1103981
1103919
1103886
1103895
1103888
1103866
1103804
1103797
1103778
1103775
1103753
1103819
1103821
1103822
1103738
1103754
1103797
1103791
1103780
1103761
1103773
1103705
1103670
1103665
1103634
1103578
1103602
1103598
1103590
1103647
1103670
1103678
1103695
1103743
1103679
1103695
1103674
1103583
1103575
1103506
1103327
1103303
1103192
1103081
1103016
1102852
1102754
1102577
1102453
1102341
1102306
1102103
1102080
1102100
1102090
1102138
1102213
1102233
1102239
1102268
1102295
1102431
1102459
1102661
1102795
1102848
1103015
1103120
1103254
1103358
1103514
1103639
1103989
1104203
1104252
1104424
1104728
1104972
1105158
1105416
1105706
1105927
1106066
1106397
1106568
1106789
1107001
1107217
1107518
1107697
1107942
1108143
1108379
1108561
1108804
1108981
1109208
1109505
1109622
1109788
1109929
1109999
1110188
1110177
1110246
1110371
1110471
1110556
1110754
1110875
1111017
1111223
1111369
1111522
1111700
1111811
1111924
1112196
1112313
1112455
1112634
1112716
1112871
1112899
1113036
1113153
1113268
1113392
1113498
1113534
1113634
1113752
1113795
1113902
1114032
1114128
1114357
1114423
1114538
1114693
1114857
1114891
1114972
1115074
1115138
1115299
1115295
1115513
1115579
1115625
1115793
1115928
1116013
1116104
1116219
1116298
1116382
1116462
1116549
1116641
1116688
1116721
1116692
1116656
1116707
1116579
1116680
1116681
1116628
1116684
1116684
1116668
1116669
1116747
1116793
1116805
1116832
1116804
1116864
1116846
1116921
1116947
1116925
1116983
1117143
1117160
1117180
1117247
1117271
1117272
1117344
1117310
1117301
1117287
1117298
1117262
1117307
1117370
1117376
1117410
1117479
1117493
1117495
1117529
1117563
1117545
1117515
1117587
1117566
1117695
1117739
1117749
1117764
1117808
1117879
1117832
1117876
1117912
1117924
1117988
1118003
1117997
1118064
1118152
1118152
1118226
1118222
1118280
1118273
1118262
1118355
1118319
1118363
1118307
1118162
1118090
1117981
1118013
1117897
1117887
1117855
1117834
1117828
1117833
