1518324
1517911
1517443
1516891
1516150
1515614
1515059
1514593
1514191
1513978
1513758
1513568
1513485
1513402
1513491
1513391
1513397
1513306
1513341
1513478
1513540
1513560
1513586
1513732
1513851
1513932
1514089
1514184
1514361
1514398
1514459
1514503
1514513
1514731
1514695
1514731
1514769
1514793
1514842
1514861
1515000
1515077
1515064
1515180
1515296
1515433
1515492
1515637
1515625
1515966
1516035
1516087
1516352
1516408
1516636
1516771
1516916
1517133
1517233
1517447
1517573
1517721
1517817
1517820
1517576
1517231
1516881
1516336
1515687
1515096
1514506
1514054
1513720
1513433
1513157
1513033
1512990
1512860
1512810
1512840
1512733
1512721
1512804
1512842
1512958
1512906
1513113
1513136
1513221
1513351
1513462
1513598
1513722
1513789
1513902
1514036
1514003
1514101
1514135
1514158
1514162
1514240
1514233
1514320
1514370
1514406
1514526
1514560
1514616
1514788
1514823
1514937
1515005
1515310
1515325
1515448
1515602
1515765
1515886
1516090
1516238
1516430
1516575
1516704
1516779
1516907
1516845
1516667
1516223
1515772
1515115
1514617
1513962
1513452
1513132
1512844
1512595
1512535
1512381
1512241
1512229
1512149
1512213
1512241
1512194
1512243
1512391
1512492
1512540
1512663
1512713
1512824
1512955
1513149
1513299
1513364
1513452
1513613
1513691
1513681
1513801
1513852
1513911
1514020
1514057
1514115
1514186
1514290
1514362
1514506
1514579
1514733
1514868
1514900
1515135
1515270
1515476
1515595
1515836
1516004
1516071
1516276
1516472
1516673
1516869
1517068
1517239
1517357
1517528
1517682
1517518
1517280
1516911
1516402
1515853
1515133
1514522
1514146
1513632
1513235
1513026
1512922
1512663
1512673
1512609
1512557
1512582
1512667
1512670
1512780
1512890
1512934
1512968
1513046
1513209
1513417
1513560
1513738
1513862
1513941
1514073
1514076
1514215
1514318
1514315
1514204
1514461
1514468
1514521
1514487
1514570
1514683
1514822
1514915
1515015
1515179
1515314
1515463
1515540
1515750
1515830
1516009
1516153
1516369
1516549
1516659
1516874
1517066
1517287
1517464
1517605
1517749
1517861
1517936
1517771
1517529
1517074
1516527
1515940
1515281
1514715
1514122
1513735
1513351
1513113
1512965
1512855
1512785
1512734
1512677
1512651
1512687
1512727
1512770
1512903
1512905
1512999
1513185
1513265
1513476
1513481
1513717
1513803
1513791
1513938
1514086
1514122
1514117
1514142
1514161
1514083
1514156
1514242
1514197
1514255
1514356
1514410
1514494
1514577
1514581
1514740
1514839
1515078
1515185
1515293
1515444
1515531
1515705
1515874
1516037
1516200
1516455
1516552
1516636
1516679
1516855
1516834
1516645
1516261
1515705
1515188
1514635
1513991
1513414
1512921
1512586
1512275
1512149
1511940
1511834
1511788
1511713
1511648
1511748
1511650
1511689
1511682
1511807
1511906
1511998
1511994
1512104
1512304
1512371
1512581
1512588
1512778
1512891
1512891
1512905
1512981
1513013
1512998
1513020
1513117
1513167
1513202
1513253
1513295
1513428
1513481
1513578
1513691
1513788
1513946
1514066
1514233
1514268
1514524
1514671
1514836
1514931
1515087
1515278
1515390
1515663
1515838
1515999
1516157
1516206
1516434
1516444
1516395
1516187
1515755
1515196
1514515
1513855
1513274
1512735
1512310
1512030
1511801
1511625
1511517
1511393
1511354
1511320
1511350
1511315
1511231
1511272
1511309
1511408
1511472
1511615
1511671
1511794
1511981
1512028
1512231
1512356
1512417
1512437
1512481
1512630
1512658
1512617
1512761
1512722
1512739
1512883
1512960
1512905
1513009
1513085
1513114
1513295
1513371
1513521
1513694
1513847
1514016
1514098
1514252
1514442
1514626
1514787
1514973
1515076
1515196
1515396
1515556
1515820
1515968
1516087
1516331
1516445
1516587
1516725
1516635
1516481
1516178
1515662
1515080
1514394
1513734
1513113
1512635
1512189
1511836
1511683
1511499
1511385
1511284
1511270
1511360
1511260
1511222
1511272
1511384
1511359
1511486
1511488
1511678
1511778
1511871
1512007
1512136
1512271
1512369
1512437
1512511
1512590
1512627
1512743
1512740
1512773
1512802
1512824
1512872
1512850
1513016
1513119
1513112
1513307
1513432
1513500
1513627
1513768
1513897
1514087
1514267
1514412
1514589
1514803
1514920
1515106
1515266
1515447
1515693
1515772
1516021
1516295
1516487
1516650
1516761
1517012
1517130
1517161
1517008
1516670
1516403
1515717
1515062
1514442
1513837
1513237
1512851
1512455
1512234
1511985
1511937
1511938
1511853
1511803
1511890
1511923
1512018
1511985
1512147
1512164
1512257
1512364
1512509
1512574
1512744
1512957
1513005
1513067
1513255
1513333
1513488
1513471
1513525
1513573
1513558
1513640
1513740
1513737
1513868
1513873
1514002
1514157
1514236
1514300
1514542
1514683
1514714
1514825
1515100
1515298
1515464
1515612
1515728
1515993
1516149
1516348
1516448
1516672
1516809
1517050
1517278
1517384
1517587
1517788
1517795
1517806
1517639
1517291
1516791
1516196
1515554
1514911
1514238
1513642
1513344
1513025
1512777
1512610
1512553
1512475
1512453
1512435
1512475
1512470
1512434
1512612
1512776
1512821
1512901
1513033
1513124
1513334
1513501
1513704
1513757
1513952
1513998
1514065
1514056
1514090
1514171
1514240
1514171
1514257
1514187
1514285
1514362
1514536
1514559
1514620
1514796
1514814
1514928
1515073
1515239
1515464
1515516
1515732
1515828
1515959
1516141
1516297
1516444
1516703
1516843
1516935
1517101
1517276
1517349
1517457
1517291
1517110
1516626
1516136
1515502
1514773
1514152
1513585
1513093
1512808
1512460
1512268
1512135
1512047
1511907
1511893
1511877
1511887
1511905
1511936
1512035
1512091
1512165
1512180
1512268
1512417
1512644
1512760
1512824
1512888
1513047
1513177
1513110
1513250
1513245
1513168
1513249
1513311
1513339
1513439
1513465
1513446
1513612
1513653
1513728
1513820
1513957
1514033
1514272
1514260
1514498
1514694
1514766
1514979
1515071
1515158
1515388
1515464
1515566
1515842
1516034
1516133
1516315
1516431
1516551
1516643
1516455
1516151
1515730
1515137
1514562
1513884
1513267
1512698
1512266
1511900
1511642
1511518
1511349
1511267
1511209
1511223
1511217
1511068
1511191
1511253
1511301
1511380
1511419
1511479
1511615
1511765
1511930
1511932
1512077
1512171
1512317
1512340
1512358
1512482
1512506
1512480
1512567
1512539
1512560
1512674
1512761
1512827
1512832
1512917
1513048
1513139
1513248
1513336
1513537
1513652
1513716
1513869
1513993
1514227
1514430
1514455
1514624
1514877
1514962
1515172
1515236
1515449
1515618
1515922
1516033
1516145
1516229
1516443
1516427
1516304
1516015
1515614
1515029
1514287
1513660
1513070
1512494
1512020
1511743
1511537
1511346
1511219
1511109
1511064
1511079
1510967
1511046
1511010
1511114
1511095
1511180
1511269
1511400
1511407
1511565
1511697
1511827
1511952
1512034
1512145
1512199
1512359
1512337
1512476
1512510
1512458
1512550
1512519
1512657
1512674
1512718
1512806
1512903
1512933
1513117
1513175
1513326
1513447
1513599
1513726
1513884
1514078
1514201
1514355
1514588
1514709
1514797
1515112
1515180
1515393
1515490
1515710
1515938
1516129
1516236
1516413
1516567
1516674
1516689
1516538
1516149
1515760
1515169
1514502
1513838
1513255
1512754
1512350
1512017
1511870
1511601
1511472
1511443
1511385
1511394
1511415
1511362
1511475
1511545
1511545
1511665
1511714
1511793
1512023
1512207
1512252
1512400
1512509
1512671
1512759
1512812
1512934
1512947
1512952
1513134
1513133
1513281
1513259
1513306
1513406
1513505
1513593
1513647
1513814
1513878
1514020
1514077
1514320
1514398
1514578
1514770
1514898
1515106
1515398
1515476
1515574
1515771
1515992
1516139
1516350
1516556
1516726
1516901
1517094
1517294
1517437
1517523
1517541
1517433
1517101
1516604
1516031
1515391
1514727
1514117
1513550
1513081
1512726
1512453
1512345
1512261
1512172
1512104
1512029
1512124
1512080
1512109
1512167
1512284
1512342
1512297
1512522
1512628
1512822
1512998
1513090
1513195
1513281
1513383
1513510
1513526
1513509
1513605
1513550
1513603
1513620
1513586
1513717
1513728
1513846
1513873
1513975
1514059
1514171
1514276
1514371
1514480
1514677
1514778
1514923
1514957
1515159
1515401
1515512
1515559
1515723
1515903
1516005
1516260
1516443
1516608
1516742
1516918
1516917
1516901
1516742
1516443
1515922
1515332
1514696
1514023
1513346
1512891
1512426
1512058
1511882
1511675
1511469
1511380
1511313
1511324
1511326
1511289
1511258
1511364
1511431
1511434
1511585
1511697
1511732
1511866
1512022
1512121
1512223
1512287
1512431
1512493
1512596
1512639
1512646
1512731
1512753
1512758
1512820
1512794
1512885
1512930
1512972
1513064
1513175
1513292
1513435
1513500
1513673
1513820
1513982
1514080
1514302
1514365
1514574
1514773
1514909
1515119
1515227
1515445
1515622
1515699
1515962
1516164
1516326
1516490
1516594
1516688
1516568
1516303
1515864
1515346
1514644
1513960
1513396
1512738
1512260
1511888
1511566
1511407
1511245
1511200
1511064
1511062
1511010
1511053
1511043
1511017
1511107
1511124
1511082
1511148
1511294
1511367
1511480
1511644
1511648
1511907
1511933
1512062
1512112
1512179
1512190
1512275
1512181
1512204
1512306
1512430
1512418
1512460
1512489
1512597
1512678
1512767
1512865
1513045
1513206
1513247
1513297
1513511
1513652
1513818
1513948
1514160
1514354
1514502
1514577
1514854
1515055
1515168
1515489
1515512
1515676
1515663
1515634
1515419
1514910
1514384
1513791
1513129
1512532
1512050
1511606
1511284
1511062
1510903
1510792
1510660
1510583
1510665
1510596
1510535
1510530
1510547
1510635
1510662
1510751
1510802
1510833
1511038
1511107
1511260
1511295
1511411
1511639
1511609
1511819
1511816
1511854
1511908
1511923
1511907
1511946
1511903
1512006
1512174
1512195
1512423
1512461
1512572
1512673
1512705
1512904
1512904
1513185
1513251
1513494
1513646
1513777
1513959
1514142
1514375
1514543
1514781
1514948
1514994
1515113
1515023
1514725
1514322
1513777
1513154
1512506
1511940
1511441
1511099
1510778
1510576
1510361
1510251
1510156
1510221
1510151
1510127
1510027
1510097
1510141
1510256
1510237
1510437
1510407
1510555
1510650
1510894
1510981
1511002
1511243
1511328
1511369
1511436
1511517
1511648
1511572
1511690
1511679
1511759
1511886
1511899
1511941
1512016
1512174
1512171
1512366
1512490
1512619
1512835
1512978
1513076
1513229
1513456
1513495
1513774
1513941
1514022
1514243
1514492
1514609
1514748
1514912
1515017
1515149
1515059
1514797
1514408
1513881
1513176
1512553
1511936
1511414
1510998
1510725
1510493
1510342
1510288
1510174
1510117
1510092
1509977
1510026
1510082
1510122
1510087
1510220
1510328
1510440
1510520
1510696
1510842
1510958
1511084
1511194
1511301
1511368
1511428
1511548
1511596
1511649
1511674
1511707
1511815
1511865
1511940
1511990
1512129
1512125
1512354
1512395
1512417
1512631
1512780
1512948
1513097
1513244
1513415
1513599
1513758
1513973
1514138
1514253
1514394
1514658
1514891
1515029
1515195
1515337
1515417
1515390
1515166
1514789
1514246
1513710
1512998
1512399
1511786
1511386
1511007
1510739
1510602
1510409
1510367
1510341
1510338
1510371
1510415
1510401
1510400
1510480
1510514
1510551
1510887
1510878
1511059
1511205
1511362
1511462
1511547
1511759
1511833
1511897
1512015
1512083
1512150
1512172
1512214
1512266
1512287
1512405
1512492
1512482
1512665
1512844
1512938
1513024
1513149
1513328
1513464
1513684
1513852
1514007
1514236
1514319
1514509
1514687
1514818
1515065
1515215
1515376
1515703
1515888
1515979
1516154
1516373
1516420
1516265
1516031
1515649
1515058
1514433
1513723
1513034
1512542
1512015
1511672
1511436
1511302
1511135
1511021
1511040
1511068
1511088
1511010
1511041
1511068
1511178
1511260
1511410
1511481
1511617
1511779
1511978
1512147
1512243
1512300
1512423
1512462
1512566
1512678
1512631
1512657
1512710
1512718
1512806
1512834
1512940
1512939
1513009
1513182
1513228
1513364
1513428
1513543
1513728
1513857
1513977
1514237
1514281
1514505
1514651
1514803
1514869
1515114
1515261
1515371
1515685
1515732
1515845
1516024
1516147
1516188
1515961
1515592
1515063
1514459
1513853
1513206
1512546
1511996
1511588
1511308
1511042
1510899
1510706
1510596
1510606
1510580
1510611
1510581
1510597
1510653
1510714
1510685
1510770
1510909
1511086
1511200
1511306
1511413
1511558
1511662
1511772
1511858
1511893
1511916
1511915
1511994
1512104
1512077
1512088
1512149
1512227
1512216
1512466
1512457
1512534
1512661
1512801
1512962
1513064
1513213
1513344
1513441
1513640
1513796
1513869
1514068
1514291
1514388
1514536
1514753
1514936
1515088
1515300
1515395
1515485
1515510
1515317
1514918
1514411
1513863
1513205
1512462
1511864
1511363
1511041
1510661
1510449
1510319
1510181
1510173
1509996
1510055
1510032
1510084
1510089
1510103
1510158
1510217
1510294
1510435
1510539
1510645
1510785
1510990
1511026
1511154
1511229
1511300
1511381
1511406
1511495
1511498
1511532
1511528
1511652
1511719
1511722
1511885
1511881
1512047
1512131
1512186
1512339
1512460
1512558
1512783
1512831
1513082
1513194
1513350
1513618
1513675
1513878
1514015
1514154
1514350
1514518
1514718
1514878
1515015
1515227
1515432
1515510
1515698
1515605
1515435
1515045
1514537
1513856
1513154
1512422
1511876
1511311
1510952
1510652
1510443
1510241
1510192
1510133
1510070
1509949
1509982
1509956
1509977
1510065
1510047
1510137
1510204
1510312
1510489
1510579
1510729
1510810
1510933
1511034
1511201
1511242
1511344
1511338
1511422
1511352
1511426
1511431
1511492
1511522
1511573
1511682
1511820
1511812
1511949
1512000
1512156
1512408
1512533
1512679
1512782
1512918
1513158
1513310
1513455
1513657
1513780
1513911
1514095
1514308
1514444
1514643
1514815
1514867
1515193
1515330
1515553
1515674
1515799
1515949
1516012
1515895
1515637
1515185
1514577
1513991
1513274
1512546
1512070
1511532
1511086
1510773
1510639
1510462
1510465
1510367
1510284
1510335
1510264
1510303
1510278
1510467
1510387
1510501
1510529
1510681
1510689
1510944
1511024
1511198
1511282
1511473
1511498
1511618
1511711
1511774
1511880
1511942
1511967
1512053
1512100
1512119
1512213
1512315
1512479
1512500
1512701
1512820
1513037
1513094
1513272
1513548
1513638
1513882
1514062
1514235
1514413
1514572
1514749
1515064
1515167
1515360
1515527
1515709
1515832
1516142
1516330
1516489
1516714
1516803
1516960
1517004
1516855
1516524
1516017
1515491
1514866
1514072
1513415
1512874
1512365
1511990
1511714
1511626
1511474
1511414
1511393
1511398
1511347
1511468
1511394
1511593
1511694
1511683
1511798
1511938
1512167
1512300
1512423
1512648
1512706
1512783
1512934
1513097
1513075
1513183
1513185
1513284
1513237
1513308
1513340
1513405
1513531
1513619
1513665
1513719
1513927
1514158
1514218
1514349
1514470
1514693
1514823
1514980
1515232
1515368
1515501
1515660
1515897
1515991
1516180
1516386
1516575
1516842
1516975
1517041
1517243
1517319
1517362
1517180
1516897
1516404
1515816
1515163
1514358
1513711
1513287
1512659
1512333
1512138
1511917
1511815
1511690
1511638
1511695
1511656
1511639
1511604
1511790
1511811
1511899
1511949
1512142
1512158
1512456
1512609
1512650
1512862
1512906
1513047
1513141
1513121
1513175
1513222
1513188
1513315
1513267
1513306
1513371
1513415
1513492
1513592
1513656
1513793
1513890
1514021
1514093
1514325
1514440
1514625
1514779
1514915
1515043
1515209
1515412
1515598
1515707
1515860
1516019
1516255
1516405
1516509
1516575
1516516
1516264
1515872
1515336
1514771
1513999
1513344
1512790
1512240
1511899
1511656
1511345
1511305
1511133
1511107
1511086
1510978
1511003
1510970
1510973
1511047
1511042
1511088
1511238
1511271
1511468
1511614
1511720
1511891
1511947
1512069
1512140
1512220
1512242
1512274
1512275
1512314
1512391
1512404
1512494
1512557
1512616
1512576
1512750
1512907
1512964
1513095
1513191
1513312
1513415
1513721
1513772
1513882
1514133
1514217
1514415
1514633
1514764
1515023
1515085
1515346
1515553
1515710
1515858
1515860
1516085
1516125
1515917
1515612
1515155
1514496
1513897
1513094
1512504
1512013
1511509
1511185
1510984
1510842
1510665
1510515
1510640
1510502
1510618
1510520
1510450
1510588
1510667
1510701
1510750
1510818
1510977
1511059
1511209
1511404
1511531
1511626
1511702
1511729
1511835
1511899
1511946
1511967
1512029
1512107
1512156
1512153
1512237
1512350
1512396
1512463
1512607
1512623
1512728
1512895
1513017
1513173
1513372
1513519
1513668
1513817
1514077
1514116
1514326
1514425
1514603
1514840
1514959
1515140
1515335
1515561
1515706
1515888
1516022
1516107
1516283
1516197
1516054
1515750
1515171
1514622
1513816
1513176
1512493
1511997
1511512
1511177
1510914
1510752
1510664
1510654
1510486
1510556
1510464
1510544
1510619
1510646
1510708
1510837
1510836
1510866
1511091
1511198
1511342
1511394
1511492
1511578
1511708
1511783
1511884
1511995
1512007
1511981
1512104
1512132
1512117
1512238
1512258
1512341
1512420
1512522
1512629
1512723
1512834
1513008
1513137
1513279
1513447
1513616
1513772
1513894
1513992
1514231
1514398
1514662
1514762
1514872
1515029
1515234
1515446
1515603
1515757
1516058
1516192
1516341
1516449
1516623
1516601
1516374
1516037
1515508
1514956
1514184
1513437
1512820
1512260
1511781
1511476
1511168
1511042
1510852
1510878
1510733
1510708
1510687
1510659
1510702
1510745
1510797
1510915
1510970
1511045
1511139
1511319
1511476
1511603
1511595
1511802
1511938
1512016
1512053
1512208
1512275
1512300
1512300
1512413
1512471
1512578
1512593
1512608
1512809
1512844
1513044
1513163
1513295
1513483
1513614
1513779
1513890
1514174
1514335
1514475
1514706
1514869
1515036
1515144
1515328
1515525
1515752
1515905
1516229
1516290
1516540
1516734
1516872
1517030
1517155
1517288
1517043
1516856
1516298
1515710
1515029
1514307
1513605
1513084
1512508
1512269
1511854
1511702
1511704
1511561
1511613
1511546
1511549
1511607
1511617
1511728
1511768
1511887
1511988
1512040
1512230
1512363
1512606
1512732
1512809
1512993
1513049
1513098
1513247
1513259
1513409
1513359
1513454
1513471
1513470
1513625
1513627
1513723
1513845
1513873
1514047
1514195
1514351
1514427
1514618
1514810
1514944
1515148
1515231
1515491
1515640
1515839
1515904
1516063
1516241
1516477
1516672
1516849
1517087
1517241
1517232
1517559
1517690
1517684
1517545
1517157
1516656
1516019
1515386
1514615
1514038
1513424
1512979
1512605
1512357
1512165
1512114
1512044
1512051
1511948
1511937
1511921
1511940
1511983
1512131
1512238
1512231
1512352
1512571
1512666
1512768
1512880
1513147
1513159
1513322
1513364
1513376
1513501
1513500
1513591
1513629
1513589
1513596
1513688
1513797
1513868
1513916
1514021
1514049
1514162
1514324
1514488
1514537
1514801
1514874
1515002
1515203
1515366
1515463
1515605
1515777
1515968
1516106
1516415
1516583
1516683
1516829
1516900
1517014
1516892
1516593
1516034
1515529
1514861
1514167
1513502
1512876
1512371
1511978
1511788
1511573
1511389
1511260
1511206
1511222
1511210
1511088
1511140
1511251
1511274
1511394
1511441
1511440
1511594
1511688
1511868
1511964
1512064
1512245
1512282
1512358
1512420
1512478
1512528
1512589
1512489
1512561
1512583
1512791
1512688
1512763
1512872
1513032
1513036
1513156
1513217
1513368
1513467
1513635
1513819
1513852
1514107
1514175
1514308
1514521
1514631
1514777
1514903
1515107
1515205
1515360
1515608
1515751
1516029
1516059
1516199
1516308
1516285
1516084
1515562
1515065
1514422
1513764
1513140
1512486
1511946
1511569
1511275
1510997
1510882
1510740
1510698
1510578
1510657
1510698
1510664
1510629
1510709
1510822
1510867
1510906
1510994
1511196
1511263
1511366
1511470
1511583
1511747
1511782
1511932
1512003
1512007
1511981
1512059
1512130
1512107
1512070
1512200
1512303
1512387
1512324
1512466
1512648
1512727
1512863
1512874
1513124
1513297
1513448
1513560
1513798
1513862
1514084
1514210
1514289
1514515
1514665
1514906
1515096
1515215
1515433
1515532
1515717
1516022
1516150
1516355
1516447
1516654
1516663
1516544
1516304
1515798
1515246
1514600
1513805
1513136
1512580
1512015
1511603
1511338
1511058
1510985
1510913
1510811
1510768
1510797
1510861
1510850
1510854
1510919
1510981
1511062
1511125
1511239
1511298
1511445
1511556
1511706
1511770
1511850
1511996
1512091
1512109
1512200
1512237
1512203
1512269
1512357
1512383
1512382
1512443
1512541
1512665
1512758
1512780
1512932
1513026
1513238
1513342
1513514
1513684
1513885
1513949
1514102
1514368
1514509
1514623
1514822
1515008
1515055
1515346
1515403
1515667
1515852
1516068
1516231
1516374
1516579
1516712
1516836
1517031
1516868
1516573
1516145
1515648
1514948
1514229
1513474
1512869
1512358
1511885
1511553
1511433
1511217
1511079
1511095
1511020
1511024
1511065
1511044
1511071
1511058
1511169
1511206
1511366
1511441
1511547
1511794
1511848
1511955
1512236
1512245
1512359
1512425
1512607
1512613
1512623
1512688
1512774
1512769
1512814
1512945
1512908
1513086
1513194
1513270
1513405
1513563
1513635
1513760
1514001
1514102
1514323
1514549
1514661
1514904
1514975
1515206
1515334
1515624
1515742
1515959
1516176
1516337
1516566
1516730
1517037
1517186
1517324
1517416
1517562
1517676
1517518
1517137
1516595
1516001
1515343
1514677
1513923
1513424
1512922
1512559
1512258
1512115
1511964
1511931
1511898
1511826
1511924
1511892
1511969
1511989
1512135
1512114
1512173
1512307
1512460
1512637
1512772
1512915
1513049
1513106
1513287
1513473
1513433
1513541
1513542
1513590
1513695
1513616
1513719
1513812
1513869
1513865
1513901
1514020
1514123
1514284
1514408
1514528
1514681
1514835
1515035
1515154
1515414
1515514
1515732
1515854
1516027
1516261
1516390
1516661
1516757
1516957
1517139
1517317
1517475
1517639
1517767
1517930
1517794
1517538
1517099
1516589
1515898
1515217
1514571
1513876
1513319
1512871
1512547
1512246
1512237
1512061
1512044
1511966
1511995
1512010
1511992
1512003
1512154
1512025
1512169
1512205
1512436
1512491
1512652
1512671
1512873
1512961
1513119
1513163
1513186
1513270
1513240
1513244
1513324
1513378
1513397
1513416
1513450
1513588
1513654
1513661
1513757
1513980
1514107
1514153
1514402
1514511
1514656
1514846
1514916
1515227
1515338
1515471
1515572
1515729
1515830
1516066
1516198
1516469
1516627
1516833
1517012
1517106
1517187
1517122
1516870
1516484
1515887
1515285
1514594
1513797
1513194
1512668
1512214
1511882
1511555
1511522
1511412
1511293
1511241
1511196
1511262
1511171
1511263
1511264
1511315
1511359
1511438
1511513
1511612
1511764
1511906
1512015
1512109
1512275
1512300
1512407
1512438
1512543
1512593
1512551
1512552
1512583
1512682
1512683
1512820
1512831
1512892
1513019
1513059
1513214
1513372
1513485
1513666
1513744
1513941
1514091
1514235
1514368
1514546
1514684
1514827
1514968
1515197
1515360
1515468
1515707
1515853
1516050
1516256
1516462
1516507
1516735
1516850
1516799
1516608
1516237
1515646
1515005
1514251
1513598
1512842
1512342
1511868
1511597
1511344
1511197
1511090
1510990
1510929
1510986
1510960
1510896
1510975
1510973
1511088
1511179
1511230
1511294
1511398
1511611
1511589
1511832
1511915
1511988
1512087
1512158
1512196
1512265
1512418
1512442
1512418
1512443
1512477
1512521
1512541
1512645
1512654
1512797
1512840
1513049
1513156
1513264
1513381
1513581
1513692
1513830
1514027
1514256
1514295
1514591
1514758
1514924
1515091
1515260
1515522
1515660
1515832
1516053
1516185
1516396
1516621
1516727
1516890
1517019
1517178
1517166
1517101
1516858
1516401
1515769
1515032
1514345
1513600
1513003
1512468
1511964
1511679
1511609
1511443
1511349
1511310
1511280
1511226
1511338
1511308
1511388
1511453
1511580
1511625
1511695
1511777
1511959
1512083
1512251
1512407
1512552
1512678
1512762
1512974
1512948
1513022
1513098
1513202
1513204
1513240
1513227
1513306
1513383
1513368
1513431
1513632
1513707
1513743
1513773
1514069
1514144
1514352
1514485
1514647
1514822
1514949
1515160
1515284
1515402
1515616
1515717
1515887
1516070
1516226
1516356
1516467
1516699
1516881
1517001
1517227
1517459
1517593
1517616
1517817
1517876
1517692
1517483
1517083
1516455
1515764
1514956
1514268
1513628
1512995
1512619
1512300
1512079
1511903
1511847
1511736
1511667
1511660
1511777
1511825
1511874
1511866
1512006
1512088
1512168
1512304
1512457
1512531
1512786
1512959
1513015
1513123
1513218
1513425
1513463
1513487
1513565
1513719
1513746
1513735
1513773
1513797
1513966
1514029
1514087
1514232
1514410
1514643
1514652
1514926
1515013
1515235
1515377
1515524
1515747
1515914
1516089
1516254
1516396
1516653
1516800
1516946
1517256
1517301
1517618
1517743
1518054
1518153
1518339
1518558
1518728
1518825
1518624
1518367
1517919
1517277
1516643
1515900
1515169
1514601
1514078
1513585
1513300
1513044
1512887
1512766
1512700
1512790
1512847
1512797
1512779
1512916
1512889
1513041
1513093
1513200
1513326
1513569
1513705
1513824
1513888
1514133
1514243
1514295
1514453
1514496
1514471
1514593
1514500
1514632
1514653
1514722
1514803
1514843
1514844
1514991
1515011
1515223
1515364
1515460
1515673
1515801
1515980
1516044
1516323
1516514
1516523
1516756
1516907
1517079
1517320
1517448
1517511
1517639
1517907
1518061
1518183
1518396
1518541
1518640
1518761
1518666
1518407
1517941
1517368
1516803
1516104
1515332
1514690
1514037
1513639
1513153
1512965
1512742
1512672
1512507
1512466
1512487
1512452
1512463
1512422
1512471
1512579
1512688
1512673
1512830
1512959
1513115
1513276
1513373
1513435
1513591
1513674
1513774
1513733
1513772
1513841
1513936
1513991
1513960
1514029
1514054
1514117
1514238
1514276
1514221
1514390
1514557
1514600
1514775
1514911
1515127
1515219
1515270
1515505
1515695
1515835
1516008
1516253
1516384
1516535
1516678
1516872
1516992
1517315
1517428
1517542
1517634
1517735
1517697
1517443
1517018
1516516
1515813
1515121
1514371
1513736
1513191
1512681
1512435
1512232
1512030
1511816
1511853
1511703
1511741
1511702
1511684
1511833
1511794
1511917
1512022
1512039
1512064
1512217
1512435
1512513
1512603
1512762
1512880
1513026
1513100
1513115
1513238
1513288
1513227
1513267
1513266
1513317
1513453
1513498
1513605
1513658
1513724
1513794
1513968
1514096
1514163
1514318
1514509
1514648
1514853
1514991
1515070
1515300
1515488
1515675
1515818
1515932
1516077
1516328
1516528
1516648
1516924
1517020
1517291
1517416
1517580
1517627
1517674
1517412
1517097
1516554
1515868
1515151
1514426
1513693
1513186
1512762
1512404
1512176
1511977
1511835
1511799
1511730
1511696
1511737
1511750
1511689
1511754
1511888
1511968
1511987
1512091
1512263
1512320
1512453
1512633
1512770
1512882
1512969
1513013
1513141
1513247
1513230
1513295
1513380
1513432
1513479
1513485
1513599
1513584
1513737
1513792
1513808
1513980
1514101
1514349
1514349
1514501
1514702
1514854
1514968
1515181
1515357
1515494
1515681
1515841
1516026
1516291
1516360
1516529
1516745
1516878
1517058
1517340
1517433
1517694
1517831
1517933
1518055
1518194
1518052
1517691
1517157
1516480
1515886
1515066
1514346
1513636
1513104
1512729
1512400
1512159
1512006
1511929
1511946
1511837
1511831
1511860
1511857
1511945
1511965
1512037
1512119
1512199
1512334
1512539
1512600
1512681
1512836
1512914
1513151
1513179
1513337
1513372
1513348
1513504
1513549
1513515
1513564
1513653
1513741
1513788
1513895
1514068
1514110
1514280
1514395
1514442
1514601
1514811
1514969
1515194
1515330
1515551
1515704
1515877
1516120
1516202
1516430
1516612
1516782
1516935
1517095
1517398
1517560
1517733
1517952
1518085
1518336
1518405
1518558
1518710
1518671
1518392
1518016
1517497
1516854
1516165
1515384
1514674
1514150
1513597
1513371
1512982
1512933
1512756
1512637
1512676
1512671
1512648
1512687
1512765
1512865
1512896
1512981
1513160
1513200
1513291
1513541
1513741
1513812
1514016
1514110
1514183
1514282
1514437
1514492
1514530
1514438
1514616
1514601
1514679
1514652
1514785
1514924
1514997
1515138
1515217
1515345
1515453
1515605
1515812
1515903
1516088
1516290
1516508
1516563
1516854
1517008
1517211
1517384
1517491
1517675
1517879
1518040
1518218
1518337
1518527
1518758
1518890
1519138
1519329
1519382
1519461
1519229
1518969
1518415
1517848
1517127
1516476
1515637
1515012
1514456
1514015
1513705
1513411
1513290
1513218
1513084
1513031
1513037
1513128
1513065
1513192
1513234
1513245
1513382
1513452
1513562
1513737
1513848
1514041
1514108
1514175
1514284
1514421
1514402
1514538
1514521
1514520
1514575
1514611
1514601
1514588
1514632
1514659
1514711
1514772
1514896
1514981
1515053
1515159
1515358
1515466
1515641
1515703
1515938
1516044
1516179
1516322
1516477
1516612
1516812
1516930
1517077
1517249
1517410
1517616
1517775
1517981
1518040
1518225
1518444
1518393
1518279
1518010
1517594
1516914
1516211
1515508
1514764
1514046
1513492
1513072
1512710
1512466
1512320
1512159
1512110
1512028
1512067
1511981
1512044
1512034
1512088
1512197
1512160
1512283
1512442
1512525
1512600
1512762
1512855
1512951
1513074
1513178
1513279
1513351
1513321
1513419
1513408
1513437
1513540
1513590
1513663
1513699
1513790
1513811
1513882
1514026
1514030
1514239
1514368
1514505
1514676
1514851
1515070
1515221
1515404
1515543
1515671
1515789
1515992
1516140
1516370
1516557
1516703
1516870
1517120
1517249
1517406
1517612
1517806
1517943
1518095
1518321
1518393
1518557
1518577
1518519
1518273
1517763
1517251
1516462
1515709
1514943
1514218
1513632
1513236
1512850
1512604
1512469
1512367
1512242
1512261
1512188
1512140
1512193
1512303
1512347
1512462
1512415
1512569
1512670
1512805
1512901
1513129
1513161
1513352
1513485
1513554
1513669
1513728
1513787
1513764
1513933
1513841
1513867
1513918
1513988
1514039
1514094
1514188
1514240
1514364
1514546
1514551
1514790
1514890
1515045
1515190
1515364
1515497
1515653
1515783
1516057
1516200
1516394
1516568
1516680
1516888
1517055
1517233
1517381
1517552
1517716
1517957
1518072
1518183
1518421
1518668
1518757
1518910
1519140
1519185
1519267
1519118
1518791
1518332
1517716
1516969
1516189
1515404
1514735
1514142
1513747
1513361
1513069
1512969
1512732
1512789
1512650
1512723
1512734
1512853
1512783
1512907
1512969
1513059
1513109
1513167
1513343
1513544
1513694
1513817
1513904
1514045
1514200
1514281
1514363
1514373
1514432
1514460
1514480
1514551
1514520
1514572
1514585
1514774
1514752
1514819
1515017
1515108
1515239
1515347
1515435
1515666
1515833
1515974
1516091
1516292
1516380
1516680
1516768
1516972
1517068
1517333
1517482
1517715
1517799
1517910
1518192
1518371
1518582
1518641
1518876
1519056
1519138
1519286
1519432
1519270
1519070
1518531
1517916
1517287
1516504
1515823
1515055
1514498
1514078
1513648
1513444
1513239
1513163
1513025
1512945
1512994
1513020
1513121
1513092
1513168
1513134
1513252
1513404
1513482
1513600
1513807
1513884
1514073
1514220
1514305
1514404
1514575
1514610
1514640
1514753
1514780
1514859
1514830
1514845
1514863
1514977
1514921
1515062
1515197
1515246
1515376
1515561
1515584
1515689
1515919
1516097
1516267
1516382
1516602
1516750
1516904
1517087
1517175
1517373
1517624
1517779
1517890
1518086
1518232
1518311
1518618
1518845
1518982
1519027
1519242
1519454
1519484
1519324
1519055
1518674
1518054
1517413
1516727
1516002
1515320
1514716
1514209
1513886
1513650
1513512
1513319
1513313
1513225
1513271
1513343
1513377
1513373
1513452
1513572
1513683
1513663
1513852
1514012
1514218
1514351
1514500
1514559
1514713
1514908
1515011
1515124
1515182
1515248
1515257
1515263
1515325
1515433
1515414
1515483
1515609
1515677
1515767
1515889
1516038
1516164
1516369
1516438
1516581
1516833
1516979
1517165
1517317
1517411
1517670
1517842
1518037
1518225
1518382
1518558
1518743
1518976
1519129
1519333
1519472
1519682
1519867
1519946
1520092
1520056
1519996
1519645
1519127
1518489
1517834
1517111
1516296
1515776
1515187
1514701
1514545
1514237
1513991
1514013
1513900
1513985
1513970
1514054
1514078
1514150
1514297
1514345
1514471
1514605
1514729
1514840
1515009
1515148
1515429
1515461
1515604
1515680
1515854
1515919
1515880
1515987
1516087
1516043
1516092
1516130
1516163
1516213
1516246
1516379
1516440
1516577
1516704
1516772
1517025
1517068
1517292
1517414
1517567
1517799
1517856
1518036
1518198
1518331
1518466
1518643
1518798
1519002
1519234
1519280
1519536
1519676
1519795
1519844
1519865
1519552
1519134
1518590
1517996
1517271
1516516
1515829
1515198
1514714
1514264
1513975
1513777
1513687
1513520
1513552
1513491
1513526
1513480
1513601
1513605
1513635
1513741
1513775
1513879
1514034
1514197
1514297
1514360
1514617
1514692
1514715
1514930
1515011
1514980
1515058
1515034
1515128
1515138
1515097
1515240
1515277
1515265
1515396
1515413
1515599
1515726
1515859
1515907
1516100
1516207
1516345
1516548
1516651
1516796
1516916
1517151
1517260
1517482
1517610
1517728
1517969
1518104
1518326
1518532
1518709
1518765
1518898
1518902
1518821
1518417
1517985
1517361
1516677
1515857
1515179
1514572
1514134
1513670
1513322
1513108
1513051
1512920
1512826
1512864
1512734
1512817
1512798
1512812
1512934
1512901
1513025
1513106
1513168
1513362
1513462
1513614
1513630
1513819
1513903
1514060
1514114
1514175
1514269
1514258
1514271
1514304
1514354
1514412
1514460
1514494
1514587
1514685
1514679
1514802
1515015
1515012
1515150
1515364
1515468
1515651
1515734
1515898
1516057
1516199
1516374
1516610
1516689
1516767
1517070
1517146
1517361
1517634
1517744
1518018
1518087
1518268
1518274
1518212
1517904
1517454
1516897
1516279
1515519
1514807
1514122
1513585
1513182
1512861
1512596
1512453
1512351
1512371
1512278
1512273
1512286
1512350
1512326
1512429
1512415
1512508
1512596
1512677
1512738
1512951
1513014
1513177
1513229
1513373
1513505
1513564
1513640
1513694
1513736
1513818
1513746
1513840
1513859
1513889
1513997
1514096
1514072
1514170
1514323
1514359
1514558
1514659
1514799
1514964
1515127
1515244
1515389
1515594
1515748
1515878
1516089
1516235
1516398
1516486
1516662
1516898
1517008
1517266
1517468
1517613
1517774
1517881
1517938
1517847
1517630
1517177
1516613
1515809
1515104
1514468
1513775
1513243
1512908
1512498
1512274
1512180
1512087
1511976
1511948
1512015
1512026
1511945
1511976
1512057
1512155
1512134
1512328
1512282
1512423
1512567
1512758
1512910
1512919
1513071
1513075
1513242
1513359
1513336
1513451
1513513
1513480
1513491
1513519
1513590
1513545
1513672
1513684
1513828
1513872
1514091
1514210
1514300
1514522
1514554
1514687
1514917
1515056
1515220
1515303
1515450
1515667
1515784
1516006
1516162
1516330
1516483
1516685
1516820
1516950
1517219
1517322
1517506
1517591
1517745
1517825
1517718
1517612
1517077
1516553
1515956
1515202
1514409
1513692
1513166
1512778
1512386
1512171
1511955
1511841
1511765
1511797
1511696
1511790
1511727
1511784
1511776
1511921
1511925
1511957
1511996
1512153
1512383
1512415
1512604
1512692
1512775
1512861
1512952
1513039
1513200
1513154
1513156
1513248
1513224
1513279
1513270
1513305
1513450
1513473
1513582
1513588
1513668
1513866
1514004
1514111
1514272
1514476
1514635
1514808
1514972
1515117
1515362
1515497
1515697
1515895
1515982
1516192
1516379
1516600
1516738
1516951
1517227
1517357
1517538
1517782
1517861
1517889
1517864
1517657
1517148
1516551
1515923
1515194
1514545
1513906
1513331
1512952
1512627
1512437
1512297
1512204
1512213
1512121
1512184
1512178
1512211
1512219
1512280
1512476
1512501
1512625
1512679
1512787
1512973
1513124
1513219
1513472
1513591
1513631
1513727
1513760
1513846
1513881
1514000
1513970
1513948
1514024
1514100
1514098
1514292
1514341
1514476
1514538
1514733
1514840
1514973
1515130
1515207
1515458
1515573
1515768
1515893
1516104
1516251
1516504
1516651
1516799
1517008
1517194
1517310
1517576
1517804
1517954
1518039
1518255
1518404
1518400
1518452
1518138
1517665
1517151
1516541
1515885
1515100
1514468
1513878
1513410
1513118
1512902
1512758
1512622
1512592
1512484
1512602
1512582
1512609
1512565
1512725
1512811
1512900
1512968
1513028
1513141
1513467
1513546
1513683
1513821
1513971
1514060
1514067
1514091
1514255
1514256
1514288
1514306
1514355
1514302
1514446
1514494
1514451
1514557
1514703
1514841
1514868
1515012
1515155
1515291
1515402
1515588
1515617
1515841
1515974
1516155
1516249
1516371
1516578
1516684
1516880
1517091
1517271
1517436
1517537
1517665
1517723
1517742
1517655
1517349
1516868
1516164
1515559
1514816
1514176
1513486
1513037
1512586
1512361
1512154
1511981
1511876
1511798
1511756
1511789
1511728
1511713
1511772
1511799
1511882
1511927
1512039
1512073
1512205
1512401
1512484
1512620
1512767
1512757
1512906
1513000
1512996
1513069
1513068
1512984
1513097
1513133
1513133
1513204
1513236
1513347
1513355
1513435
1513542
1513663
1513705
1513851
1513912
1514162
1514158
1514427
1514610
1514667
1514818
1514886
1515205
1515289
1515398
1515560
1515811
1515923
1516094
1516270
1516493
1516537
1516649
1516515
1516364
1515961
1515436
1514751
1514082
1513320
1512771
1512215
1511878
1511663
1511413
1511167
1511022
1510970
1511002
1510918
1510925
1510870
1511008
1510992
1511056
1511109
1511214
1511327
1511420
1511525
1511647
1511721
1511843
1512013
1512101
1512151
1512221
1512296
1512347
1512349
1512398
1512448
1512348
1512522
1512527
1512662
1512676
1512750
1512865
1512964
1513040
1513208
1513208
1513448
1513628
1513758
1513916
1514106
1514263
1514343
1514475
1514719
1514823
1514900
1515132
1515323
1515531
1515633
1515871
1516077
1516207
1516290
1516439
1516418
1516221
1515867
1515422
1514816
1514021
1513339
1512726
1512218
1511780
1511503
1511125
1511025
1510979
1510797
1510876
1510813
1510751
1510746
1510887
1510828
1510911
1510949
1511046
1511166
1511248
1511383
1511514
1511663
1511847
1511911
1511993
1512102
1512116
1512221
1512191
1512350
1512379
1512416
1512339
1512384
1512497
1512669
1512652
1512717
1512859
1512860
1512985
1513176
1513193
1513417
1513571
1513686
1513800
1513980
1514161
1514342
1514465
1514627
1514785
1514973
1515194
1515348
1515496
1515614
1515774
1516033
1516201
1516387
1516660
1516751
1516970
1517076
1517211
1517016
1516762
1516371
1515762
1515131
1514350
1513673
1513137
1512644
1512216
1511943
1511751
1511630
1511515
1511534
1511558
1511565
1511595
1511583
1511624
1511693
1511862
1511890
1512034
1512143
1512297
1512395
1512578
1512703
1512883
1512971
1513083
1513116
1513289
1513283
1513328
1513436
1513440
1513596
1513599
1513598
1513683
1513743
1513892
1513908
1514079
1514210
1514383
1514445
1514633
1514845
1514924
1515098
1515353
1515435
1515554
1515927
1515986
1516257
1516371
1516488
1516655
1516892
1517007
1517199
1517380
1517673
1517797
1517977
1518127
1518305
1518304
1518180
1517990
1517542
1516924
1516337
1515591
1514885
1514250
1513764
1513303
1513092
1512747
1512604
1512667
1512459
1512564
1512551
1512517
1512562
1512648
1512821
1512777
1512917
1512958
1513130
1513325
1513424
1513598
1513737
1513889
1514019
1514115
1514209
1514230
1514299
1514278
1514335
1514388
1514417
1514450
1514523
1514526
1514614
1514788
1514893
1514954
1515056
1515242
1515379
1515481
1515744
1515892
1515965
1516069
1516318
1516451
1516649
1516742
1516890
1517134
1517346
1517451
1517616
1517739
1518008
1518150
1518290
1518442
1518447
1518257
1517993
1517479
1516983
1516262
1515546
1514923
1514325
1513749
1513314
1513048
1512781
1512666
1512587
1512512
1512583
1512615
1512512
1512491
1512543
1512594
1512676
1512738
1512806
1512890
1513025
1513203
1513315
1513416
1513485
1513544
1513622
1513660
1513720
1513786
1513790
1513806
1513832
1513785
1513896
1514001
1513983
1514048
1514182
1514238
1514402
1514451
1514605
1514649
1514838
1515061
1515171
1515264
1515419
1515523
1515780
1515824
1515977
1516133
1516296
1516497
1516649
1516815
1516961
1517074
1517256
1517294
1517461
1517226
1516953
1516506
1516008
1515291
1514646
1513984
1513327
1512895
1512486
1512249
1512008
1511819
1511772
1511719
1511699
1511699
1511716
1511702
1511770
1511767
1511855
1511835
1511934
1511993
1512139
1512298
1512395
1512485
1512586
1512757
1512835
1512825
1512945
1513085
1512973
1513014
1513088
1513098
1513104
1513155
1513255
1513288
1513362
1513447
1513536
1513637
1513754
1513823
1513990
1514186
1514280
1514507
1514558
1514736
1514864
1515027
1515186
1515393
1515506
1515691
1515768
1515912
1516097
1516364
1516545
1516737
1516918
1517013
1517234
1517145
1517027
1516648
1516192
1515633
1514917
1514182
1513554
1512982
1512527
1512221
1511961
1511769
1511567
1511582
1511528
1511436
1511496
1511553
1511566
1511514
1511613
1511712
1511752
1511851
1511981
1512076
1512254
1512380
1512396
1512606
1512607
1512782
1512867
1512874
1512901
1512975
1513017
1513000
1513057
1513102
1513085
1513277
1513331
1513405
1513529
1513564
1513656
1513744
1513944
1513985
1514232
1514337
1514481
1514696
1514821
1514896
1515138
1515314
1515428
1515645
1515832
1515912
1516081
1516247
1516375
1516581
1516806
1516920
1517148
1517279
1517348
1517363
1517143
1516891
1516354
1515749
1515063
1514389
1513804
1513210
1512686
1512330
1512126
1511998
1511931
1511733
1511728
1511633
1511734
1511723
1511683
1511731
1511799
1511893
1511946
1512086
1512116
1512269
1512401
1512592
1512711
1512851
1512926
1512933
1513085
1513090
1513160
1513152
1513265
1513225
1513254
1513321
1513296
1513405
1513412
1513502
1513569
1513682
1513768
1513893
1514066
1514222
1514312
1514451
1514605
1514822
1515002
1515075
1515278
1515491
1515551
1515774
1515947
1516169
1516243
1516468
1516684
1516940
1517077
1517208
1517381
1517436
1517367
1517060
1516748
1516156
1515595
1514860
1514227
1513636
1513226
1512768
1512442
1512339
1512240
1512112
1512128
1512116
1512062
1512125
1512150
1512149
1512248
1512332
1512431
1512490
1512576
1512709
1512890
1512991
1513190
1513190
1513250
1513429
1513478
1513603
1513603
1513714
1513727
1513737
1513800
1513894
1513845
1513953
1514013
1514074
1514189
1514240
1514355
1514321
1514597
1514719
1514855
1515016
1515098
1515337
1515512
1515698
1515816
1515970
1516166
1516281
1516442
1516538
1516783
1516981
1517233
1517322
1517488
1517590
1517726
1517732
1517466
1517214
1516649
1516063
1515437
1514692
1514113
1513465
1513045
1512701
1512546
1512308
1512225
1512198
1512133
1512041
1512010
1512054
1512014
1512097
1512168
1512139
1512252
1512298
1512438
1512617
1512681
1512828
1512935
1513000
1513075
1513166
1513252
1513258
1513277
1513368
1513323
1513328
1513400
1513421
1513399
1513525
1513587
1513631
1513723
1513803
1513946
1514046
1514234
1514279
1514468
1514617
1514790
1514896
1515012
1515223
1515220
1515473
1515587
1515753
1515865
1516190
1516277
1516432
1516538
1516591
1516576
1516313
1515951
1515402
1514882
1514137
1513535
1512942
1512534
1512148
1511836
1511624
1511524
1511436
1511327
1511414
1511343
1511312
1511286
1511371
1511416
1511458
1511522
1511534
1511749
1511841
1511968
1512031
1512153
1512289
1512364
1512378
1512463
1512510
1512611
1512638
1512744
1512662
1512726
1512765
1512747
1512918
1512917
1513015
1513009
1513123
1513271
1513341
1513560
1513608
1513686
1513867
1514055
1514136
1514263
1514455
1514555
1514674
1514822
1515081
1515155
1515468
1515537
1515734
1515825
1515969
1515975
1515797
1515381
1514967
1514385
1513708
1513129
1512604
1512188
1511706
1511429
1511140
1511121
1510966
1510893
1510862
1510782
1510749
1510714
1510904
1510867
1510923
1511011
1511118
1511155
1511230
1511444
1511502
1511565
1511710
1511744
1511839
1511978
1512005
1512058
1512132
1512150
1512124
1512155
1512181
1512225
1512249
1512350
1512355
1512473
1512509
1512591
1512742
1512825
1512956
1513139
1513205
1513398
1513464
1513576
1513762
1513927
1514086
1514178
1514320
1514540
1514717
1514844
1514958
1514904
1514643
1514390
1513922
1513318
1512671
1512141
1511587
1511156
1510942
1510636
1510427
1510284
1510177
1510051
1510070
1510096
1510053
1510073
1510061
1510098
1510159
1510136
1510252
1510279
1510434
1510556
1510646
1510793
1510907
1511019
1511112
1511203
1511273
1511316
1511344
1511430
1511472
1511557
1511640
1511728
1511759
1511874
1511986
1512007
1512180
1512273
1512378
1512534
1512790
1512811
1513021
1513128
1513281
1513485
1513702
1513874
1514100
1514269
1514339
1514602
1514690
1514647
1514585
1514185
1513749
1513263
1512676
1512122
1511559
1511093
1510871
1510596
1510439
1510301
1510216
1510245
1510189
1510142
1510215
1510175
1510172
1510278
1510314
1510372
1510429
1510588
1510613
1510889
1510976
1511062
1511160
1511314
1511365
1511476
1511446
1511533
1511617
1511714
1511687
1511720
1511852
1511890
1512008
1511999
1512043
1512259
1512353
1512470
1512626
1512776
1512833
1513023
1513227
1513318
1513585
1513674
1513795
1514035
1514170
1514375
1514582
1514680
1514727
1514844
1514728
1514515
1513981
1513433
1512856
1512177
1511726
1511208
1510932
1510610
1510514
1510341
1510248
1510207
1510113
1510120
1510258
1510215
1510156
1510177
1510362
1510415
1510540
1510502
1510771
1510955
1511015
1511199
1511283
1511437
1511552
1511621
1511573
1511700
1511703
1511734
1511771
1511814
1511816
1511935
1511950
1512037
1512174
1512245
1512316
1512409
1512537
1512651
1512721
1512879
1513086
1513219
1513407
1513481
1513626
1513815
1513970
1514132
1514282
1514433
1514587
1514611
1514467
1514215
1513757
1513205
1512619
1511951
1511387
1510831
1510502
1510245
1509989
1509826
1509686
1509579
1509523
1509473
1509489
1509555
1509412
1509371
1509443
1509548
1509560
1509694
1509787
1509896
1510027
1510184
1510272
1510366
1510480
1510477
1510520
1510645
1510604
1510636
1510655
1510647
1510738
1510788
1510783
1510942
1510961
1511072
1511224
1511181
1511368
1511365
1511497
1511662
1511848
1511903
1512045
1512123
1512345
1512568
1512682
1512825
1512973
1513070
1513232
1513224
1513268
1513020
1512703
1512254
1511592
1511051
1510534
1510117
1509662
1509388
1509178
1509057
1508921
1508721
1508725
1508741
1508614
1508578
1508577
1508610
1508652
1508730
1508761
1508860
1508979
1509016
1509139
1509310
1509435
1509519
1509622
1509551
1509650
1509712
1509676
1509664
1509785
1509817
1509789
1509843
1509906
1509957
1510048
1510155
1510242
1510310
1510397
1510489
1510636
1510721
1510873
1510978
1511128
1511309
1511393
1511536
1511731
1511790
1511957
1512111
1512184
1512374
1512492
1512700
1512894
1513012
1513145
1513235
1513397
1513400
1513270
1512883
1512481
1511858
1511184
1510628
1510049
1509652
1509191
1508924
1508786
1508671
1508515
1508446
1508382
1508337
1508418
1508331
1508284
1508260
1508396
1508420
1508452
1508577
1508615
1508777
1508889
1508969
1509043
1509222
1509303
1509385
1509386
1509414
1509473
1509444
1509533
1509593
1509643
1509715
1509714
1509765
1509891
1509915
1510016
1510092
1510212
1510359
1510527
1510516
1510681
1510851
1511019
1511136
1511304
1511428
1511601
1511753
1511866
1512017
1512194
1512292
1512398
1512608
1512803
1512955
1513215
1513393
1513496
1513643
1513676
1513767
1513558
1513275
1512946
1512310
1511637
1511047
1510504
1510107
1509643
1509388
1509207
1509094
1509016
1508851
1508877
1508806
1508765
1508843
1508785
1508930
1508880
1508927
1509021
1509065
1509145
1509335
1509444
1509495
1509644
1509714
1509845
1509887
1509962
1509982
1510001
1510051
1510056
1510067
1510102
1510210
1510274
1510225
1510332
1510417
1510496
1510597
1510776
1510851
1510990
1511072
1511220
1511444
1511526
1511691
1511741
1511888
1512048
1512194
1512423
1512486
1512609
1512744
1512924
1513097
1513272
1513450
1513640
1513782
1513893
1513920
1514110
1514079
1513935
1513586
1513077
1512526
1511905
1511374
1510900
1510443
1510059
1509848
1509689
1509608
1509415
1509306
1509329
1509332
1509387
1509311
1509319
1509372
1509419
1509476
1509486
1509581
1509685
1509787
1510022
1510032
1510141
1510231
1510301
1510360
1510423
1510445
1510485
1510548
1510608
1510543
1510614
1510676
1510623
1510741
1510828
1510848
1510932
1511038
1511157
1511313
1511367
1511650
1511641
1511786
1512045
1512195
1512353
1512489
1512687
1512858
1512937
1513148
1513328
1513449
1513637
1513804
1514083
1514193
1514486
1514611
1514661
1514870
1514947
1514888
1514674
1514158
1513775
1513207
1512550
1512128
1511545
1511167
1510863
1510701
1510470
1510418
1510367
1510364
1510440
1510402
1510357
1510425
1510451
1510515
1510584
1510609
1510741
1510883
1510995
1511138
1511229
1511430
1511484
1511574
1511678
1511717
1511848
1511841
1511878
1511874
1511988
1511992
1512067
1512156
1512153
1512192
1512373
1512487
1512637
1512694
1512821
1512949
1513222
1513295
1513391
1513630
1513699
1513891
1514035
1514162
1514428
1514517
1514649
1514862
1514983
1515163
1515382
1515610
1515730
1515930
1516062
1516210
1516308
1516163
1516031
1515674
1515119
1514623
1514031
1513493
1512907
1512479
1512138
1511871
1511779
1511572
1511638
1511491
1511490
1511511
1511589
1511551
1511608
1511717
1511681
1511837
1511951
1512084
1512108
1512274
1512396
1512531
1512613
1512613
1512833
1512876
1512857
1512988
1513063
1513040
1513087
1513119
1513146
1513176
1513294
1513327
1513436
1513514
1513547
1513704
1513800
1513935
1514037
1514134
1514374
1514515
1514719
1514777
1514927
1515033
1515186
1515328
1515411
1515701
1515842
1516120
1516113
1516216
1516353
1516302
1516050
1515656
1515242
1514703
1514089
1513573
1513090
1512634
1512398
1512091
1511870
1511826
1511669
1511642
1511616
1511564
1511590
1511627
1511606
1511696
1511724
1511758
1511904
1511963
1512021
1512234
1512331
1512414
1512438
1512639
1512704
1512731
1512835
1512745
1512863
1512878
1512894
1512857
1512916
1512973
1513108
1513100
1513169
1513231
1513301
1513426
1513491
1513668
1513801
1513940
1514005
1514050
1514309
1514380
1514458
1514652
1514792
1514975
1515090
1515280
1515459
1515599
1515706
1515793
1515876
1515674
1515550
1515072
1514612
1513976
1513476
1512880
1512506
1512086
1511857
1511601
1511432
1511331
1511314
1511168
1511232
1511199
1511176
1511263
1511227
1511308
1511360
1511394
1511478
1511516
1511693
1511890
1511874
1512063
1512057
1512164
1512260
1512238
1512326
1512307
1512340
1512322
1512451
1512419
1512427
1512481
1512535
1512704
1512740
1512828
1512835
1512987
1513102
1513262
1513326
1513475
1513653
1513772
1513928
1513997
1514164
1514288
1514488
1514617
1514786
1514890
1515013
1515279
1515404
1515556
1515750
1515839
1515953
1515902
1515674
1515346
1514801
1514386
1513666
1513170
1512671
1512341
1511941
1511753
1511602
1511527
1511346
1511330
1511326
1511271
1511308
1511324
1511331
1511289
1511468
1511432
1511505
1511611
1511684
1511881
1511972
1512076
1512205
1512209
1512298
1512441
1512432
1512465
1512505
1512534
1512606
1512594
1512600
1512720
1512744
1512722
1512835
1512909
1513033
1513149
1513123
1513321
1513480
1513526
1513701
1513917
1513989
1514099
1514123
1514365
1514513
1514655
1514796
1514891
1515034
1515133
1515346
1515454
1515563
1515852
1515888
1516000
1516129
1516229
1516200
1516134
1515730
1515298
1514792
1514242
1513603
1512994
1512593
1512252
1511967
1511789
1511649
1511538
1511558
1511450
1511387
1511374
1511435
1511456
1511431
1511448
1511543
1511598
1511644
1511734
1511915
1511930
1512102
1512204
1512333
1512323
1512417
1512421
1512438
1512468
1512464
1512555
1512492
1512589
1512550
1512697
1512669
1512768
1512797
1512957
1513076
1513115
1513243
1513319
1513469
1513512
1513693
1513899
1513921
1514130
1514180
1514326
1514380
1514639
1514769
1514875
1514961
1515186
1515321
1515456
1515507
1515571
1515484
1515127
1514709
1514226
1513665
1513123
1512594
1512197
1511852
1511626
1511431
1511277
1511185
1511099
1511083
1511020
1511007
1510956
1510977
1511078
1511078
1511142
1511223
1511234
1511289
1511423
1511567
1511729
1511747
1511842
1511799
1511995
1512070
1512092
1512118
1512147
1512082
1512025
1512123
1512297
1512268
1512271
1512436
1512427
1512503
1512555
1512674
1512773
1512960
1513054
1513186
1513243
1513416
1513526
1513685
1513768
1513855
1513982
1514178
1514365
1514373
1514568
1514763
1514835
1515052
1515167
1515277
1515221
1515113
1514804
1514399
1513823
1513229
1512694
1512208
1511873
1511512
1511241
1511040
1510922
1510840
1510732
1510720
1510635
1510581
1510561
1510690
1510641
1510719
1510748
1510734
1510956
1510927
1511053
1511183
1511271
1511252
1511528
1511507
1511520
1511584
1511612
1511599
1511734
1511699
1511803
1511778
1511838
1511899
1511916
1511992
1512034
1512112
1512152
1512286
1512330
1512443
1512621
1512701
1512790
1513035
1513012
1513161
1513360
1513467
1513602
1513643
1513778
1513967
1514096
1514264
1514405
1514610
1514626
1514798
1514884
1514741
1514568
1514337
1513780
1513295
1512704
1512191
1511829
1511308
1511052
1510785
1510642
1510492
1510356
1510326
1510297
1510285
1510239
1510213
1510264
1510213
1510329
1510318
1510444
1510477
1510567
1510660
1510753
1510834
1510934
1510997
1511025
1511165
1511163
1511210
1511263
1511255
1511319
1511405
1511347
1511375
1511455
1511577
1511603
1511564
1511725
1511840
1511870
1511968
1512098
1512196
1512327
1512512
1512641
1512707
1512820
1512954
1513119
1513199
1513350
1513532
1513634
1513792
1513954
1514066
1514203
1514328
1514439
1514595
1514463
1514327
1513972
1513500
1512972
1512354
1511912
1511419
1511057
1510758
1510467
1510356
1510250
1510216
1510067
1510152
1510005
1509978
1509956
1509937
1509984
1510066
1510032
1510117
1510186
1510305
1510416
1510494
1510654
1510684
1510731
1510809
1510902
1510913
1510981
1510990
1511120
1511139
1511135
1511123
1511157
1511210
1511301
1511283
1511418
1511588
1511558
1511683
1511722
1511886
1512012
1512078
1512246
1512308
1512464
1512569
1512736
1512830
1512997
1513077
1513278
1513405
1513545
1513691
1513831
1513973
1514075
1514190
1514227
1514262
1514039
1513617
1513193
1512638
1512064
1511568
1511212
1510824
1510600
1510342
1510249
1510078
1510001
1509964
1509953
1509878
1509891
1509925
1509872
1509879
1509919
1510002
1510054
1510166
1510176
1510358
1510523
1510570
1510607
1510717
1510770
1510813
1510959
1510869
1511022
1511042
1510972
1510992
1511078
1511233
1511255
1511273
1511384
1511420
1511473
1511550
1511680
1511860
1511913
1512014
1512108
1512366
1512437
1512568
1512647
1512761
1512895
1513110
1513191
1513312
1513403
1513616
1513779
1513846
1514070
1514194
1514211
1514160
1514003
1513647
1513111
1512662
1512129
1511585
1511201
1510880
1510600
1510376
1510284
1510185
1510105
1510002
1509968
1509896
1509929
1509898
1509928
1509888
1510025
1510081
1510136
1510241
1510322
1510426
1510459
1510550
1510628
1510675
1510828
1510860
1510928
1510990
1511039
1511061
1511029
1511066
1511071
1511189
1511182
1511232
1511320
1511488
1511496
1511559
1511706
1511756
1511893
1512036
1512175
1512312
1512390
1512524
1512676
1512774
1512853
1512958
1513189
1513313
1513439
1513535
1513719
1513916
1513976
1514153
1514164
1514155
1514132
1513801
1513350
1512911
1512367
1511880
1511400
1510979
1510743
1510553
1510308
1510265
1510142
1510058
1510101
1510038
1510012
1510020
1510032
1510049
1510142
1510147
1510284
1510232
1510396
1510396
1510436
1510602
1510708
1510797
1510865
1510980
1510913
1511086
1511031
1511094
1511145
1511156
1511271
1511204
1511300
1511376
1511414
1511412
1511459
1511564
1511583
1511795
1511774
1511945
1512194
1512280
1512342
1512475
1512559
1512725
1512830
1512964
1513127
1513178
1513389
1513431
1513658
1513724
1513965
1514026
1514203
1514326
1514468
1514368
1514279
1514072
1513695
1513210
1512693
1512154
1511682
1511279
1511026
1510851
1510627
1510488
1510389
1510354
1510314
1510301
1510221
1510296
1510225
1510260
1510304
1510321
1510460
1510444
1510575
1510663
1510786
1510861
1510908
1511045
1511051
1511141
1511256
1511283
1511333
1511350
1511389
1511282
1511456
1511450
1511466
1511577
1511619
1511743
1511779
1511922
1511973
1512117
1512156
1512318
1512385
1512534
1512626
1512760
1512863
1513044
1513136
1513278
1513385
1513476
1513663
1513775
1513915
1514046
1514203
1514367
1514455
1514546
1514701
1514774
1514678
1514456
1514126
1513660
1513168
1512566
1512173
1511765
1511442
1511226
1510955
1510834
1510778
1510732
1510635
1510486
1510532
1510576
1510550
1510589
1510588
1510632
1510770
1510906
1510887
1511046
1511066
1511191
1511293
1511370
1511428
1511450
1511591
1511530
1511641
1511732
1511738
1511800
1511848
1511803
1511932
1511874
1511942
1512055
1512146
1512213
1512229
1512369
1512512
1512565
1512727
1512793
1513022
1513091
1513210
1513326
1513407
1513567
1513673
1513822
1513909
1514104
1514190
1514369
1514499
1514640
1514832
1514858
1515001
1515110
1514954
1514596
1514262
1513819
1513243
1512765
1512425
1512077
1511708
1511435
1511332
1511133
1511027
1510997
1510988
1510937
1510884
1510951
1510982
1511056
1511073
1511061
1511185
1511259
1511254
1511402
1511550
1511633
1511732
1511735
1511778
1511968
1511985
1511991
1512025
1512102
1511991
1512144
1512158
1512223
1512268
1512382
1512451
1512439
1512475
1512523
1512736
1512785
1512806
1512992
1513142
1513232
1513365
1513434
1513589
1513664
1513795
1513957
1514111
1514209
1514322
1514504
1514646
1514787
1514919
1515033
1515198
1515225
1515208
1515048
1514848
1514339
1513938
1513365
1512909
1512544
1512140
1511857
1511713
1511470
1511406
1511322
1511300
1511324
1511243
1511243
1511183
1511229
1511278
1511359
1511351
1511535
1511555
1511580
1511726
1511803
1511866
1511939
1512048
1512139
1512216
1512224
1512332
1512375
1512324
1512345
1512400
1512420
1512479
1512517
1512648
1512653
1512755
1512737
1512927
1512961
1513066
1513219
1513249
1513471
1513553
1513669
1513820
1513882
1514083
1514155
1514195
1514432
1514508
1514623
1514725
1514916
1515124
1515209
1515309
1515526
1515547
1515495
1515448
1515232
1514787
1514387
1513732
1513320
1512908
1512540
1512294
1512017
1511789
1511688
1511654
1511549
1511565
1511541
1511521
1511515
1511526
1511545
1511599
1511743
1511734
1511835
1511926
1511979
1512181
1512227
1512350
1512370
1512397
1512455
1512505
1512633
1512717
1512669
1512749
1512794
1512735
1512809
1512893
1512908
1512974
1513012
1513124
1513249
1513328
1513364
1513486
1513584
1513708
1513785
1513957
1514176
1514261
1514343
1514514
1514663
1514671
1514888
1515002
1515217
1515325
1515538
1515543
1515646
1515761
1515793
1515478
1515216
1514949
1514387
1513856
1513371
1513050
1512707
1512454
1512230
1512078
1511992
1511842
1511925
1511850
1511753
1511832
1511802
1511770
1511874
1511925
1511975
1512048
1512170
1512161
1512351
1512410
1512499
1512582
1512671
