1394418
1394524
1394530
1394562
1394641
1394767
1394848
1394957
1395054
1395155
1395296
1395392
1395544
1395702
1395756
1395765
1395702
1395538
1395337
1395112
1394813
1394725
1394568
1394331
1394139
1393983
1393768
1393617
1393458
1393274
1393088
1392998
1392911
1392819
1392767
1392688
1392695
1392624
1392520
1392464
1392428
1392476
1392466
1392549
1392558
1392551
1392581
1392603
1392620
1392640
1392588
1392681
1392772
1392682
1392727
1392757
1392693
1392702
1392713
1392643
1392670
1392596
1392571
1392623
1392700
1392637
1392633
1392798
1392813
1392881
1392957
1393005
1393054
1393108
1393136
1393247
1393260
1393315
1393408
1393562
1393676
1393806
1393913
1394025
1394120
1394186
1394310
1394383
1394494
1394609
1394726
1394684
1394502
1394302
1394082
1393816
1393632
1393470
1393266
1393164
1392981
1392816
1392776
1392550
1392430
1392217
1392080
1391975
1391990
1391813
1391760
1391692
1391625
1391558
1391749
1391688
1391732
1391802
1391789
1391822
1391856
1391906
1391835
1391896
1391871
1392039
1391910
1392107
1392003
1392096
1392125
1392082
1392065
1392051
1391947
1391985
1391924
1391924
1391910
1391981
1391977
1392113
1392111
1392145
1392228
1392278
1392373
1392454
1392643
1392611
1392666
1392812
1392881
1392996
1393086
1393181
1393336
1393430
1393556
1393666
1393873
1393925
1394033
1394104
1394046
1394094
1393970
1393693
1393558
1393258
1393082
1392966
1392773
1392627
1392519
1392471
1392250
1392149
1391971
1391799
1391693
1391668
1391639
1391588
1391493
1391464
1391477
1391359
1391302
1391356
1391349
1391332
1391482
1391502
1391447
1391447
1391455
1391329
1391320
1391480
1391354
1391259
1391379
1391379
1391281
1391268
1391301
1391216
1391154
1391167
1391113
1391046
1391148
1391072
1391098
1391081
1391032
1390995
1391135
1391172
1391114
1391241
1391237
1391194
1391271
1391365
1391365
1391494
1391564
1391635
1391679
1391761
1391853
1391880
1391912
1392019
1392162
1392244
1392198
1392140
1391975
1391634
1391367
1391130
1390908
1390699
1390530
1390253
1390140
1389918
1389765
1389448
1389244
1389047
1388927
1388774
1388506
1388531
1388408
1388379
1388324
1388114
1388028
1388000
1387903
1387885
1387893
1387826
1387749
1387796
1387768
1387764
1387757
1387736
1387679
1387685
1387544
1387638
1387576
1387525
1387476
1387505
1387457
1387519
1387445
1387344
1387280
1387314
1387353
1387358
1387411
1387473
1387500
1387557
1387547
1387607
1387602
1387683
1387753
1387756
1387787
1387823
1387821
1387881
1388051
1388100
1388232
1388376
1388469
1388617
1388603
1388638
1388427
1388272
1387963
1387753
1387485
1387216
1386940
1386836
1386693
1386482
1386400
1386158
1385959
1385783
1385575
1385333
1385199
1385043
1384899
1384831
1384715
1384550
1384551
1384421
1384394
1384349
1384294
1384347
1384274
1384307
1384323
1384212
1384270
1384243
1384201
1384219
1384101
1384107
1384091
1383946
1383911
1383871
1383765
1383780
1383728
1383655
1383695
1383688
1383698
1383635
1383767
1383767
1383729
1383778
1383796
1383845
1383941
1383862
1383982
1384012
1384091
1384200
1384230
1384273
1384236
1384319
1384393
1384505
1384593
1384725
1384791
1384899
1385057
1385063
1385131
1385268
1385357
1385181
1385073
1384758
1384589
1384293
1384035
1383856
1383600
1383560
1383315
1383234
1383059
1382973
1382762
1382629
1382525
1382432
1382229
1382143
1382115
1381963
1381944
1381873
1381686
1381720
1381765
1381808
1381724
1381760
1381743
1381724
1381686
1381727
1381809
1381735
1381752
1381769
1381694
1381703
1381592
1381608
1381582
1381452
1381467
1381438
1381483
1381338
1381328
1381382
1381403
1381418
1381395
1381530
1381538
1381685
1381754
1381859
1381934
1382033
1382148
1382205
1382368
1382500
1382542
1382662
1382732
1382849
1383065
1383170
1383296
1383343
1383525
1383541
1383483
1383748
1383853
1383899
1383932
1383860
1383694
1383459
1383160
1382898
1382746
1382550
1382451
1382181
1382181
1381916
1381794
1381652
1381547
1381428
1381352
1381261
1381145
1381110
1381009
1381050
1380903
1380824
1380805
1380865
1380868
1380807
1380820
1380871
1380847
1380817
1380838
1380802
1380762
1380835
1380812
1380847
1380720
1380680
1380689
1380569
1380493
1380557
1380525
1380516
1380496
1380529
1380547
1380647
1380556
1380683
1380633
1380729
1380875
1380936
1381016
1381114
1381248
1381296
1381442
1381571
1381718
1381868
1381979
1382170
1382141
1382359
1382404
1382536
1382698
1382800
1382962
1383069
1383173
1383349
1383369
1383272
1383083
1382931
1382632
1382496
1382328
1382213
1382072
1381903
1381783
1381663
1381556
1381453
1381262
1381226
1381156
1381253
1381251
1381207
1381103
1381062
1381060
1381120
1381401
1381252
1381348
1381487
1381473
1381487
1381615
1381613
1382000
1382031
1382090
1382110
1382116
1382080
1382167
1382361
1382554
1382891
1383049
1383128
1383314
1383434
1383590
1383711
1383815
1383827
1383963
1384095
1384081
1384185
1384198
1384308
1384500
1384615
1384632
1384783
1384902
1385011
1385065
1385194
1385369
1385361
1385503
1385684
1385840
1385950
1386140
1386401
1386533
1386674
1386769
1386783
1386869
1386817
1386688
1386524
1386383
1386242
1386008
1385856
1385808
1385661
1385587
1385550
1385511
1385354
1385369
1385279
1385261
1385173
1385275
1385241
1385130
1385238
1385191
1385275
1385290
1385303
1385385
1385433
1385468
1385575
1385621
1385587
1385692
1385679
1385782
1385742
1385686
1385664
1385696
1385657
1385620
1385708
1385723
1385698
1385754
1385738
1385789
1385892
1385924
1385982
1385949
1386046
1386158
1386255
1386299
1386356
1386457
1386621
1386725
1386767
1386967
1387052
1387170
1387320
1387487
1387602
1387832
1387984
1388148
1388317
1388590
1388680
1388801
1388896
1389032
1389056
1389051
1388915
1388761
1388577
1388417
1388177
1388119
1387965
1387865
1387658
1387609
1387545
1387530
1387447
1387226
1387202
1387227
1387169
1387171
1387137
1387134
1387069
1387112
1387116
1387206
1387222
1387221
1387122
1387209
1387279
1387351
1387369
1387295
1387319
1387391
1387391
1387457
1387515
1387432
1387395
1387375
1387424
1387395
1387472
1387425
1387564
1387560
1387606
1387602
1387653
1387713
1387776
1387792
1387923
1388004
1388124
1388259
1388389
1388584
1388743
1388902
1388985
1389106
1389345
1389553
1389672
1389862
1390004
1390179
1390355
1390533
1390604
1390709
1390940
1390924
1390900
1390839
1390658
1390548
1390358
1390232
1389973
1389786
1389680
1389688
1389552
1389470
1389346
1389318
1389127
1389083
1389067
1389103
1389103
1389086
1389086
1389030
1389021
1389073
1389115
1389170
1389240
1389248
1389353
1389278
1389366
1389329
1389351
1389309
1389310
1389334
1389372
1389373
1389426
1389487
1389452
1389393
1389515
1389503
1389637
1389611
1389662
1389690
1389714
1389890
1389975
1390092
1390255
1390476
1390584
1390715
1390808
1390997
1391066
1391193
1391257
1391389
1391469
1391793
1391818
1392142
1392275
1392410
1392600
1392754
1392865
1393058
1393095
1393029
1393020
1392987
1392771
1392604
1392382
1392194
1391989
1391822
1391614
1391512
1391296
1391279
1391156
1391062
1390868
1390916
1390759
1390739
1390703
1390637
1390659
1390673
1390628
1390623
1390725
1390673
1390670
1390671
1390618
1390747
1390789
1390838
1390830
1390705
1390729
1390669
1390584
1390470
1390578
1390583
1390488
1390540
1390517
1390451
1390414
1390480
1390481
1390479
1390549
1390625
1390615
1390605
1390674
1390833
1390879
1391041
1391095
1391191
1391361
1391358
1391527
1391681
1391867
1392052
1392072
1392302
1392483
1392659
1392704
1392931
1393114
1393119
1393119
1393242
1393248
1393113
1392956
1392699
1392480
1392239
1392023
1391746
1391521
1391305
1391216
1391067
1391001
1390828
1390623
1390540
1390486
1390387
1390434
1390458
1390323
1390325
1390318
1390371
1390401
1390410
1390330
1390378
1390308
1390370
1390361
1390374
1390312
1390325
1390325
1390236
1390180
1390138
1390017
1389963
1389992
1389946
1389874
1389922
1389959
1389931
1389878
1389874
1389878
1389857
1390029
1390004
1390049
1390137
1390201
1390249
1390267
1390400
1390479
1390626
1390674
1390779
1390963
1391041
1391181
1391349
1391485
1391620
1391732
1391871
1392008
1392147
1392171
1392082
1391947
1391721
1391437
1391077
1390891
1390610
1390368
1390138
1390001
1389843
1389628
1389459
1389321
1389194
1389078
1388912
1388801
1388779
1388701
1388634
1388665
1388688
1388713
1388671
1388577
1388615
1388577
1388551
1388522
1388468
1388444
1388305
1388210
1388126
1387988
1387918
1387915
1387802
1387667
1387650
1387562
1387490
1387371
1387273
1387289
1387287
1387256
1387305
1387399
1387351
1387427
1387535
1387535
1387640
1387685
1387814
1387904
1387900
1388075
1388135
1388301
1388408
1388517
1388596
1388749
1388842
1389035
1389185
1389179
1389209
1389225
1389054
1388826
1388677
1388367
1388150
1387868
1387675
1387383
1387221
1386947
1386747
1386621
1386407
1386302
1386193
1386095
1385930
1385929
1385926
1385834
1385866
1385845
1385792
1385785
1385763
1385752
1385701
1385700
1385667
1385655
1385641
1385645
1385536
1385588
1385454
1385341
1385300
1385266
1385244
1385187
1385255
1385221
1385221
1385138
1385147
1385195
1385250
1385340
1385456
1385464
1385605
1385731
1385813
1385943
1385966
1386090
1386165
1386392
1386489
1386572
1386775
1386888
1387030
1387142
1387249
1387301
1387426
1387537
1387566
1387498
1387152
1386904
1386458
1386077
1385727
1385379
1385129
1384764
1384575
1384370
1384234
1384046
1383856
1383750
1383525
1383395
1383307
1383256
1383128
1382946
1382929
1382864
1382912
1382901
1382851
1382818
1382797
1382808
1382707
1382660
1382610
1382494
1382471
1382306
1382226
1382164
1382177
1382049
1381991
1381940
1381998
1381890
1381890
1381849
1381823
1381917
1381906
1381994
1382009
1382073
1382072
1382124
1382290
1382340
1382340
1382402
1382614
1382704
1382755
1382979
1383107
1383297
1383356
1383650
1383718
1383759
1383881
1383934
1383776
1383608
1383365
1383074
1382874
1382559
1382182
1381915
1381600
1381390
1381206
1381011
1380808
1380712
1380560
1380477
1380390
1380388
1380345
1380308
1380185
1380255
1380239
1380276
1380344
1380331
1380311
1380397
1380339
1380275
1380211
1380202
1380007
1380010
1379933
1379824
1379735
1379759
1379629
1379596
1379635
1379572
1379746
1379774
1379808
1379926
1380024
1380028
1380134
1380160
1380301
1380436
1380520
1380706
1380768
1380881
1380963
1381035
1381155
1381296
1381277
1381488
1381481
1381709
1381714
1381832
1381852
1381808
1381774
1381680
1381533
1381243
1381005
1380781
1380461
1380256
1380099
1379789
1379646
1379573
1379535
1379376
1379302
1379238
1379276
1379260
1379231
1379135
1379082
1379021
1379000
1379158
1379145
1379126
1379179
1379126
1379138
1379241
1379155
1379117
1379011
1378937
1378906
1378813
1378706
1378815
1378755
1378754
1378693
1378767
1378679
1378791
1378697
1378736
1378855
1378847
1378912
1378933
1379136
1379060
1379167
1379333
1379372
1379545
1379668
1379880
1380003
1380189
1380343
1380494
1380597
1380736
1380886
1380930
1380819
1380613
1380374
1380102
1379819
1379620
1379210
1379083
1378788
1378697
1378419
1378414
1378150
1378136
1378060
1378042
1377932
1377790
1377801
1377760
1377712
1377713
1377682
1377888
1377892
1377958
1377986
1378012
1377981
1377873
1377896
1377822
1377756
1377745
1377673
1377626
1377600
1377528
1377540
1377348
1377386
1377327
1377399
1377455
1377350
1377426
1377515
1377482
1377564
1377656
1377764
1377865
1377927
1378005
1378060
1378231
1378335
1378416
1378587
1378718
1378854
1379075
1379157
1379343
1379521
1379658
1379770
1379851
1379772
1379573
1379240
1378987
1378654
1378458
1378193
1377947
1377701
1377609
1377402
1377225
1377182
1377283
1377202
1377072
1377128
1377113
1377035
1376980
1376929
1376947
1376840
1376967
1377048
1377100
1377128
1377121
1377148
1377206
1377133
1377067
1377097
1376824
1376794
1376728
1376717
1376613
1376542
1376485
1376490
1376559
1376586
1376636
1376725
1376728
1376734
1376888
1376834
1376854
1376870
1376951
1377005
1377139
1377220
1377264
1377432
1377471
1377702
1377820
1378001
1378108
1378334
1378565
1378642
1378798
1378800
1378845
1378826
1378762
1378553
1378264
1377930
1377667
1377365
1377177
1376905
1376720
1376424
1376299
1376136
1375953
1375750
1375658
1375593
1375529
1375511
1375531
1375469
1375507
1375480
1375498
1375511
1375492
1375545
1375552
1375540
1375509
1375495
1375448
1375326
1375278
1375226
1375198
1375150
1375049
1375003
1374889
1374790
1374778
1374592
1374591
1374496
1374437
1374468
1374387
1374391
1374399
1374410
1374351
1374504
1374580
1374598
1374718
1374704
1374833
1374954
1374958
1375143
1375189
1375364
1375569
1375633
1375765
1375907
1376015
1376144
1376235
1376244
1376065
1375827
1375583
1375225
1375010
1374756
1374485
1374278
1374176
1374026
1373879
1373849
1373729
1373705
1373551
1373594
1373480
1373522
1373474
1373462
1373424
1373568
1373583
1373610
1373655
1373641
1373686
1373652
1373692
1373601
1373605
1373612
1373517
1373382
1373341
1373248
1373210
1373224
1373141
1373093
1373110
1373090
1373143
1373160
1373079
1373147
1373185
1373310
1373438
1373524
1373665
1373688
1373794
1373968
1374179
1374262
1374316
1374523
1374599
1374685
1374870
1375029
1375108
1375256
1375452
1375621
1375834
1375788
1375685
1375475
1375221
1374838
1374479
1374248
1373958
1373808
1373572
1373309
1373091
1372779
1372543
1372307
1372214
1371990
1372005
1371908
1371829
1371780
1371655
1371846
1371864
1371916
1371900
1371938
1371957
1372015
1371910
1371902
1371780
1371758
1371723
1371801
1371859
1371731
1371756
1371623
1371534
1371409
1371486
1371384
1371510
1371577
1371618
1371596
1371695
1371802
1371772
1371876
1371968
1372047
1372259
1372332
1372387
1372644
1372732
1372868
1373011
1373238
1373454
1373550
1373771
1373926
1374035
1374231
1374161
1374075
1373838
1373675
1373377
1373125
1372955
1372564
1372375
1372149
1372071
1371849
1371802
1371663
1371657
1371558
1371476
1371431
1371395
1371407
1371387
1371366
1371510
1371624
1371604
1371681
1371706
1371628
1371625
1371703
1371687
1371659
1371669
1371614
1371611
1371582
1371493
1371537
1371540
1371535
1371472
1371476
1371461
1371552
1371552
1371486
1371432
1371535
1371584
1371590
1371572
1371648
1371668
1371743
1371939
1372046
1372222
1372330
1372421
1372492
1372618
1372682
1372870
1372987
1373120
1373221
1373181
1372987
1372797
1372514
1372271
1371978
1371775
1371526
1371449
1371066
1370892
1370713
1370645
1370492
1370394
1370367
1370364
1370359
1370325
1370334
1370333
1370382
1370410
1370388
1370506
1370505
1370523
1370522
1370500
1370468
1370462
1370377
1370304
1370365
1370266
1370167
1370230
1370072
1369977
1370061
1369991
1369933
1369955
1369926
1369937
1369826
1369920
1370021
1370055
1370107
1370155
1370165
1370234
1370327
1370475
1370487
1370621
1370750
1370947
1371036
1371148
1371452
1371537
1371587
1371682
1371575
1371553
1371318
1371134
1370989
1370748
1370525
1370374
1370182
1370023
1369922
1369872
1369715
1369679
1369581
1369528
1369472
1369495
1369558
1369519
1369484
1369459
1369483
1369512
1369544
1369572
1369534
1369357
1369389
1369322
1369333
1369223
1369118
1369105
1369014
1369042
1368895
1368792
1368748
1368700
1368670
1368591
1368495
1368512
1368506
1368478
1368501
1368479
1368581
1368656
1368674
1368653
1368695
1368803
1368927
1368969
1368989
1369079
1369122
1369213
1369379
1369417
1369536
1369653
1369667
1369635
1369437
1369266
1368974
1368736
1368409
1368175
1367979
1367887
1367717
1367624
1367483
1367443
1367346
1367365
1367254
1367308
1367269
1367166
1367179
1367178
1367262
1367257
1367267
1367288
1367396
1367475
1367501
1367409
1367399
1367405
1367395
1367294
1367213
1367197
1367175
1367136
1367111
1367101
1367027
1367079
1367034
1367030
1367025
1367048
1367057
1367138
1367160
1367083
1367083
1367202
1367124
1367246
1367250
1367288
1367314
1367399
1367504
1367605
1367763
1367882
1367966
1368121
1368143
1368157
1368178
1368023
1367921
1367662
1367450
1367231
1367002
1366899
1366721
1366498
1366469
1366360
1366340
1366264
1366184
1366112
1366103
1366139
1366192
1366077
1366104
1366071
1366138
1366164
1366353
1366424
1366489
1366525
1366553
1366483
1366552
1366425
1366411
1366373
1366425
1366398
1366310
1366347
1366246
1366208
1366233
1366254
1366212
1366264
1366159
1366293
1366246
1366255
1366177
1366186
1366213
1366220
1366365
1366259
1366241
1366510
1366831
1367005
1367203
1367211
1367402
1367571
1367641
1367841
1368056
1368255
1368475
1368506
1368413
1368282
1367999
1367822
1367550
1367280
1367056
1366888
1366733
1366681
1366566
1366565
1366648
1366615
1366708
1366755
1366767
1366815
1366762
1366831
1366835
1366826
1366849
1366942
1367005
1366983
1367051
1367083
1367031
1367036
1367018
1367068
1366930
1366928
1366908
1366794
1366784
1366680
1366694
1366673
1366136
1366156
1366250
1366216
1366378
1366322
1366203
1366310
1366400
1366460
1366442
1366546
1366621
1366655
1366750
1366828
1366916
1367074
1367168
1367189
1367345
1367714
1368039
1368246
1368573
1369245
1369680
1369862
1370070
1370172
1370108
1370028
1369808
1369595
1369461
1369373
1369313
1369161
1369195
1369083
1368976
1368843
1368734
1368632
1368621
1368584
1368397
1368410
1368435
1368269
1368143
1368340
1368295
1368336
1368365
1368392
1368336
1368411
1368348
1368309
1368195
1368173
1368113
1368045
1367966
1367830
1367692
1367692
1367665
1367612
1367605
1367575
1367581
1367843
1367751
1367803
1367835
1367700
1367747
1367861
1368032
1367915
1368005
1368173
1368218
1368313
1368424
1368428
1368603
1368693
1368854
1368935
1369108
1369220
1369450
1369499
1369487
1369322
1369088
1368727
1368522
1368362
1368256
1368084
1368076
1368136
1368066
1368031
1367991
1367981
1367943
1367931
1367945
1367953
1368014
1368031
1367858
1367973
1368196
1368109
1368159
1368263
1368378
1368492
1368554
1368591
1368596
1368659
1368693
1368672
1368585
1368719
1368660
1368647
1368614
1368776
1368946
1369257
1369677
1370145
1370552
1370887
1371156
1371298
1371621
1371850
1371962
1372060
1372225
1372302
1372471
1372626
1372717
1372908
1373094
1373211
1373342
1373449
1373639
1373740
1373991
1374054
1374222
1374404
1374467
1374531
1374477
1374462
1374304
1373826
1373681
1373560
1373219
1373064
1372919
1372809
1372884
1372776
1372724
1372734
1372736
1372718
1372719
1372752
1372771
1372700
1372710
1372795
1372963
1372917
1372989
1373009
1373100
1373126
1373074
1373029
1372962
1372876
1372931
1372982
1373005
1372908
1372849
1372894
1372842
1372804
1372760
1372751
1372807
1372735
1372546
1372606
1372647
1372649
1372541
1372597
1372581
1372580
1372777
1372803
1372917
1373082
1373120
1373242
1373387
1373575
1373669
1373766
1373933
1374002
1373984
1374017
1373889
1373860
1373602
1373340
1373057
1372787
1372645
1372451
1372427
1372361
1372256
1372292
1372280
1372222
1372126
1372076
1372054
1372084
1372068
1372008
1372047
1372034
1372136
1372104
1372227
1372245
1372387
1372398
1372468
1372516
1372570
1372572
1372567
1372495
1372410
1372456
1372336
1372382
1372237
1372307
1372289
1372149
1372054
1372118
1372145
1372198
1372239
1372202
1372202
1372059
1372148
1372072
1372178
1372181
1372354
1372547
1372529
1372707
1372825
1372856
1372926
1373083
1373212
1373361
1373402
1373361
1373339
1373222
1372960
1372647
1372304
1372006
1371684
1371562
1371378
1371251
1371126
1371056
1371012
1370921
1370902
1370928
1370996
1370989
1370976
1370934
1370985
1371020
1371026
1371235
1371229
1371319
1371440
1371566
1371602
1371708
1371686
1371649
1371629
1371608
1371622
1371603
1371721
1371751
1371832
1371844
1371935
1372000
1372076
1372114
1372203
1372298
1372338
1372442
1372420
1372421
1372544
1372543
1372571
1372715
1372719
1372814
1372903
1373054
1373195
1373332
1373401
1373577
1373764
1373905
1373894
1373846
1373708
1373420
1373153
1372805
1372536
1372303
1372103
1372070
1371948
1371888
1371847
1371676
1371546
1371536
1371441
1371548
1371412
1371410
1371350
1371387
1371499
1371446
1371421
1371600
1371516
1371539
1371499
1371449
1371432
1371255
1371099
1371120
1371113
1371100
1371069
1371013
1371115
1371073
1371142
1371136
1371155
1371123
1371102
1370998
1371067
1371133
1371086
1371155
1371193
1371242
1371269
1371283
1371367
1371475
1371597
1371680
1371868
1371967
1371940
1372044
1372133
1371941
1371649
1371451
1371121
1370846
1370686
1370410
1370202
1370061
1370012
1369852
1369762
1369710
1369606
1369560
1369581
1369557
1369482
1369517
1369515
1369562
1369664
1369697
1369800
1369866
1369870
1369934
1369907
1369868
1369961
1369880
1369851
1369733
1369699
1369683
1369668
1369630
1369687
1369648
1369698
1369611
1369668
1369655
1369652
1369769
1369733
1369823
1369854
1369850
1369883
1370003
1370046
1370097
1370196
1370230
1370362
1370552
1370651
1370665
1370790
1370708
1370644
1370419
1370137
1369886
1369631
1369520
1369287
1369129
1369001
1368972
1368838
1368958
1368846
1368843
1368893
1368832
1368826
1368853
1368857
1368884
1369004
1369041
1369170
1369278
1369226
1369224
1369164
1369202
1369157
1369216
1369145
1369193
1369143
1369100
1369052
1369061
1369080
1369040
1368955
1368992
1368889
1369041
1368958
1369050
1369093
1369229
1369179
1369281
1369303
1369317
1369412
1369439
1369495
1369702
1369804
1369939
1369973
1370131
1370231
1370208
1370276
1370181
1370011
1369768
1369531
1369274
1369140
1369017
1368985
1368869
1368670
1368634
1368586
1368421
1368436
1368370
1368451
1368348
1368319
1368222
1368262
1368329
1368373
1368377
1368481
1368460
1368485
1368369
1368394
1368486
1368371
1368398
1368432
1368434
1368329
1368298
1368207
1368110
1368005
1368000
1367852
1367805
1367980
1368037
1368147
1368374
1368433
1368482
1368531
1368612
1368611
1368624
1368614
1368599
1368721
1368679
1368634
1368604
1368676
1368664
1368681
1368702
1368635
1368531
1368362
1368163
1368028
1367816
1367596
1367364
1367257
1367044
1367053
1366869
1366878
1366859
1366905
1366942
1366938
1366868
1366805
1366713
1366737
1366787
1366752
1366845
1366918
1366829
1366962
1367053
1366952
1366996
1366934
1367007
1366934
1366809
1366834
1366799
1366729
1366728
1366689
1366758
1366708
1366732
1366736
1366778
1366656
1366712
1366687
1366653
1366719
1366797
1366778
1366790
1366843
1366905
1366929
1367003
1367112
1367176
1367219
1367237
1367262
1367325
1367351
1367423
1367292
1367124
1366900
1366595
1366360
1366134
1365974
1365866
1365686
1365641
1365566
1365493
1365433
1365306
1365300
1365200
1365282
1365254
1365254
1365222
1365265
1365251
1365253
1365250
1365200
1365357
1365362
1365375
1365390
1365395
1365427
1365398
1365397
1365505
1365443
1365470
1365512
1365575
1365560
1365590
1365612
1365548
1365675
1365642
1365662
1365831
1365848
1365865
1365981
1365987
1366053
1366152
1366124
1366203
1366270
1366362
1366331
1366467
1366498
1366626
1366626
1366810
1366918
1366987
1366851
1366737
1366620
1366367
1366158
1366071
1365923
1365724
1365713
1365666
1365592
1365658
1365621
1365676
1365589
1365720
1365716
1365659
1365640
1365653
1365763
1365794
1365910
1365956
1366004
1366065
1366138
1366268
1366170
1366086
1366043
1366018
1365969
1366075
1365991
1366091
1365977
1365958
1365988
1366073
1366151
1366100
1366109
1366149
1366187
1366107
1366168
1366205
1366212
1366330
1366422
1366477
1366613
1366675
1366667
1366707
1366774
1366875
1366938
1367014
1367138
1367326
1367543
1367619
1367694
1367747
1367725
1367735
1367715
1367519
1367283
1367069
1366852
1366574
1366302
1366215
1366079
1366073
1366023
1365973
1365974
1365905
1365854
1365762
1365810
1365827
1365741
1365719
1365784
1365804
1365782
1365864
1365947
1366105
1366060
1366159
1366154
1366266
1366177
1366275
1366262
1366332
1366217
1366269
1366211
1366275
1366304
1366383
1366348
1366507
1366565
1366723
1366723
1366847
1366927
1366956
1366999
1367010
1367006
1367023
1367015
1366979
1367091
1367188
1367259
1367346
1367488
1367677
1367637
1367753
1367772
1367896
1367891
1367935
1367998
1368061
1367944
1367804
1367696
1367491
1367325
1367192
1367090
1366992
1366901
1366775
1366781
1366609
1366705
1366562
1366637
1366611
1366611
1366632
1366646
1366650
1366686
1366756
1366829
1366770
1366770
1366943
1366883
1366805
1366773
1366782
1366703
1366743
1366749
1366708
1366803
1366819
1366883
1366866
1366825
1366834
1366874
1366982
1366951
1366931
1366971
1366986
1366858
1367032
1367085
1367137
1367211
1367226
1367275
1367410
1367376
1367518
1367569
1367640
1367661
1367816
1367827
1367997
1368099
1368311
1368410
1368587
1368553
1368439
1368297
1368132
1367886
1367717
1367515
1367447
1367368
1367316
1367149
1367198
1367105
1367109
1367064
1367102
1367046
1367135
1367043
1367073
1366983
1367041
1367016
1367096
1367117
1367150
1367099
1367141
1367192
1367095
1367113
1367069
1367147
1367184
1367127
1367168
1367235
1367209
1367273
1367186
1367293
1367387
1367441
1367420
1367452
1367485
1367438
1367516
1367520
1367655
1367723
1367823
1367893
1367911
1368101
1368064
1368159
1368228
1368329
1368523
1368652
1368699
1368840
1369032
1369190
1369174
1369131
1369071
1368901
1368738
1368588
1368436
1368180
1368000
1367921
1367892
1367917
1367932
1367901
1367913
1367929
1367800
1367753
1367709
1367728
1367703
1367837
1367945
1367934
1368060
1367998
1367969
1367918
1367948
1367951
1367940
1367916
1367950
1367989
1367902
1367977
1367884
1367961
1368023
1367957
1368089
1368163
1368091
1368128
1368159
1368185
1368211
1368233
1368249
1368280
1368347
1368283
1368420
1368450
1368514
1368530
1368627
1368835
1368890
1369058
1369059
1369147
1369268
1369263
1369137
1369133
1369057
1368857
1368680
1368458
1368242
1367977
1367822
1367664
1367504
1367546
1367508
1367552
1367622
1367696
1367672
1367843
1367817
1367723
1367652
1367624
1367610
1367558
1367720
1367776
1367713
1367754
1367740
1367742
1367689
1367673
1367672
1367728
1367664
1367708
1367742
1367709
1367736
1367830
1367866
1367900
1367915
1367985
1368016
1368011
1368000
1368079
1368087
1368068
1368086
1368189
1368276
1368359
1368433
1368487
1368481
1368665
1368785
1368863
1369049
1369144
1369125
1368992
1368824
1368637
1368552
1368293
1368062
1367883
1367689
1367613
1367459
1367487
1367357
1367452
1367393
1367399
1367412
1367424
1367372
1367291
1367282
1367256
1367318
1367289
1367397
1367357
1367356
1367373
1367441
1367390
1367387
1367423
1367392
1367253
1367271
1367223
1367252
1367287
1367285
1367259
1367299
1367223
1367190
1367228
1367263
1367218
1367262
1367216
1367244
1367163
1367246
1367218
1367235
1367254
1367329
1367324
1367402
1367463
1367579
1367635
1367751
1367961
1367880
1367815
1367704
1367515
1367340
1367042
1366911
1366773
1366708
1366623
1366545
1366449
1366450
1366389
1366392
1366408
1366401
1366504
1366467
1366419
1366415
1366526
1366498
1366479
1366605
1366578
1366523
1366501
1366517
1366476
1366604
1366515
1366606
1366511
1366482
1366487
1366452
1366423
1366364
1366376
1366484
1366468
1366469
1366633
1366598
1366617
1366597
1366712
1366825
1366885
1366853
1366966
1367048
1367185
1367156
1367353
1367509
1367585
1367730
1367881
1367933
1367863
1367819
1367560
1367315
1367133
1366871
1366687
1366550
1366400
1366214
1366130
1366130
1366148
1366135
1366063
1365967
1365972
1365982
1365931
1365967
1365935
1365992
1366141
1366082
1366152
1366053
1366120
1366103
1366053
1366125
1366007
1365967
1365928
1365917
1365932
1365930
1365882
1365901
1365941
1365971
1365978
1365935
1365916
1365977
1365898
1365870
1366008
1365977
1366014
1366043
1366091
1366128
1366230
1366413
1366407
1366505
1366544
1366713
1366733
1366848
1366949
1366944
1366913
1366835
1366608
1366368
1366193
1365971
1365748
1365639
1365491
1365442
1365380
1365410
1365434
1365478
1365418
1365460
1365333
1365378
1365385
1365426
1365387
1365513
1365576
1365577
1365619
1365585
1365603
1365689
1365577
1365520
1365491
1365463
1365465
1365458
1365525
1365388
1365361
1365425
1365409
1365435
1365408
1365502
1365467
1365614
1365495
1365483
1365549
1365514
1365509
1365521
1365568
1365621
1365709
1365728
1365821
1365909
1365973
1366079
1366107
1366251
1366343
1366371
1366304
1366227
1366011
1365722
1365606
1365449
1365190
1365096
1364993
1364969
1364908
1364876
1364876
1364884
1364851
1364893
1364883
1364760
1364778
1364626
1364743
1364788
1364895
1364815
1364853
1364903
1364902
1364841
1364935
1364955
1364862
1364811
1364828
1364807
1364849
1364837
1364868
1364976
1364957
1364899
1364887
1364874
1364792
1364738
1364722
1364671
1364588
1364622
1364533
1364514
1364582
1364544
1364653
1364710
1364818
1364949
1365034
1365175
1365236
1365258
1365283
1365269
1365237
1365061
1364932
1364653
1364392
1364173
1363927
1363817
1363662
1363638
1363593
1363647
1363586
1363607
1363587
1363560
1363496
1363483
1363600
1363661
1363746
1363802
1363869
1363937
1363832
1363833
1363791
1363780
1363841
1363726
1363789
1363716
1363556
1363561
1363594
1363586
1363670
1363712
1363829
1363945
1363864
1363798
1363753
1363717
1363751
1363688
1363785
1363744
1363756
1363799
1363834
1363894
1363949
1363939
1364040
1364088
1364141
1364173
1364316
1364381
1364587
1364737
1364838
1364842
1364663
1364533
1364192
1363938
1363796
1363532
1363332
1363294
1363194
1363159
1363030
1362950
1362916
1362823
1362742
1362794
1362645
1362516
1362473
1362375
1362426
1362385
1362479
1362598
1362725
1362907
1363041
1363089
1363103
1362921
1362912
1362848
1362855
1362802
1362817
1362899
1362823
1362754
1362788
1362845
1362794
1362857
1362840
1362872
1362802
1362780
1362692
1362716
1362809
1362799
1362899
1362997
1363294
1363540
1363635
1363825
1364135
1364494
1364593
1364647
1364878
1364943
1364828
1364799
1364550
1364374
1364135
1363899
1363578
1363434
1363287
1363212
1363141
1363055
1363069
1362946
1362967
1362874
1362830
1362844
1362787
1362744
1362676
1362623
1362596
1362543
1362564
1362567
1362591
1362661
1362516
1362484
1362369
1362324
1362205
1362323
1362126
1362127
1362080
1362153
1362187
1362163
1362206
1362250
1362220
1362102
1362152
1362172
1362166
1362210
1362324
1362309
1362446
1362583
1362632
1362659
1362676
1362717
1362776
1362741
1362799
1362983
1363099
1363201
1363353
1363422
1363502
1363400
1363317
1363158
1362974
1362799
1362622
1362511
1362408
1362316
1362312
1362324
1362351
1362370
1362302
1362323
1362329
1362369
1362345
1362300
1362307
1362281
1362294
1362209
1362202
1362267
1362269
1362341
1362385
1362471
1362471
1362517
1362535
1362558
1362554
1362567
1362588
1362484
1362577
1362566
1362562
1362591
1362475
1362487
1362367
1362378
1362333
1362394
1362425
1362461
1362485
1362603
1362686
1362760
1362774
1362772
1362931
1363100
1363226
1363252
1363308
1363439
1363572
1363572
1363613
1363505
1363399
1363228
1362991
1362781
1362700
1362495
1362454
1362337
1362208
1362140
1362173
1362143
1362103
1362118
1362185
1362111
1362025
1362023
1362058
1362040
1362059
1362042
1362086
1362107
1362069
1362050
1362004
1361931
1361857
1361871
1361866
1361996
1361924
1361933
1361963
1362041
1362068
1362033
1362019
1361989
1362038
1362094
1362154
1362118
1362194
1362194
1362207
1362182
1362240
1362334
1362278
1362414
1362391
1362368
1362448
1362540
1362546
1362658
1362810
1362840
1363078
1363174
1363149
1363122
1362924
1362814
1362648
1362559
1362451
1362327
1362315
1362207
1362250
1362242
1362209
1362179
1362282
1362337
1362335
1362332
1362336
1362410
1362429
1362382
1362445
1362379
1362442
1362518
1362591
1362606
1362624
1362756
1362634
1362732
1362608
1362698
1362684
1362668
1362645
1362779
1362806
1362822
1362850
1362967
1363037
1362931
1362943
1362874
1362841
1362952
1362940
1362920
1362991
1363014
1363193
1363152
1363222
1363278
1363451
1363539
1363582
1363738
1363853
1363913
1363927
1363869
1363841
1363630
1363399
1363267
1363141
1363035
1362834
1362874
1362938
1362884
1362884
1362930
1362928
1362949
1363005
1363015
1363013
1363053
1363113
1363128
1363194
1363308
1363176
1363206
1363214
1363144
1363117
1363121
1363048
1363036
1363084
1363127
1363106
1363121
1363113
1363109
1363009
1363014
1363008
1363099
1363228
1363299
1363300
1363350
1363147
1363230
1363085
1363026
1362953
1362910
1362904
1362990
1362963
1363101
1363051
1363063
1363090
1363124
1363233
1363290
1363202
1363137
1363037
1362929
1362745
1362650
1362547
1362409
1362385
1362323
1362242
1362359
1362407
1362351
1362375
1362305
1362282
1362268
1362340
1362298
1362361
1362379
1362353
1362368
1362357
1362294
1362335
1362275
1362287
1362325
1362252
1362161
1362109
1362027
1361958
1361932
1361959
1361966
1362026
1362072
1362083
1362129
1362128
1362203
1362225
1362316
1362407
1362342
1362412
1362531
1362589
1362685
1362796
1362945
1363163
1363282
1363305
1363433
1363581
1363782
1363893
1364131
1364101
1364008
1363765
1363506
1363172
1363004
1362789
1362667
1362645
1362557
1362560
1362446
1362423
1362432
1362404
1362394
1362411
1362409
1362440
1362402
1362445
1362379
1362320
1362354
1362365
1362408
1362524
1362413
1362332
1362381
1362279
1362226
1362177
1362083
1362082
1362032
1362132
1362081
1362059
1362089
1362008
1362049
1362098
1362036
1362019
1362086
1362025
1362076
1362063
1362059
1362192
1362184
1362161
1362247
1362397
1362462
1362381
1362614
1362610
1362699
1362882
1362791
1362762
1362629
1362453
1362308
1362098
1361952
1361712
1361558
1361377
1361282
1361189
1361287
1361302
1361349
1361285
1361314
1361257
1361268
1361356
1361332
1361327
1361405
1361547
1361644
1361639
1361598
1361675
1361614
1361538
1361599
1361594
1361545
1361515
1361503
1361381
1361461
1361497
1361548
1361516
1361652
1361694
1361730
1361756
1361753
1361810
1361744
1361777
1361784
1361823
1361864
1361858
1361836
1361840
1361752
1361747
1361797
1361798
1361925
1362009
1361982
1362006
1361987
1361763
1361695
1361503
1361360
1361178
1361087
1360929
1360823
1360615
1360554
1360432
1360374
1360384
1360394
1360493
1360428
1360490
1360476
1360439
1360420
1360420
1360326
1360297
1360240
1360239
1360175
1360117
1360065
1359992
1359959
1359782
1359819
1359801
1359795
1359808
1359815
1359773
1359764
1359804
1359668
1359628
1359692
1359708
1359745
1359782
1359714
1359809
1359745
1359733
1359838
1359828
1359943
1359951
1359992
1360053
1360016
1360041
1360115
1360233
1360207
1360224
1360286
1360247
1360179
1359981
1359759
1359593
1359414
1359203
1358992
1358856
1358761
1358692
1358692
1358751
1358771
1358766
1358762
1358835
1358743
1358801
1358899
1358836
1358877
1358793
1358753
1358768
1358805
1358692
1358605
