1085970
1086085
1085970
1085887
1085906
1085942
1085903
1085883
1085958
1085924
1086011
1085935
1085961
1085925
1085898
1085923
1085961
1086068
1086029
1086128
1086163
1086195
1086266
1086308
1086408
1086384
1086357
1086440
1086560
1086570
1086563
1086500
1086504
1086393
1086297
1086231
1086122
1085997
1085909
1085679
1085667
1085542
1085468
1085359
1085246
1085097
1085055
1085014
1085016
1084975
1085049
1085034
1085055
1084945
1084973
1085012
1085034
1085054
1085052
1085050
1084983
1084979
1084936
1084887
1084912
1084915
1084894
1084982
1084927
1084961
1084987
1084936
1084979
1084877
1084908
1084872
1084962
1084969
1084988
1084947
1085038
1085026
1085133
1085159
1085177
1085190
1085184
1085246
1085301
1085321
1085404
1085551
1085604
1085681
1085720
1085839
1085890
1085967
1086137
1086130
1086200
1086193
1086050
1086022
1085915
1085847
1085707
1085613
1085519
1085402
1085382
1085245
1085203
1085077
1084901
1084790
1084757
1084728
1084769
1084821
1084876
1084943
1084961
1084975
1085021
1085112
1085142
1085165
1085171
1085092
1085140
1085163
1085140
1085115
1085169
1085120
1085019
1085095
1085067
1085086
1085100
1085084
1085055
1084918
1084953
1084933
1084901
1084852
1084838
1084899
1084926
1084934
1084900
1084901
1084870
1084827
1084868
1084779
1084780
1084712
1084792
1084840
1084840
1084861
1084926
1084881
1084884
1084908
1084922
1084946
1084940
1084987
1084889
1084888
1084706
1084659
1084468
1084306
1084048
1083863
1083616
1083350
1083161
1082961
1082811
1082522
1082329
1082100
1081899
1081791
1081655
1081454
1081399
1081304
1081255
1081196
1081079
1081143
1081104
1081028
1080930
1080820
1080725
1080586
1080540
1080407
1080325
1080349
1080308
1080297
1080308
1080339
1080302
1080333
1080248
1080284
1080327
1080215
1080271
1080324
1080283
1080375
1080329
1080440
1080490
1080510
1080502
1080548
1080505
1080609
1080568
1080592
1080619
1080673
1080813
1080832
1080916
1080980
1081007
1081103
1081086
1081251
1081288
1081273
1081343
1081450
1081515
1081535
1081600
1081473
1081395
1081338
1081181
1080972
1080782
1080520
1080304
1080079
1079864
1079666
1079533
1079341
1079226
1079103
1078964
1078862
1078871
1078817
1078862
1078797
1078804
1078743
1078758
1078704
1078736
1078792
1078687
1078712
1078642
1078729
1078599
1078651
1078646
1078597
1078577
1078546
1078611
1078505
1078562
1078484
1078514
1078480
1078446
1078467
1078449
1078462
1078511
1078528
1078611
1078616
1078624
1078640
1078758
1078766
1078753
1078837
1078798
1078911
1078947
1079050
1079089
1079213
1079259
1079352
1079323
1079490
1079552
1079668
1079693
1079742
1079845
1079945
1079993
1080012
1080041
1079881
1079744
1079620
1079482
1079292
1079091
1078809
1078587
1078377
1078143
1077987
1077907
1077758
1077586
1077538
1077475
1077490
1077475
1077479
1077508
1077457
1077580
1077526
1077511
1077517
1077530
1077506
1077434
1077462
1077534
1077568
1077558
1077468
1077523
1077544
1077536
1077593
1077535
1077490
1077496
1077419
1077498
1077440
1077457
1077491
1077546
1077571
1077650
1077620
1077641
1077777
1077850
1077911
1077875
1077898
1077983
1077985
1078059
1078173
1078292
1078363
1078438
1078535
1078595
1078686
1078710
1078851
1078961
1079033
1079063
1079247
1079331
1079273
1079253
1079186
1079118
1078941
1078873
1078631
1078371
1078118
1077900
1077739
1077519
1077341
1077208
1077083
1077038
1076935
1076989
1077005
1077061
1077139
1077159
1077130
1077131
1077241
1077302
1077310
1077316
1077410
1077386
1077510
1077480
1077534
1077593
1077533
1077518
1077628
1077624
1077665
1077660
1077700
1077681
1077703
1077760
1077718
1077820
1077795
1077878
1078033
1078074
1078143
1078255
1078219
1078349
1078381
1078445
1078589
1078619
1078704
1078869
1078984
1079053
1079185
1079278
1079506
1079586
1079704
1079839
1080008
1080104
1080200
1080349
1080296
1080298
1080292
1080175
1080038
1079999
1079741
1079612
1079501
1079327
1079202
1079016
1078934
1078909
1078767
1078783
1078792
1078921
1079008
1079095
1079258
1079334
1079423
1079551
1079691
1079754
1079757
1079863
1079983
1080019
1080078
1080175
1080196
1080246
1080355
1080381
1080485
1080554
1080575
1080620
1080686
1080659
1080698
1080783
1080861
1080912
1080968
1081071
1081148
1081279
1081319
1081395
1081460
1081572
1081620
1081696
1081705
1081843
1081866
1081944
1082124
1082191
1082308
1082333
1082469
1082613
1082683
1082769
1082867
1082861
1082907
1082771
1082675
1082644
1082482
1082224
1082066
1081842
1081628
1081293
1081065
1080817
1080584
1080469
1080289
1080174
1080152
1080061
1080028
1080006
1080027
1080083
1080016
1080045
1079983
1079981
1080001
1079920
1079902
1079932
1079869
1079832
1079788
1079698
1079704
1079632
1079541
1079563
1079552
1079492
1079437
1079352
1079326
1079287
1079197
1079219
1079170
1079173
1079201
1079238
1079234
1079291
1079277
1079256
1079222
1079284
1079381
1079301
1079352
1079380
1079477
1079576
1079679
1079720
1079782
1079834
1079897
1079909
1079957
1080107
1080084
1080140
1080130
1080036
1079980
1079824
1079672
1079385
1079032
1078792
1078498
1078196
1077908
1077695
1077500
1077341
1077138
1077040
1076981
1076864
1076884
1076848
1076886
1076903
1076842
1076889
1076802
1076849
1076903
1076831
1076800
1076851
1076823
1076913
1076882
1076834
1076869
1076842
1076912
1076785
1076827
1076815
1076792
1076725
1076760
1076737
1076762
1076768
1076754
1076785
1076847
1076959
1076989
1077072
1077082
1077150
1077155
1077235
1077249
1077276
1077363
1077418
1077531
1077666
1077715
1077797
1077892
1077967
1078108
1078134
1078264
1078305
1078507
1078564
1078558
1078568
1078426
1078306
1078163
1078029
1077725
1077469
1077090
1076846
1076540
1076228
1076146
1075920
1075829
1075724
1075688
1075666
1075698
1075671
1075709
1075840
1075898
1075911
1075898
1075956
1076021
1076102
1076073
1076145
1076227
1076231
1076252
1076283
1076290
1076341
1076380
1076407
1076428
1076457
1076460
1076499
1076496
1076561
1076602
1076637
1076720
1076729
1076823
1076914
1077007
1077084
1077190
1077248
1077327
1077433
1077513
1077666
1077709
1077807
1077902
1078080
1078144
1078365
1078534
1078584
1078787
1078997
1079123
1079209
1079297
1079266
1079306
1079134
1079109
1078948
1078815
1078595
1078410
1078175
1077966
1077764
1077616
1077472
1077432
1077345
1077427
1077450
1077570
1077701
1077857
1077922
1078058
1078228
1078301
1078375
1078479
1078633
1078740
1078800
1078860
1078974
1079057
1079140
1079203
1079267
1079355
1079470
1079481
1079506
1079565
1079579
1079617
1079746
1079699
1079794
1079899
1079969
1080141
1080148
1080271
1080394
1080439
1080502
1080612
1080621
1080749
1080784
1080932
1081040
1081129
1081264
1081301
1081397
1081543
1081637
1081788
1081865
1081872
1081898
1081815
1081762
1081565
1081428
1081254
1080984
1080729
1080483
1080160
1079904
1079566
1079353
1079120
1078881
1078750
1078708
1078623
1078645
1078647
1078616
1078635
1078679
1078649
1078634
1078661
1078601
1078606
1078611
1078566
1078545
1078611
1078548
1078555
1078476
1078457
1078399
1078354
1078220
1078228
1078193
1078152
1078086
1077996
1077995
1077928
1077893
1077984
1077992
1078022
1078029
1078066
1078067
1078097
1078123
1078157
1078144
1078130
1078192
1078261
1078318
1078409
1078551
1078596
1078666
1078748
1078833
1078857
1078963
1079031
1079127
1079120
1079123
1079129
1078985
1078956
1078735
1078543
1078192
1077843
1077546
1077125
1076769
1076565
1076290
1076023
1075819
1075742
1075631
1075601
1075610
1075608
1075566
1075627
1075603
1075608
1075661
1075618
1075655
1075675
1075667
1075709
1075665
1075741
1075789
1075810
1075779
1075809
1075790
1075776
1075786
1075823
1075757
1075823
1075703
1075683
1075683
1075750
1075761
1075769
1075880
1075963
1076022
1076112
1076118
1076194
1076191
1076302
1076292
1076425
1076426
1076525
1076601
1076778
1076827
1076908
1077027
1077111
1077192
1077362
1077414
1077463
1077551
1077763
1077844
1077897
1077882
1077856
1077815
1077607
1077425
1077134
1076878
1076472
1076235
1075852
1075589
1075409
1075147
1075055
1074954
1074853
1074929
1074882
1074900
1075043
1075071
1075190
1075262
1075259
1075288
1075351
1075387
1075377
1075456
1075550
1075602
1075673
1075660
1075727
1075769
1075736
1075748
1075811
1075840
1075797
1075799
1075847
1075898
1075954
1075943
1076015
1076003
1076168
1076243
1076342
1076387
1076492
1076546
1076741
1076765
1076855
1076916
1077029
1077133
1077236
1077379
1077485
1077597
1077764
1077904
1078014
1078183
1078309
1078592
1078634
1078636
1078673
1078572
1078518
1078438
1078203
1077989
1077682
1077479
1077203
1076922
1076805
1076518
1076456
1076335
1076302
1076360
1076381
1076577
1076598
1076810
1076933
1076986
1077064
1077149
1077271
1077351
1077439
1077529
1077671
1077708
1077830
1077870
1077916
1078032
1078033
1078121
1078203
1078177
1078220
1078197
1078253
1078293
1078312
1078371
1078388
1078482
1078516
1078644
1078691
1078797
1078931
1079002
1079078
1079125
1079119
1079268
1079286
1079356
1079465
1079581
1079667
1079682
1079876
1079920
1079980
1080033
1080171
1080291
1080341
1080463
1080394
1080362
1080248
1080106
1079969
1079733
1079398
1078975
1078694
1078286
1077893
1077662
1077384
1077176
1077003
1076869
1076739
1076713
1076715
1076675
1076689
1076668
1076637
1076631
1076656
1076543
1076562
1076527
1076555
1076515
1076541
1076484
1076423
1076460
1076429
1076405
1076321
1076307
1076247
1076214
1076177
1076083
1076031
1075993
1076041
1075945
1075947
1076019
1076013
1076067
1076153
1076111
1076273
1076276
1076296
1076305
1076332
1076320
1076451
1076502
1076589
1076715
1076771
1076793
1076951
1077015
1077100
1077196
1077250
1077353
1077466
1077569
1077634
1077721
1077681
1077691
1077696
1077546
1077381
1077109
1076754
1076362
1075965
1075511
1075194
1074955
1074628
1074410
1074292
1074133
1073997
1074035
1073974
1073990
1074044
1073971
1074011
1074045
1074028
1074025
1073954
1074026
1073987
1074045
1074124
1074121
1074142
1074186
1074234
1074266
1074259
1074198
1074106
1074156
1074158
1074088
1074146
1074141
1074115
1074129
1074176
1074178
1074227
1074267
1074352
1074457
1074521
1074587
1074585
1074668
1074686
1074783
1074895
1074916
1075009
1075231
1075206
1075315
1075378
1075409
1075556
1075663
1075788
1075882
1075919
1076080
1076185
1076297
1076252
1076263
1076190
1076105
1075930
1075596
1075290
1074814
1074456
1074077
1073769
1073367
1073108
1073001
1072852
1072749
1072619
1072626
1072638
1072630
1072699
1072726
1072657
1072665
1072697
1072698
1072736
1072832
1072784
1072790
1072843
1072881
1072862
1072844
1072876
1072934
1072891
1072837
1072802
1072780
1072718
1072702
1072742
1072627
1072630
1072611
1072674
1072693
1072729
1072793
1072827
1072940
1072954
1072963
1073038
1073064
1073025
1073122
1073249
1073378
1073410
1073544
1073647
1073732
1073891
1073923
1074028
1074124
1074231
1074286
1074434
1074448
1074412
1074367
1074221
1074035
1073764
1073378
1073001
1072607
1072235
1071834
1071665
1071387
1071206
1071177
1071018
1071043
1071079
1071108
1071163
1071259
1071368
1071298
1071359
1071422
1071493
1071541
1071643
1071681
1071769
1071901
1071883
1071926
1071971
1071947
1071988
1071912
1071976
1071971
1072002
1072038
1071984
1072111
1072118
1072128
1072149
1072255
1072258
1072391
1072402
1072559
1072687
1072718
1072742
1072870
1072998
1073056
1073152
1073287
1073355
1073509
1073585
1073846
1073958
1074086
1074270
1074475
1074644
1074758
1074754
1074805
1074674
1074583
1074373
1074158
1073815
1073618
1073326
1073013
1072748
1072605
1072539
1072450
1072421
1072512
1072506
1072616
1072847
1072902
1073025
1073138
1073205
1073343
1073388
1073654
1073678
1073712
1073870
1073987
1074067
1074103
1074198
1074322
1074288
1074337
1074446
1074458
1074483
1074484
1074495
1074548
1074528
1074647
1074750
1074822
1074882
1074896
1075035
1075116
1075200
1075325
1075360
1075378
1075450
1075516
1075590
1075609
1075657
1075777
1075896
1075959
1076010
1076160
1076248
1076284
1076393
1076301
1076229
1076074
1075853
1075663
1075357
1074983
1074586
1074124
1073686
1073376
1072995
1072755
1072570
1072376
1072290
1072236
1072135
1072125
1072187
1072156
1072056
1072043
1072005
1072039
1071994
1072014
1072042
1072024
1071997
1072041
1072123
1072099
1072077
1071996
1072059
1071986
1071957
1072016
1071863
1071791
1071886
1071824
1071801
1071848
1071876
1071924
1071988
1072043
1072126
1072155
1072221
1072269
1072291
1072384
1072455
1072466
1072556
1072667
1072776
1072834
1072909
1073070
1073151
1073301
1073342
1073464
1073573
1073597
1073606
1073626
1073487
1073349
1073117
1072771
1072447
1071993
1071580
1071186
1070855
1070596
1070388
1070232
1070119
1070057
1070017
1070018
1070028
1070052
1070121
1070145
1070164
1070161
1070155
1070287
1070281
1070342
1070327
1070425
1070485
1070489
1070568
1070624
1070603
1070600
1070667
1070616
1070614
1070633
1070607
1070652
1070680
1070719
1070734
1070750
1070826
1070859
1070986
1071097
1071125
1071266
1071275
1071332
1071402
1071471
1071562
1071670
1071753
1071892
1071965
1072086
1072171
1072318
1072407
1072487
1072649
1072782
1072938
1072899
1072973
1072943
1072861
1072751
1072589
1072306
1071903
1071507
1071040
1070722
1070410
1070193
1069898
1069787
1069754
1069716
1069679
1069679
1069795
1069769
1069819
1069867
1069881
1069937
1069970
1069953
1070052
1070102
1070114
1070202
1070322
1070350
1070453
1070422
1070438
1070480
1070455
1070472
1070439
1070449
1070506
1070490
1070525
1070572
1070588
1070615
1070692
1070756
1070922
1070977
1071076
1071079
1071186
1071287
1071352
1071397
1071491
1071558
1071606
1071731
1071833
1071932
1072104
1072154
1072367
1072423
1072584
1072659
1072827
1072926
1072969
1072946
1073053
1072940
1072778
1072625
1072266
1071991
1071539
1071166
1070754
1070540
1070289
1070079
1069975
1069900
1069967
1069964
1070001
1070068
1070126
1070236
1070261
1070295
1070328
1070452
1070554
1070634
1070692
1070790
1070862
1070940
1070971
1071026
1071161
1071164
1071129
1071128
1071237
1071231
1071225
1071328
1071276
1071365
1071415
1071484
1071537
1071719
1071748
1071881
1072037
1072093
1072204
1072329
1072379
1072555
1072579
1072736
1072816
1072971
1073087
1073246
1073441
1073555
1073712
1073879
1074026
1074208
1074414
1074573
1074755
1074895
1074887
1074990
1074920
1074865
1074726
1074507
1074273
1073965
1073709
1073425
1073176
1073057
1072922
1072888
1072844
1072871
1072916
1073046
1073201
1073420
1073469
1073635
1073772
1073878
1074013
1074093
1074251
1074351
1074452
1074603
1074709
1074783
1074861
1074911
1075022
1075124
1075125
1075163
1075251
1075277
1075292
1075377
1075485
1075475
1075552
1075597
1075791
1075806
1075999
1076130
1076186
1076356
1076499
1076531
1076656
1076666
1076867
1076919
1076994
1077203
1077344
1077404
1077544
1077603
1077843
1077897
1078084
1078206
1078424
1078496
1078712
1078731
1078748
1078692
1078621
1078628
1078427
1078239
1077963
1077579
1077272
1076964
1076634
1076412
1076251
1076104
1076002
1076042
1076010
1075961
1076035
1076133
1076146
1076264
1076297
1076291
1076337
1076345
1076272
1076351
1076316
1076355
1076330
1076305
1076236
1076180
1076103
1076087
1076061
1075958
1075870
1075805
1075733
1075658
1075512
1075452
1075394
1075357
1075321
1075281
1075320
1075322
1075335
1075450
1075546
1075571
1075596
1075584
1075619
1075568
1075641
1075668
1075767
1075747
1075861
1075900
1075964
1075999
1076009
1075965
1076087
1076170
1076197
1076359
1076383
1076551
1076538
1076472
1076404
1076195
1076104
1075818
1075444
1075018
1074555
1074184
1073745
1073392
1073058
1072783
1072661
1072530
1072408
1072359
1072298
1072244
1072215
1072276
1072273
1072225
1072228
1072174
1072270
1072256
1072246
1072303
1072395
1072487
1072425
1072478
1072489
1072485
1072548
1072520
1072434
1072462
1072405
1072453
1072426
1072350
1072461
1072503
1072521
1072564
1072586
1072578
1072600
1072805
1072817
1072940
1072945
1073011
1073057
1073150
1073212
1073279
1073344
1073464
1073526
1073707
1073806
1073862
1074075
1074105
1074266
1074337
1074330
1074528
1074670
1074738
1074889
1074965
1075144
1075287
1075351
1075445
1075386
1075365
1075245
1075086
1074814
1074526
1074151
1073720
1073213
1072821
1072462
1072182
1072013
1071892
1071744
1071711
1071709
1071680
1071604
1071686
1071655
1071719
1071762
1071800
1071825
1071815
1071851
1071876
1071898
1071883
1071999
1071969
1072053
1072055
1072028
1072058
1072074
1072096
1072073
1071979
1071950
1071954
1072004
1072021
1072106
1072056
1072149
1072172
1072297
1072352
1072443
1072453
1072593
1072594
1072788
1072891
1073075
1073187
1073281
1073374
1073464
1073480
1073571
1073676
1073677
1073788
1073860
1073915
1074045
1074170
1074205
1074337
1074503
1074594
1074699
1074695
1074619
1074564
1074450
1074199
1073868
1073464
1073017
1072634
1072188
1071883
1071654
1071554
1071347
1071235
1071199
1071186
1071206
1071193
1071256
1071283
1071319
1071299
1071299
1071365
1071414
1071444
1071466
1071618
1071639
1071699
1071803
1071800
1071777
1071803
1071864
1071907
1071806
1071804
1071789
1071836
1071785
1071865
1071850
1071878
1071915
1072024
1072077
1072125
1072234
1072408
1072425
1072548
1072647
1072795
1072804
1072881
1072953
1073107
1073178
1073355
1073476
1073611
1073805
1073904
1074056
1074225
1074297
1074504
1074629
1074695
1074877
1075078
1075239
1075454
1075535
1075614
1075570
1075548
1075373
1075174
1074930
1074550
1074232
1073847
1073554
1073286
1073104
1072914
1072807
1072784
1072861
1072865
1072962
1073042
1073123
1073236
1073352
1073386
1073509
1073625
1073749
1073766
1073884
1074061
1074132
1074145
1074316
1074331
1074428
1074467
1074494
1074554
1074656
1074711
1074656
1074714
1074750
1074781
1074830
1074892
1074948
1075075
1075225
1075299
1075491
1075608
1075679
1075812
1075907
1076051
1076190
1076197
1076378
1076508
1076598
1076748
1076909
1077027
1077180
1077388
1077520
1077642
1077843
1078013
1078151
1078199
1078163
1078147
1078042
1077869
1077693
1077451
1077140
1076853
1076521
1076255
1075985
1075810
1075543
1075556
1075560
1075508
1075664
1075734
1075925
1075968
1076160
1076223
1076314
1076415
1076472
1076532
1076570
1076624
1076768
1076901
1076870
1076943
1076995
1076970
1076942
1076997
1076947
1076999
1076957
1076905
1076874
1076821
1076751
1076758
1076670
1076713
1076730
1076778
1076721
1076821
1076819
1076861
1076872
1076841
1076857
1076821
1076835
1076854
1076944
1077054
1077105
1077148
1077141
1077241
1077285
1077291
1077316
1077448
1077493
1077495
1077405
1077383
1077168
1076980
1076673
1076381
1075947
1075446
1075002
1074464
1074160
1073810
1073525
1073347
1073207
1073190
1073120
1073058
1073047
1073058
1073070
1073156
1073116
1073078
1073066
1073088
1073043
1073145
1073121
1073133
1073235
1073315
1073313
1073316
1073295
1073267
1073298
1073211
1073251
1073209
1073122
1073050
1073134
1073124
1073113
1073152
1073269
1073281
1073299
1073405
1073525
1073573
1073666
1073700
1073784
1073895
1073892
1073927
1074024
1074160
1074218
1074369
1074447
1074505
1074713
1074712
1074923
1074973
1075085
1075122
1075294
1075377
1075459
1075604
1075694
1075735
1075677
1075595
1075442
1075264
1074980
1074539
1074094
1073650
1073241
1072791
1072465
1072182
1071990
1071852
1071772
1071767
1071720
1071735
1071763
1071761
1071802
1071849
1071840
1071850
1071840
1071884
1071965
1071949
1072012
1072072
1072086
1072091
1072239
1072206
1072199
1072275
1072198
1072277
1072232
1072189
1072164
1072193
1072293
1072209
1072299
1072281
1072389
1072406
1072532
1072530
1072640
1072803
1072922
1072936
1073036
1073114
1073243
1073320
1073413
1073526
1073710
1073784
1073947
1074054
1074247
1074353
1074446
1074562
1074740
1074873
1075071
1075137
1075268
1075475
1075636
1075815
1075936
1076018
1075968
1075873
1075798
1075577
1075329
1075011
1074711
1074319
1073929
1073689
1073372
1073205
1073070
1072965
1072996
1072958
1073003
1073215
1073269
1073406
1073548
1073601
1073719
1073792
1073874
1074046
1074116
1074213
1074318
1074391
1074471
1074567
1074610
1074759
1074847
1074806
1074943
1074904
1074982
1074931
1074993
1075110
1075116
1075111
1075207
1075232
1075431
1075522
1075686
1075778
1075915
1076018
1076111
1076150
1076205
1076405
1076485
1076659
1076746
1076870
1076995
1077122
1077320
1077451
1077606
1077646
1077880
1078028
1078171
1078137
1078152
1078040
1078015
1077756
1077631
1077364
1077001
1076618
1076251
1075798
1075481
1075189
1074960
1074728
1074607
1074424
1074333
1074306
1074345
1074393
1074483
1074492
1074545
1074495
1074592
1074613
1074606
1074611
1074690
1074693
1074747
1074749
1074726
1074702
1074617
1074677
1074639
1074579
1074543
1074481
1074416
1074295
1074318
1074290
1074322
1074321
1074234
1074386
1074434
1074464
1074497
1074551
1074553
1074622
1074622
1074704
1074794
1074829
1074929
1075028
1075108
1075222
1075263
1075440
1075486
1075578
1075721
1075769
1075846
1075996
1075935
1075903
1075858
1075778
1075512
1075258
1074882
1074446
1074009
1073469
1073078
1072681
1072414
1072199
1072028
1071840
1071827
1071800
1071754
1071789
1071831
1071870
1071908
1071876
1071891
1071900
1071929
1071958
1072025
1072020
1072073
1072179
1072185
1072213
1072251
1072272
1072311
1072301
1072305
1072226
1072290
1072255
1072272
1072278
1072272
1072250
1072358
1072357
1072431
1072504
1072656
1072705
1072777
1072838
1072847
1072890
1072964
1073057
1073233
1073337
1073431
1073528
1073668
1073733
1073834
1073952
1074007
1074148
1074296
1074385
1074519
1074673
1074551
1074478
1074450
1074309
1074093
1073723
1073359
1072924
1072416
1071998
1071509
1071259
1070991
1070849
1070719
1070676
1070623
1070752
1070750
1070805
1070857
1070885
1070903
1070895
1070937
1071026
1071046
1071153
1071147
1071217
1071336
1071356
1071427
1071556
1071575
1071583
1071604
1071648
1071634
1071555
1071630
1071631
1071632
1071689
1071692
1071769
1071898
1071916
1072076
1072254
1072287
1072426
1072448
1072602
1072626
1072772
1072867
1072985
1073118
1073306
1073439
1073558
1073708
1073898
1074059
1074105
1074276
1074460
1074644
1074847
1075038
1075053
1075153
1075061
1074995
1074862
1074668
1074440
1074097
1073725
1073298
1072939
1072735
1072431
1072374
1072228
1072277
1072281
1072316
1072436
1072613
1072743
1072913
1072917
1073077
1073192
1073279
1073411
1073536
1073606
1073800
1073875
1073948
1074068
1074194
1074298
1074346
1074409
1074505
1074538
1074580
1074545
1074564
1074638
1074680
1074780
1074839
1074902
1075027
1075194
1075293
1075442
1075533
1075685
1075834
1075872
1075952
1076200
1076228
1076311
1076510
1076684
1076735
1076987
1077140
1077252
1077465
1077595
1077659
1077881
1077790
1077851
1077715
1077642
1077490
1077234
1076951
1076606
1076199
1075815
1075441
1075221
1074946
1074779
1074765
1074645
1074676
1074757
1074743
1074927
1075059
1075096
1075154
1075199
1075247
1075302
1075398
1075353
1075474
1075495
1075564
1075582
1075640
1075617
1075547
1075517
1075526
1075404
1075314
1075290
1075133
1075168
1075069
1074972
1075026
1074896
1074965
1074871
1074964
1074969
1074991
1075074
1075059
1075116
1075044
1075170
1075210
1075231
1075211
1075302
1075371
1075521
1075552
1075668
1075662
1075802
1075924
1075970
1075996
1075954
1075810
1075734
1075449
1075229
1074828
1074431
1073922
1073470
1073025
1072659
1072316
1071987
1071787
1071685
1071525
1071536
1071532
1071576
1071510
1071529
1071467
1071454
1071456
1071499
1071576
1071509
1071584
1071577
1071655
1071754
1071711
1071780
1071779
1071829
1071785
1071875
1071808
1071856
1071817
1071788
1071771
1071799
1071766
1071784
1071808
1071904
1071965
1072008
1072132
1072219
1072310
1072414
1072410
1072439
1072472
1072630
1072653
1072750
1072900
1073052
1073100
1073198
1073443
1073468
1073569
1073678
1073850
1073910
1073940
1073879
1073850
1073740
1073631
1073330
1072948
1072542
1072029
1071565
1071124
1070752
1070405
1070189
1070062
1069946
1069928
1069883
1069853
1069906
1069961
1069952
1069971
1070016
1069979
1070007
1070067
1070113
1070168
1070209
1070318
1070411
1070363
1070481
1070562
1070488
1070543
1070539
1070575
1070531
1070540
1070543
1070520
1070529
1070610
1070648
1070694
1070723
1070817
1070914
1070990
1071157
1071195
1071263
1071338
1071407
1071537
1071543
1071703
1071853
1072006
1072153
1072196
1072366
1072532
1072728
1072855
1073014
1073046
1073215
1073444
1073585
1073640
1073692
1073653
1073588
1073532
1073337
1073012
1072640
1072170
1071701
1071402
1071039
1070768
1070688
1070558
1070496
1070523
1070487
1070547
1070639
1070748
1070905
1070904
1071007
1071026
1071133
1071263
1071308
1071450
1071482
1071659
1071732
1071827
1072039
1071986
1072067
1072146
1072188
1072239
1072252
1072270
1072331
1072353
1072362
1072429
1072494
1072673
1072657
1072881
1072967
1073079
1073168
1073293
1073454
1073537
1073687
1073748
1073830
1073968
1074116
1074237
1074381
1074545
1074713
1074869
1074995
1075158
1075278
1075581
1075620
1075768
1075756
1075689
1075560
1075441
1075199
1074997
1074591
1074231
1073906
1073583
1073230
1073158
1072921
1072878
1072883
1072915
1072905
1073067
1073215
1073349
1073473
1073454
1073537
1073673
1073681
1073728
1073859
1073890
1073949
1074068
1074192
1074184
1074153
1074146
1074215
1074131
1074114
1074077
1073952
1073967
1074029
1073879
1073876
1073771
1073815
1073797
1073872
1073820
1073887
1073968
1073948
1073915
1073905
1074010
1074043
1074094
1074121
1074120
1074234
1074285
1074374
1074426
1074580
1074623
1074724
1074836
1074900
1074971
1075044
1075083
1074989
1074966
1074825
1074625
1074362
1074016
1073584
1073136
1072594
1072175
1071854
1071528
1071242
1071061
1070890
1070922
1070847
1070805
1070772
1070877
1070879
1070846
1070854
1070835
1070859
1070902
1070854
1070977
1071007
1071052
1071093
1071133
1071141
1071281
1071247
1071274
1071263
1071212
1071212
1071207
1071258
1071267
1071282
1071242
1071330
1071353
1071387
1071394
1071569
1071649
1071764
1071762
1071941
1071972
1072020
1072052
1072156
1072295
1072387
1072467
1072640
1072730
1072879
1072988
1073074
1073242
1073277
1073431
1073514
1073656
1073796
1073967
1074082
1074082
1074078
1073966
1073909
1073730
1073394
1072994
1072521
1072011
1071564
1071151
1070890
1070606
1070463
1070323
1070284
1070216
1070232
1070242
1070258
1070337
1070351
1070442
1070396
1070428
1070433
1070446
1070573
1070562
1070677
1070708
1070774
1070842
1070929
1070987
1070973
1070977
1070962
1071069
1070980
1070954
1070993
1070962
1070978
1071042
1071046
1071166
1071220
1071263
1071391
1071454
1071627
1071663
1071747
1071751
1071867
1071954
1071996
1072098
1072208
1072347
1072466
1072612
1072720
1072822
1072945
1073007
1073158
1073315
1073359
1073498
1073641
1073830
1073947
1073994
1073973
1073945
1073794
1073590
1073293
1072878
1072391
1072013
1071551
1071094
1070859
1070563
1070377
1070295
1070242
1070140
1070195
1070187
1070306
1070290
1070276
1070383
1070411
1070398
1070489
1070525
1070589
1070616
1070694
1070802
1070879
1070932
1070980
1071077
1071058
1071049
1071074
1071130
1071017
1071058
1071017
1071031
1071056
1071131
1071129
1071270
1071351
1071432
1071514
1071659
1071740
1071839
1071939
1071993
1072057
1072212
1072245
1072370
1072493
1072628
1072706
1072927
1073149
1073264
1073322
1073482
1073571
1073745
1073903
1074084
1074193
1074347
1074558
1074772
1074964
1074904
1074948
1074889
1074871
1074678
1074398
1074025
1073680
1073288
1072880
1072527
1072259
1072072
1071911
1071855
1071853
1071830
1071836
1072019
1072112
1072232
1072327
1072386
1072400
1072557
1072628
1072718
1072770
1072845
1072981
1073118
1073198
1073250
1073348
1073451
1073482
1073526
1073536
1073593
1073683
1073658
1073626
1073701
1073717
1073771
1073856
1073979
1074062
1074162
1074256
1074441
1074567
1074669
1074792
1074869
1074966
1075159
1075209
1075303
1075504
1075577
1075694
1075860
1076069
1076189
1076324
1076464
1076648
1076882
1077048
1077059
1077104
1077125
1076941
1076894
1076728
1076461
1076141
1075778
1075386
1075040
1074662
1074429
1074193
1073973
1073994
1073882
1073930
1074021
1074112
1074181
1074194
1074249
1074286
1074274
1074296
1074322
1074292
1074322
1074339
1074421
1074381
1074413
1074410
1074380
1074399
1074380
1074365
1074230
1074207
1074115
1074056
1073944
1073944
1073903
1073845
1073821
1073818
1073850
1073948
1073920
1073931
1074055
1074046
1074125
1074103
1074153
1074208
1074314
1074384
1074428
1074532
1074678
1074754
1074869
1074875
1075012
1075120
1075214
1075361
1075475
1075511
1075652
1075581
1075577
1075474
1075263
1075080
1074701
1074271
1073725
1073266
1072741
1072269
1071989
1071752
1071478
1071414
1071342
1071298
1071206
1071237
1071210
1071201
1071254
1071224
1071238
1071287
1071208
1071299
1071320
1071388
1071446
1071522
1071604
1071635
1071633
1071732
1071717
1071736
1071683
1071672
1071699
1071639
1071616
1071671
1071607
1071700
1071707
1071770
1071805
1071852
1071952
1072017
1072138
1072214
1072264
1072358
1072467
1072502
1072586
1072663
1072825
1072886
1072980
1073142
1073273
1073365
1073525
1073599
1073697
1073797
1073913
1074082
1074176
1074278
1074531
1074679
1074699
1074701
1074634
1074532
1074403
1074154
1073873
1073321
1072786
1072395
1072036
1071538
1071201
1070977
1070822
1070761
1070693
1070664
1070695
1070683
1070804
1070828
1070858
1070947
1071002
1071003
1071058
1071151
1071242
1071220
1071363
1071521
1071565
1071590
1071709
1071725
1071735
1071746
1071780
1071814
1071791
1071836
1071875
1071875
1071859
1071917
1071975
1072039
1072168
1072276
1072360
1072468
1072548
1072658
1072767
1072854
1072959
1073035
1073158
1073250
1073441
1073583
1073725
1073835
1073986
1074125
1074324
1074450
1074623
1074818
1074954
1075156
1075198
1075185
1075168
1075071
1074928
1074577
1074245
1073902
1073526
1073058
1072717
1072542
1072393
1072250
1072170
1072265
1072336
1072398
1072537
1072664
1072755
1072819
1072937
1073075
1073212
1073367
1073449
1073561
1073714
1073852
1073956
1073995
1074113
1074221
1074313
1074316
1074411
1074439
1074544
1074515
1074560
1074598
1074640
1074616
1074710
1074776
1074948
1075040
1075152
1075268
1075406
1075456
1075565
1075643
1075749
1075877
1075899
1076106
1076242
1076252
1076477
1076585
1076662
1076829
1076961
1077110
1077304
1077407
1077484
1077633
1077619
1077580
1077518
1077352
1077099
1076799
1076375
1076000
1075607
1075189
1074892
1074570
1074295
1074170
1074098
1074004
1074019
1073975
1074036
1074090
1074094
1074200
1074131
1074175
1074146
1074214
1074200
1074145
1074243
1074194
1074256
1074317
1074247
1074284
1074167
1074232
1074148
1074059
1073983
1073889
1073816
1073791
1073679
1073652
1073600
1073619
1073611
1073612
1073678
1073751
1073796
1073842
1073814
1073825
1073849
1073869
1073974
1073985
1074049
1074127
1074212
1074330
1074452
1074652
1074612
1074705
1074870
1074905
1075013
1075019
1075030
1074940
1074886
1074639
1074484
1073991
1073616
1073039
1072469
1072023
1071641
1071304
1071064
1070840
1070705
1070671
1070619
1070578
1070601
1070564
1070623
1070540
1070612
1070515
1070589
1070578
1070645
1070717
1070773
1070860
1070845
1070906
1070945
1071070
1071022
1071030
1071081
1071061
1070978
1071023
1070980
1071006
1070969
1071003
1071042
1071103
1071137
1071135
1071285
1071409
1071397
1071530
1071616
1071578
1071687
1071728
1071838
1071877
1071937
1072091
1072168
1072333
1072448
1072577
1072651
1072776
1072861
1073032
1073122
1073263
1073258
1073193
1073205
1073109
1072892
1072591
1072208
1071691
1071171
1070610
1070215
1069835
1069600
1069359
1069227
1069186
1069088
1069125
1069088
1069137
1069144
1069187
1069195
1069186
1069180
1069249
1069373
1069330
1069393
1069475
1069530
1069708
1069667
1069725
1069749
1069795
1069779
1069811
1069703
1069815
1069720
1069784
1069760
1069799
1069875
1069852
1069930
1069936
1070057
1070145
1070280
1070324
1070330
1070402
1070528
1070627
1070636
1070709
1070880
1070917
1071018
1071161
1071268
1071391
1071508
1071628
1071656
1071829
1071919
1072085
1072153
1072188
1072102
1071987
1071865
1071527
1071245
1070781
1070242
1069891
1069441
1069085
1068801
1068606
1068427
1068382
1068370
1068344
1068422
1068428
1068459
1068468
1068591
1068569
1068720
1068732
1068827
1068848
1068941
1069039
1069155
1069239
1069291
1069422
1069438
1069516
1069575
1069606
1069607
1069631
1069676
1069651
1069715
1069706
1069820
1069896
1069927
1070048
1070087
1070238
1070366
1070432
1070533
1070561
1070761
1070824
1070945
1071008
1071178
1071320
1071422
1071545
1071689
1071846
1072057
1072234
1072360
1072502
1072684
1072935
1073084
1073193
1073035
1072733
1072468
1072374
1072224
1072112
1071855
1071749
1071461
1071294
1071157
1070947
1070886
1070903
1070917
1070962
1071072
1071198
1071337
1071449
1071521
1071612
1071719
1071828
1071896
1072040
1072099
1072183
1072292
1072340
1072476
1072521
1072591
1072639
1072672
1072710
1072756
1072790
1072755
1072833
1072768
1072764
1072811
1072836
1072838
1072989
1073002
1073090
1073130
1073268
1073243
1073295
1073411
1073481
1073471
1073596
1073572
1073730
1073827
1073927
1074024
1074131
1074240
1074412
1074448
1074533
1074666
1074650
1074675
1074655
1074564
1074482
1074301
1074023
1073776
1073381
1072991
1072632
1072267
1071986
1071776
1071581
1071455
1071360
1071347
1071321
1071327
1071345
1071414
1071431
1071407
1071468
1071519
1071516
1071527
1071569
1071561
1071627
1071733
1071744
1071783
1071873
1071835
1071857
1071861
1071852
1071858
1071836
1071799
1071762
1071784
1071824
1071885
1071815
1071924
1072086
1072083
1072184
1072254
1072349
1072430
1072532
1072543
1072570
1072652
1072757
1072882
1072970
1073052
1073208
1073323
1073398
1073654
1073651
1073800
1073849
1073959
1074101
1074152
1074242
1074225
1074176
1074166
1074046
1073864
1073674
1073274
1072914
1072469
1072130
1071879
1071595
1071363
1071237
1071163
1071063
1071065
1071063
1071066
1071157
1071211
1071219
1071264
1071283
1071303
1071314
1071406
1071452
1071504
1071591
1071658
1071763
1071835
1071862
1071851
1071898
1071917
1071936
1071901
1071961
1071895
1071932
1071942
1071949
1071978
1071977
1072109
1072156
1072244
1072320
1072410
1072569
1072545
1072596
1072718
1072716
1072874
1072882
1073038
1073183
1073258
1073355
1073484
1073615
1073767
1073852
1073907
1074099
1074169
1074313
1074502
1074662
1074812
1074902
1074882
1074895
1074868
1074712
1074525
1074310
1073930
1073564
1073233
1072988
1072697
1072569
1072384
1072274
1072266
1072251
1072363
1072410
1072511
1072560
1072681
1072803
1072881
1073033
1073066
1073195
1073277
1073370
1073516
1073519
1073728
1073812
1073900
1073957
1074050
1074076
1074177
1074215
1074279
1074250
1074330
1074406
1074445
1074546
1074657
1074739
1074859
1075024
1075124
1075220
1075357
1075492
1075542
1075724
1075842
1075905
1076157
1076249
1076366
1076511
1076645
1076830
1076940
1077146
1077335
1077501
1077659
1077895
1078000
1078116
1078124
1078080
1078067
1078034
1077896
1077741
1077533
1077252
1076944
1076615
1076359
1076162
1076072
1076033
1076098
1076058
1076129
1076251
1076407
1076523
1076697
1076773
1076926
1076997
1077101
1077153
1077280
1077375
1077497
1077612
1077752
1077763
1077914
1077920
1078033
1078072
1078036
1077998
1078048
1078082
1078042
1078002
1078075
1078115
1078145
1078149
1078245
1078334
1078408
1078480
1078551
1078493
1078547
1078605
1078682
1078687
1078745
1078792
1078775
1078874
1078903
1078994
1079120
1079188
1079182
1079219
1079270
1079282
1079268
1079209
1079084
1078954
1078740
1078552
1078238
1077776
1077385
1076954
1076527
1076107
1075902
1075560
1075376
1075242
1075239
1075116
1075044
1075059
1075043
1075047
1074982
1074965
1074855
1074842
1074866
1074838
1074759
1074887
1074859
1074859
1074845
1074843
1074768
1074777
1074754
1074721
1074640
1074589
1074536
1074501
1074522
1074378
1074465
1074394
1074367
1074485
1074501
1074561
1074602
1074643
1074691
1074745
1074681
1074781
1074873
1074910
1074979
1075094
1075131
1075272
1075354
1075423
1075605
1075624
1075797
1075821
1075846
1076023
1076035
1076087
1076117
1076048
1075901
1075762
1075516
1075121
1074639
1074176
1073799
1073363
1072986
1072739
1072483
1072306
1072231
1072113
1072058
1072079
1072103
1072187
1072084
1072215
1072145
1072097
1072134
1072042
1072133
1072176
1072220
1072271
1072358
1072379
1072445
1072447
1072414
1072448
1072427
1072366
1072332
1072330
1072298
1072283
1072324
1072311
1072380
1072351
1072440
1072442
1072607
1072649
1072738
1072806
1072918
1072948
1073017
1073051
1073112
1073249
1073301
1073411
1073466
1073604
1073774
1073853
1073922
1074064
1074136
1074302
1074383
1074478
1074612
1074746
1074756
1074650
1074591
1074405
1074205
1073891
1073489
1073069
1072587
1072139
1071764
1071451
1071264
1070995
1070928
1070926
1070895
1070874
1070922