1072670
1072728
1072777
1072767
1072664
1072574
1072490
1072198
1071883
1071518
1071202
1070851
1070561
1070306
1070140
1069973
1069920
1069771
1069641
1069691
1069727
1069737
1069720
1069815
1069828
1069902
1069931
1069913
1069951
1069934
1070076
1070047
1070113
1070170
1070203
1070249
1070245
1070257
1070299
1070337
1070352
1070311
1070413
1070385
1070452
1070509
1070542
1070650
1070728
1070930
1070904
1071025
1071068
1071195
1071316
1071416
1071432
1071522
1071667
1071853
1071862
1071935
1072132
1072324
1072415
1072532
1072740
1072870
1073100
1073242
1073407
1073441
1073439
1073441
1073364
1073210
1073083
1072796
1072532
1072131
1071970
1071730
1071531
1071444
1071363
1071330
1071303
1071311
1071440
1071562
1071644
1071773
1071819
1071856
1071987
1072054
1072134
1072279
1072433
1072490
1072578
1072725
1072789
1072798
1072871
1072954
1072981
1073151
1073128
1073231
1073299
1073367
1073427
1073468
1073602
1073678
1073763
1073861
1074037
1074148
1074369
1074466
1074601
1074766
1074885
1075017
1075112
1075226
1075358
1075516
1075682
1075797
1075990
1076133
1076354
1076480
1076677
1076834
1076838
1076827
1076831
1076823
1076678
1076584
1076300
1076032
1075792
1075458
1075149
1074906
1074716
1074597
1074504
1074457
1074428
1074392
1074394
1074512
1074545
1074656
1074688
1074648
1074667
1074748
1074754
1074748
1074790
1074767
1074780
1074768
1074771
1074779
1074696
1074671
1074605
1074572
1074441
1074446
1074434
1074391
1074273
1074196
1074195
1074122
1074131
1074202
1074120
1074220
1074142
1074220
1074256
1074284
1074286
1074234
1074293
1074267
1074358
1074368
1074458
1074544
1074597
1074662
1074784
1074843
1074942
1074948
1075095
1075159
1075238
1075307
1075264
1075236
1075237
1075108
1075005
1074723
1074386
1073958
1073500
1073130
1072806
1072539
1072233
1072041
1071857
1071737
1071601
1071599
1071531
1071514
1071493
1071477
1071407
1071438
1071433
1071381
1071340
1071378
1071393
1071434
1071444
1071471
1071506
1071425
1071422
1071425
1071420
1071454
1071447
1071406
1071398
1071454
1071406
1071410
1071497
1071420
1071523
1071520
1071629
1071600
1071741
1071785
1071881
1071955
1071950
1072135
1072087
1072208
1072248
1072335
1072379
1072492
1072583
1072736
1072797
1072902
1073079
1073156
1073208
1073293
1073427
1073515
1073607
1073721
1073887
1074034
1074033
1074211
1074259
1074255
1074251
1074104
1073977
1073714
1073494
1073063
1072704
1072309
1071916
1071636
1071422
1071291
1071183
1070992
1070926
1070868
1070843
1070828
1070881
1070913
1070916
1070888
1070806
1070872
1070872
1070830
1070887
1070918
1070967
1070973
1071050
1071046
1071078
1071072
1071057
1071067
1071108
1071123
1071088
1071048
1071096
1071072
1071178
1071139
1071155
1071214
1071221
1071294
1071372
1071460
1071615
1071646
1071706
1071790
1071908
1071955
1072040
1072103
1072192
1072251
1072354
1072461
1072630
1072751
1072872
1072909
1073050
1073163
1073177
1073360
1073461
1073580
1073661
1073848
1073977
1074069
1074152
1074123
1074022
1073947
1073816
1073587
1073260
1072904
1072501
1072105
1071833
1071526
1071368
1071251
1071117
1070980
1070977
1070919
1070915
1070983
1070917
1070931
1070982
1071072
1071098
1071077
1071088
1071140
1071164
1071213
1071206
1071236
1071359
1071323
1071357
1071380
1071391
1071427
1071448
1071449
1071529
1071521
1071482
1071577
1071573
1071649
1071685
1071729
1071857
1072026
1072092
1072171
1072262
1072437
1072435
1072571
1072624
1072745
1072826
1072967
1073075
1073209
1073319
1073569
1073702
1073812
1074007
1074186
1074265
1074393
1074568
1074727
1074889
1075035
1075201
1075446
1075656
1075733
1075718
1075664
1075619
1075485
1075333
1075069
1074770
1074564
1074284
1074083
1073753
1073659
1073504
1073437
1073315
1073374
1073408
1073521
1073675
1073741
1073853
1073979
1074071
1074173
1074270
1074384
1074487
1074546
1074641
1074708
1074845
1074894
1074943
1074952
1075012
1075108
1075215
1075287
1075290
1075327
1075349
1075475
1075448
1075447
1075588
1075652
1075787
1075912
1076063
1076146
1076298
1076399
1076484
1076584
1076655
1076742
1076858
1077014
1077041
1077191
1077353
1077396
1077535
1077611
1077736
1077855
1077946
1078121
1078177
1078381
1078487
1078595
1078762
1078764
1078616
1078636
1078412
1078224
1077948
1077677
1077301
1076977
1076584
1076304
1075941
1075656
1075447
1075224
1075069
1074961
1074909
1074887
1074979
1074938
1074911
1074858
1074811
1074779
1074736
1074741
1074688
1074664
1074562
1074576
1074527
1074478
1074469
1074353
1074319
1074233
1074195
1074146
1074051
1073965
1073938
1073830
1073822
1073747
1073740
1073692
1073749
1073716
1073761
1073822
1073817
1073885
1073943
1073928
1073966
1073929
1074008
1074016
1074093
1074131
1074178
1074303
1074434
1074468
1074569
1074621
1074721
1074776
1074892
1075003
1075075
1075144
1075191
1075325
1075425
1075421
1075353
1075287
1075137
1074979
1074656
1074313
1073848
1073444
1073023
1072677
1072337
1071970
1071795
1071533
1071354
1071256
1071210
1071163
1071104
1071055
1071104
1071108
1071052
1071041
1071038
1071004
1071018
1071007
1070988
1071005
1070987
1071102
1071071
1071018
1071064
1071051
1070990
1070956
1070934
1070920
1070917
1070884
1070889
1070844
1070874
1070903
1070929
1070913
1071092
1071081
1071157
1071290
1071300
1071394
1071399
1071489
1071530
1071657
1071723
1071712
1071930
1071934
1072052
1072127
1072275
1072417
1072484
1072530
1072774
1072747
1072868
1073000
1073116
1073202
1073312
1073573
1073558
1073613
1073444
1073396
1073300
1073116
1072750
1072392
1071982
1071603
1071196
1070805
1070465
1070273
1070068
1069891
1069723
1069726
1069629
1069629
1069614
1069608
1069702
1069697
1069706
1069740
1069702
1069614
1069735
1069717
1069771
1069777
1069823
1069838
1069863
1069905
1069902
1069869
1069911
1069877
1069871
1069867
1069779
1069832
1069765
1069780
1069820
1069861
1069876
1069977
1070050
1070025
1070222
1070231
1070349
1070440
1070442
1070523
1070571
1070688
1070741
1070846
1070930
1071075
1071187
1071270
1071412
1071521
1071622
1071638
1071805
1071926
1072036
1072234
1072278
1072372
1072439
1072422
1072346
1072165
1072099
1071740
1071482
1071039
1070660
1070262
1069833
1069614
1069339
1069103
1068945
1068834
1068760
1068737
1068757
1068697
1068728
1068787
1068782
1068853
1068839
1068856
1068883
1068860
1068914
1068946
1068997
1069084
1069126
1069123
1069196
1069183
1069241
1069241
1069226
1069265
1069251
1069206
1069309
1069257
1069288
1069291
1069447
1069558
1069633
1069771
1069845
1069975
1070025
1070086
1070174
1070191
1070347
1070547
1070648
1070722
1070865
1070970
1071133
1071344
1071486
1071639
1071787
1071916
1072182
1072317
1072416
1072418
1072444
1072329
1072186
1072115
1071770
1071530
1071205
1070953
1070588
1070382
1070119
1069970
1069885
1069820
1069835
1069822
1069938
1070052
1070122
1070258
1070367
1070519
1070573
1070747
1070836
1070875
1071024
1071170
1071248
1071394
1071395
1071497
1071640
1071656
1071745
1071843
1071848
1071814
1071987
1072044
1071997
1072098
1072131
1072140
1072282
1072325
1072479
1072559
1072680
1072776
1072900
1072968
1073062
1073068
1073190
1073214
1073295
1073356
1073473
1073588
1073671
1073839
1073941
1074010
1074080
1074156
1074073
1074021
1073924
1073737
1073510
1073203
1072852
1072553
1072054
1071642
1071221
1070889
1070576
1070424
1070197
1070036
1069881
1069895
1069817
1069812
1069831
1069784
1069782
1069657
1069687
1069672
1069708
1069625
1069666
1069676
1069677
1069694
1069686
1069642
1069608
1069624
1069553
1069586
1069483
1069482
1069392
1069420
1069473
1069339
1069363
1069417
1069436
1069442
1069517
1069639
1069659
1069757
1069738
1069845
1069909
1070000
1070023
1070075
1070149
1070241
1070267
1070439
1070559
1070693
1070769
1070866
1070973
1071068
1071122
1071149
1071108
1071094
1070946
1070719
1070427
1070077
1069692
1069270
1068882
1068457
1068050
1067901
1067646
1067478
1067290
1067299
1067199
1067234
1067261
1067196
1067235
1067281
1067214
1067210
1067275
1067299
1067307
1067355
1067333
1067396
1067512
1067526
1067462
1067571
1067600
1067587
1067588
1067618
1067629
1067648
1067630
1067639
1067649
1067660
1067727
1067731
1067798
1067904
1067946
1068083
1068178
1068206
1068324
1068375
1068452
1068471
1068598
1068616
1068770
1068819
1068984
1069078
1069200
1069382
1069469
1069620
1069728
1069837
1069913
1070008
1070010
1069961
1069916
1069814
1069599
1069304
1068936
1068509
1067982
1067647
1067339
1067011
1066902
1066652
1066575
1066453
1066457
1066369
1066478
1066459
1066515
1066534
1066495
1066538
1066599
1066571
1066628
1066690
1066744
1066779
1066825
1066891
1066978
1066966
1067005
1067083
1067067
1067060
1067069
1067063
1067138
1067168
1067159
1067098
1067102
1067227
1067276
1067358
1067495
1067500
1067666
1067695
1067794
1067919
1067955
1068019
1068127
1068236
1068315
1068429
1068482
1068613
1068825
1068940
1069104
1069154
1069226
1069368
1069527
1069588
1069759
1069736
1069754
1069654
1069639
1069389
1069066
1068731
1068320
1067989
1067519
1067206
1066977
1066768
1066610
1066452
1066425
1066351
1066413
1066415
1066493
1066507
1066515
1066602
1066658
1066632
1066689
1066724
1066731
1066790
1066875
1066960
1067013
1067061
1067074
1067074
1067152
1067110
1067130
1067162
1067135
1067199
1067208
1067213
1067306
1067271
1067343
1067416
1067497
1067634
1067719
1067895
1067957
1068063
1068150
1068133
1068309
1068343
1068451
1068554
1068697
1068819
1069020
1069123
1069192
1069304
1069501
1069580
1069755
1069846
1069952
1070165
1070365
1070493
1070484
1070448
1070370
1070345
1070128
1069823
1069536
1069177
1068800
1068486
1068126
1067913
1067764
1067640
1067543
1067576
1067547
1067594
1067685
1067726
1067819
1067907
1067940
1067966
1068119
1068129
1068193
1068281
1068293
1068400
1068492
1068581
1068601
1068660
1068723
1068713
1068710
1068816
1068844
1068875
1068830
1068934
1068886
1069006
1068956
1069076
1069082
1069237
1069337
1069453
1069614
1069613
1069663
1069684
1069777
1069906
1069944
1070097
1070204
1070441
1070496
1070622
1070742
1070932
1071046
1071201
1071330
1071451
1071689
1071837
1071819
1071882
1071879
1071737
1071607
1071397
1071199
1070823
1070457
1070046
1069818
1069504
1069357
1069067
1068997
1068949
1068850
1068802
1068784
1068855
1068856
1068850
1068818
1068892
1068875
1068913
1068890
1068900
1068891
1068925
1068858
1068959
1068925
1068989
1068979
1068955
1069000
1068996
1068922
1068927
1068941
1068960
1068983
1068931
1068940
1068911
1068872
1068983
1069041
1069126
1069188
1069264
1069344
1069319
1069358
1069508
1069554
1069560
1069657
1069708
1069858
1069916
1070013
1070102
1070305
1070412
1070585
1070660
1070705
1070851
1070925
1070980
1070942
1070976
1070868
1070730
1070527
1070207
1069789
1069385
1068940
1068582
1068259
1068057
1067806
1067684
1067604
1067513
1067435
1067503
1067478
1067448
1067477
1067513
1067561
1067512
1067535
1067533
1067565
1067616
1067620
1067751
1067843
1067853
1067930
1068007
1068003
1067970
1068011
1067945
1068009
1068026
1068047
1068046
1068074
1068109
1068100
1068228
1068249
1068368
1068427
1068507
1068630
1068717
1068736
1068842
1068909
1068993
1069057
1069100
1069255
1069365
1069483
1069639
1069760
1069815
1069999
1070144
1070215
1070338
1070481
1070616
1070704
1070772
1070818
1070815
1070795
1070656
1070386
1070113
1069669
1069319
1068868
1068507
1068246
1067890
1067770
1067645
1067545
1067527
1067485
1067441
1067529
1067555
1067564
1067604
1067737
1067684
1067763
1067785
1067870
1067839
1067915
1067974
1068040
1068133
1068143
1068220
1068206
1068362
1068322
1068352
1068293
1068326
1068313
1068317
1068403
1068450
1068488
1068606
1068653
1068781
1068882
1068928
1069063
1069184
1069234
1069359
1069424
1069575
1069630
1069818
1069927
1070062
1070202
1070347
1070566
1070658
1070845
1070982
1071166
1071329
1071495
1071742
1071869
1071985
1071979
1072062
1071936
1071781
1071636
1071317
1071017
1070743
1070368
1070173
1069920
1069814
1069633
1069690
1069604
1069630
1069708
1069788
1069986
1070076
1070151
1070233
1070282
1070394
1070580
1070683
1070823
1070894
1071001
1071150
1071248
1071357
1071413
1071503
1071547
1071646
1071682
1071880
1071835
1071969
1072005
1072109
1072105
1072207
1072337
1072449
1072618
1072766
1072828
1073031
1073137
1073303
1073434
1073591
1073775
1073858
1073985
1074130
1074286
1074405
1074633
1074791
1074911
1075161
1075320
1075431
1075591
1075625
1075640
1075573
1075425
1075282
1075000
1074653
1074395
1074030
1073752
1073372
1073180
1072936
1072750
1072653
1072593
1072596
1072618
1072688
1072696
1072800
1072850
1072855
1072903
1072971
1072929
1072983
1072989
1073004
1072972
1073034
1072974
1072971
1072930
1072899
1072896
1072817
1072821
1072771
1072670
1072591
1072526
1072470
1072472
1072437
1072358
1072421
1072423
1072438
1072479
1072555
1072563
1072601
1072577
1072674
1072650
1072669
1072663
1072736
1072873
1072910
1072966
1073095
1073203
1073224
1073350
1073399
1073469
1073407
1073318
1073197
1073088
1072841
1072546
1072127
1071666
1071217
1070729
1070324
1070019
1069666
1069473
1069294
1069177
1069016
1068920
1068953
1068905
1068981
1068900
1068891
1068852
1068858
1068891
1068912
1068895
1068858
1068928
1068947
1069047
1069019
1069048
1069114
1069075
1069073
1069116
1069086
1069033
1069017
1069016
1068960
1069009
1069130
1069039
1069176
1069229
1069248
1069361
1069415
1069492
1069567
1069576
1069614
1069784
1069848
1069911
1070022
1070117
1070269
1070400
1070434
1070544
1070662
1070785
1070869
1071030
1071172
1071133
1071261
1071192
1071084
1070930
1070724
1070315
1069935
1069499
1069062
1068594
1068285
1068059
1067774
1067665
1067539
1067449
1067430
1067402
1067466
1067559
1067642
1067674
1067678
1067777
1067812
1067872
1067985
1068014
1068079
1068194
1068261
1068398
1068419
1068407
1068507
1068558
1068530
1068618
1068636
1068692
1068664
1068719
1068815
1068819
1068929
1069006
1069066
1069187
1069263
1069441
1069596
1069733
1069777
1069887
1070085
1070158
1070234
1070457
1070525
1070658
1070861
1071035
1071243
1071398
1071602
1071728
1071870
1071945
1072001
1071880
1071782
1071733
1071464
1071134
1070873
1070514
1070165
1069905
1069611
1069373
1069227
1069147
1069106
1069155
1069136
1069276
1069374
1069475
1069519
1069637
1069684
1069740
1069921
1069979
1070067
1070127
1070206
1070314
1070310
1070406
1070407
1070400
1070514
1070476
1070474
1070492
1070430
1070439
1070369
1070277
1070349
1070366
1070302
1070317
1070320
1070455
1070508
1070490
1070582
1070562
1070625
1070635
1070662
1070685
1070750
1070806
1070870
1071016
1071048
1071191
1071256
1071342
1071399
1071466
1071495
1071448
1071337
1071192
1071010
1070750
1070395
1069962
1069461
1069003
1068470
1068108
1067739
1067483
1067231
1067175
1067010
1066920
1066920
1066923
1066908
1066979
1066924
1066927
1066934
1066941
1067051
1066986
1067051
1067119
1067178
1067201
1067192
1067268
1067237
1067289
1067273
1067313
1067220
1067333
1067260
1067262
1067274
1067312
1067283
1067351
1067361
1067472
1067524
1067557
1067667
1067771
1067817
1067912
1068042
1068097
1068159
1068257
1068364
1068478
1068541
1068726
1068769
1068947
1069098
1069261
1069415
1069494
1069532
1069514
1069488
1069477
1069247
1069124
1068767
1068367
1067939
1067461
1067076
1066625
1066293
1066051
1065868
1065649
1065623
1065594
1065576
1065574
1065659
1065652
1065700
1065756
1065695
1065766
1065832
1065921
1065929
1065973
1066076
1066160
1066267
1066305
1066298
1066322
1066305
1066393
1066423
1066341
1066399
1066482
1066486
1066466
1066553
1066612
1066657
1066761
1066851
1066975
1067024
1067110
1067250
1067388
1067486
1067574
1067759
1067842
1067969
1068129
1068239
1068327
1068538
1068674
1068864
1069009
1069185
1069441
1069605
1069671
1069698
1069745
1069620
1069563
1069271
1069046
1068671
1068284
1067868
1067570
1067247
1067159
1066879
1066774
1066744
1066708
1066677
1066779
1066920
1067019
1067124
1067290
1067320
1067475
1067582
1067671
1067870
1067905
1068005
1068152
1068268
1068368
1068497
1068536
1068588
1068720
1068754
1068890
1068927
1069006
1069005
1069086
1069196
1069259
1069335
1069380
1069609
1069725
1069896
1070021
1070172
1070338
1070407
1070528
1070701
1070812
1070891
1071007
1071170
1071389
1071543
1071737
1071881
1072122
1072249
1072285
1072234
1072193
1072149
1072047
1071762
1071762
1071504
1071144
1070762
1070354
1069977
1069637
1069373
1069180
1068914
1068865
1068769
1068764
1068754
1068714
1068739
1068830
1068870
1068869
1068926
1068970
1069048
1069060
1069011
1069102
1069125
1069170
1069056
1069155
1069236
1069139
1069100
1069135
1069091
1069030
1069058
1069002
1068939
1068945
1068877
1068967
1069001
1069048
1069043
1069177
1069280
1069302
1069401
1069472
1069530
1069639
1069612
1069777
1069844
1069958
1070000
1070186
1070264
1070395
1070466
1070600
1070678
1070703
1070848
1070787
1070711
1070594
1070453
1070119
1069758
1069319
1068872
1068338
1067888
1067538
1067265
1067008
1066792
1066605
1066509
1066488
1066448
1066484
1066545
1066494
1066538
1066588
1066565
1066633
1066731
1066689
1066755
1066827
1066858
1067026
1066991
1067014
1067084
1067047
1067200
1067207
1067185
1067209
1067175
1067142
1067184
1067168
1067237
1067292
1067315
1067369
1067459
1067543
1067721
1067774
1067871
1067933
1067982
1068124
1068202
1068253
1068363
1068441
1068620
1068800
1068885
1069019
1069120
1069242
1069409
1069500
1069508
1069455
1069435
1069306
1069098
1068772
1068443
1068058
1067581
1067140
1066735
1066381
1066080
1065891
1065734
1065657
1065563
1065574
1065506
1065565
1065649
1065731
1065689
1065701
1065785
1065913
1065878
1066029
1066043
1066135
1066169
1066258
1066378
1066433
1066432
1066543
1066491
1066542
1066601
1066546
1066564
1066625
1066643
1066606
1066689
1066743
1066831
1066933
1067020
1067082
1067173
1067312
1067393
1067447
1067607
1067671
1067778
1067942
1068026
1068083
1068262
1068450
1068599
1068759
1068813
1068959
1069054
1069135
1069142
1069068
1068967
1068857
1068504
1068112
1067668
1067203
1066819
1066453
1066143
1065924
1065784
1065620
1065539
1065530
1065545
1065508
1065621
1065571
1065691
1065766
1065804
1065848
1065945
1065929
1066001
1066165
1066263
1066310
1066412
1066471
1066503
1066558
1066615
1066620
1066595
1066693
1066654
1066618
1066672
1066712
1066683
1066786
1066812
1066978
1066937
1067099
1067178
1067271
1067353
1067466
1067541
1067560
1067680
1067697
1067879
1067925
1068093
1068223
1068335
1068472
1068640
1068711
1068700
1068678
1068694
1068709
1068472
1068245
1067869
1067445
1067018
1066584
1066140
1065816
1065515
1065208
1065115
1064963
1064899
1064898
1064926
1064889
1064962
1065024
1065021
1065080
1065157
1065191
1065295
1065408
1065474
1065532
1065658
1065675
1065759
1065853
1065857
1065904
1065932
1065999
1065932
1065955
1065974
1065909
1065933
1065913
1065970
1065907
1065989
1065916
1066039
1066108
1066182
1066225
1066256
1066314
1066390
1066465
1066510
1066597
1066676
1066809
1066878
1067062
1067277
1067402
1067542
1067497
1067542
1067444
1067420
1067184
1066918
1066532
1066097
1065779
1065445
1065153
1064853
1064707
1064572
1064577
1064513
1064564
1064618
1064712
1064817
1064981
1065094
1065203
1065289
1065428
1065589
1065675
1065754
1065978
1065996
1066226
1066363
1066371
1066533
1066631
1066645
1066693
1066824
1066853
1066821
1066909
1066942
1067032
1067110
1067155
1067201
1067298
1067407
1067518
1067603
1067706
1067856
1067940
1068010
1068162
1068223
1068418
1068502
1068638
1068696
1068916
1069091
1069202
1069288
1069315
1069272
1069102
1068993
1068703
1068376
1067945
1067530
1067085
1066707
1066451
1066271
1066073
1065980
1065926
1065913
1065961
1065988
1066099
1066086
1066108
1066292
1066292
1066446
1066488
1066632
1066719
1066831
1066984
1067061
1067124
1067228
1067229
1067330
1067364
1067429
1067447
1067416
1067446
1067471
1067548
1067539
1067560
1067554
1067689
1067726
1067846
1067900
1068080
1068177
1068265
1068397
1068493
1068505
1068700
1068762
1068855
1069014
1069152
1069310
1069363
1069444
1069349
1069261
1069115
1068922
1068551
1068122
1067695
1067281
1066865
1066556
1066293
1066113
1065964
1065975
1066022
1065990
1066005
1066142
1066209
1066287
1066323
1066390
1066566
1066661
1066788
1066897
1066992
1067170
1067248
1067325
1067400
1067523
1067547
1067638
1067656
1067738
1067836
1067843
1067912
1067961
1067939
1068006
1068086
1068143
1068176
1068341
1068451
1068539
1068739
1068896
1068941
1069105
1069240
1069360
1069470
1069625
1069754
1069977
1070128
1070217
1070334
1070323
1070356
1070227
1070009
1069751
1069404
1069053
1068650
1068472
1068139
1067984
1067927
1067897
1067869
1067936
1067951
1068155
1068254
1068392
1068571
1068695
1068881
1069074
1069272
1069460
1069621
1069787
1069924
1070090
1070193
1070293
1070456
1070652
1070657
1070765
1070886
1071033
1071041
1071155
1071287
1071273
1071435
1071455
1071627
1071759
1071920
1072090
1072256
1072388
1072612
1072706
1072850
1073011
1073053
1073250
1073377
1073595
1073727
1073953
1073957
1073950
1073870
1073810
1073645
1073474
1073209
1072758
1072383
1072000
1071620
1071360
1071093
1070958
1070815
1070725
1070587
1070682
1070711
1070722
1070761
1070746
1070867
1070855
1070956
1071024
1071111
1071049
1071154
1071153
1071183
1071186
1071199
1071197
1071221
1071236
1071213
1071151
1071062
1071101
1071052
1071029
1070983
1071019
1070960
1070987
1070969
1071062
1071144
1071271
1071394
1071385
1071440
1071515
1071563
1071669
1071747
1071799
1071881
1072058
1072161
1072118
1072160
1072053
1071987
1071878
1071527
1071227
1070764
1070259
1069777
1069399
1069090
1068842
1068616
1068386
1068382
1068243
1068270
1068234
1068202
1068306
1068349
1068364
1068403
1068540
1068618
1068664
1068825
1068950
1069009
1069030
1069137
1069217
1069255
1069321
1069353
1069404
1069443
1069396
1069443
1069481
1069451
1069463
1069489
1069536
1069539
1069636
1069705
1069780
1069901
1069929
1070078
1070231
1070186
1070367
1070434
1070578
1070704
1070738
1070910
1071081
1071049
1071152
1071093
1071019
1070938
1070682
1070377
1069953
1069581
1069055
1068649
1068333
1068048
1067870
1067777
1067626
1067613
1067569
1067557
1067786
1067739
1067810
1067893
1068016
1068143
1068198
1068372
1068416
1068544
1068665
1068783
1068902
1068983
1069063
1069149
1069190
1069320
1069346
1069307
1069371
1069428
1069441
1069563
1069545
1069665
1069779
1069903
1069984
1070119
1070293
1070348
1070556
1070689
1070774
1070884
1071038
1071170
1071257
1071469
1071677
1071833
1072123
1072098
1072248
1072165
1072166
1071955
1071840
1071548
1071228
1070860
1070499
1070291
1070022
1069797
1069655
1069582
1069575
1069582
1069702
1069818
1070019
1070141
1070274
1070426
1070616
1070811
1070980
1071119
1071244
1071402
1071471
1071691
1071823
1071904
1072000
1072129
1072204
1072317
1072429
1072466
1072570
1072599
1072653
1072781
1072819
1072962
1073002
1073222
1073372
1073461
1073659
1073832
1073941
1074053
1074216
1074359
1074447
1074685
1074782
1074915
1075088
1075261
1075414
1075478
1075510
1075427
1075325
1075272
1075087
1074797
1074422
1074072
1073725
1073369
1073098
1072784
1072647
1072572
1072389
1072439
1072354
1072479
1072542
1072614
1072624
1072695
1072854
1072874
1072909
1072946
1072999
1072986
1073074
1073103
1073131
1073063
1073116
1073076
1073010
1072980
1072947
1072927
1072832
1072752
1072689
1072642
1072620
1072554
1072571
1072559
1072667
1072666
1072745
1072748
1072791
1072798
1072836
1072901
1073016
1072957
1073060
1073142
1073203
1073236
1073393
1073429
1073429
1073401
1073325
1073182
1072956
1072688
1072316
1071825
1071296
1070836
1070428
1070101
1069815
1069575
1069406
1069356
1069253
1069138
1069174
1069202
1069112
1069177
1069118
1069198
1069272
1069388
1069365
1069422
1069539
1069525
1069625
1069688
1069704
1069714
1069775
1069755
1069791
1069803
1069879
1069859
1069834
1069853
1069884
1069884
1069946
1070033
1070013
1070118
1070205
1070280
1070360
1070382
1070526
1070616
1070671
1070724
1070816
1070888
1071048
1071180
1071228
1071398
1071543
1071641
1071647
1071614
1071611
1071471
1071314
1071121
1070717
1070308
1069902
1069401
1068969
1068627
1068311
1068068
1067953
1067833
1067755
1067764
1067797
1067792
1067830
1067873
1067881
1067985
1068058
1068170
1068208
1068329
1068400
1068523
1068585
1068602
1068767
1068736
1068794
1068852
1068897
1068956
1068978
1069037
1069057
1069123
1069119
1069096
1069197
1069230
1069305
1069428
1069516
1069678
1069750
1069893
1069995
1070136
1070227
1070394
1070451
1070591
1070632
1070850
1070972
1071163
1071328
1071510
1071588
1071789
1071989
1071951
1071970
1071902
1071744
1071468
1071193
1070869
1070481
1070052
1069788
1069493
1069290
1069108
1068982
1068925
1068957
1069023
1068984
1069143
1069202
1069354
1069482
1069573
1069808
1069918
1070057
1070124
1070280
1070366
1070527
1070552
1070627
1070743
1070855
1070973
1071022
1071082
1071143
1071220
1071217
1071364
1071341
1071423
1071502
1071593
1071667
1071779
1071922
1072082
1072296
1072455
1072562
1072579
1072790
1072890
1072957
1073136
1073234
1073420
1073608
1073800
1073976
1074206
1074401
1074409
1074438
1074419
1074302
1074219
1073946
1073774
1073414
1073096
1072734
1072417
1072056
1071909
1071652
1071578
1071494
1071535
1071596
1071701
1071848
1071913
1072084
1072138
1072266
1072420
1072529
1072605
1072767
1072844
1072954
1073044
1073166
1073150
1073283
1073277
1073332
1073319
1073394
1073368
1073374
1073318
1073363
1073249
1073292
1073322
1073282
1073321
1073419
1073456
1073473
1073471
1073542
1073545
1073552
1073587
1073598
1073712
1073703
1073772
1073810
1073842
1073964
1073952
1074053
1074186
1074204
1074170
1074070
1073942
1073785
1073547
1073291
1072912
1072462
1071967
1071456
1071005
1070615
1070258
1070038
1069822
1069717
1069605
1069463
1069429
1069485
1069476
1069494
1069448
1069447
1069481
1069486
1069487
1069628
1069619
1069702
1069709
1069707
1069749
1069746
1069785
1069831
1069825
1069873
1069839
1069806
1069795
1069780
1069764
1069849
1069800
1069852
1069871
1070001
1070082
1070223
1070293
1070297
1070355
1070430
1070519
1070581
1070643
1070728
1070891
1070921
1071094
1071159
1071308
1071460
1071552
1071635
1071697
1071874
1071971
1072004
1071985
1071986
1071841
1071743
1071517
1071259
1070817
1070293
1069778
1069320
1068946
1068558
1068432
1068160
1068058
1068007
1067880
1067886
1067907
1067935
1068028
1067977
1068015
1068075
1068093
1068156
1068256
1068331
1068416
1068451
1068486
1068614
1068687
1068656
1068690
1068717
1068805
1068751
1068756
1068823
1068754
1068691
1068796
1068793
1068834
1068859
1069005
1069063
1069148
1069285
1069290
1069411
1069424
1069526
1069631
1069676
1069759
1069939
1069992
1070123
1070245
1070341
1070547
1070616
1070792
1070898
1070958
1071133
1071170
1071104
1071067
1071009
1070813
1070648
1070271
1069868
1069371
1068851
1068409
1068127
1067824
1067659
1067455
1067339
1067322
1067269
1067340
1067372
1067478
1067476
1067561
1067554
1067618
1067669
1067787
1067910
1067968
1068003
1068159
1068260
1068331
1068328
1068375
1068441
1068546
1068582
1068577
1068537
1068733
1068674
1068694
1068756
1068806
1068918
1068963
1069147
1069162
1069281
1069469
1069521
1069617
1069815
1069914
1070025
1070166
1070290
1070353
1070570
1070714
1070847
1071007
1071186
1071354
1071565
1071742
1071870
1072008
1072031
1072027
1071933
1071840
1071640
1071309
1070944
1070697
1070276
1069921
1069629
1069525
1069283
1069282
1069147
1069304
1069332
1069346
1069493
1069732
1069793
1069913
1070036
1070150
1070358
1070459
1070609
1070764
1070812
1070911
1071101
1071226
1071190
1071343
1071435
1071546
1071636
1071674
1071674
1071694
1071781
1071861
1071841
1071977
1072051
1072182
1072311
1072464
1072553
1072757
1072887
1073044
1073157
1073237
1073374
1073538
1073647
1073772
1073965
1074122
1074229
1074465
1074600
1074901
1075014
1075057
1075038
1074934
1074860
1074706
1074584
1074258
1073881
1073575
1073290
1072978
1072672
1072507
1072364
1072264
1072144
1072157
1072293
1072427
1072579
1072704
1072778
1072925
1072983
1073190
1073274
1073294
1073402
1073474
1073608
1073640
1073674
1073718
1073769
1073774
1073813
1073852
1073807
1073792
1073734
1073708
1073641
1073572
1073529
1073546
1073587
1073577
1073613
1073631
1073660
1073717
1073773
1073754
1073701
1073819
1073816
1073885
1073839
1073918
1073940
1074055
1074137
1074257
1074352
1074396
1074326
1074248
1074077
1074079
1073722
1073505
1073230
1072750
1072393
1072029
1071706
1071360
1071137
1070911
1070788
1070742
1070526
1070600
1070574
1070558
1070522
1070594
1070586
1070642
1070667
1070677
1070741
1070775
1070859
1070896
1070991
1071003
1071072
1071062
1071165
1071157
1071217
1071224
1071262
1071318
1071219
1071327
1071307
1071360
1071314
1071437
1071486
1071599
1071760
1071811
1071867
1071919
1071977
1072169
1072191
1072277
1072401
1072473
1072608
1072728
1072828
1072980
1073143
1073244
1073342
1073517
1073593
1073645
1073685
1073623
1073627
1073581
1073424
1073226
1072945
1072637
1072405
1072140
1071900
1071715
1071471
1071410
1071341
1071289
1071288
1071364
1071373
1071430
1071471
1071525
1071636
1071662
1071723
1071787
1071857
1071921
1072013
1072047
1072115
1072171
1072275
1072294
1072341
1072415
1072471
1072505
1072581
1072563
1072618
1072687
1072706
1072741
1072839
1072937
1072982
1073062
1073162
1073364
1073333
1073398
1073493
1073584
1073644
1073761
1073853
1073965
1074067
1074210
1074311
1074481
1074612
1074720
1074875
1074905
1075094
1075157
1075341
1075276
1075300
1075371
1075272
1075307
1075130
1075114
1074990
1074773
1074583
1074552
1074444
1074366
1074169
1074205
1074139
1074112
1074205
1074226
1074325
1074393
1074441
1074415
1074546
1074621
1074617
1074669
1074753
1074818
1074839
1074905
1074986
1075009
1075005
1075065
1075111
1075191
1075189
1075278
1075329
1075365
1075406
1075452
1075470
1075569
1075568
1075670
1075785
1075876
1075899
1076027
1076067
1076022
1076277
1076272
1076323
1076323
1076505
1076589
1076666
1076729
1076878
1076978
1077146
1077203
1077364
1077393
1077544
1077632
1077788
1077852
1077934
1077990
1077995
1077979
1077981
1077864
1077875
1077778
1077769
1077733
1077636
1077736
1077632
1077674
1077693
1077659
1077676
1077706
1077693
1077888
1077935
1077940
1078014
1078101
1078253
1078272
1078405
1078405
1078508
1078547
1078550
1078622
1078716
1078711
1078739
1078837
1078959
1079047
1079068
1079162
1079237
1079277
1079374
1079394
1079450
1079578
1079627
1079783
1079834
1079954
1080000
1080102
1080170
1080269
1080428
1080395
1080530
1080611
1080778
1080854
1080999
1081140
1081188
1081394
1081465
1081698
1081814
1081864
1082079
1082056
1082068
1082135
1082095
1082100
1082177
1082226
1082295
1082398
1082534
1082534
1082640
1082625
1082764
1082747
1082796
1082962
1083007
1083189
1083311
1083536
1083625
1083721
1083867
1084028
1084161
1084269
1084282
1084374
1084460
1084495
1084622
1084677
1084742
1084843
1084894
1085095
1085128
1085275
1085393
1085495
1085482
1085654
1085680
1085797
1085850
1085955
1086026
1086176
1086341
1086340
1086468
1086483
1086455
1086565
1086649
1086765
1086844
1086949
1086957
1087165
1087181
1087316
1087328
1087414
1087505
1087632
1087748
1087706
1087681
1087660
1087711
1087620
1087592
1087582
1087588
1087591
1087496
1087587
1087602
1087708
1087650
1087668
1087655
1087641
1087581
1087623
1087639
1087679
1087703
1087724
1087714
1087780
1087791
1087777
1087801
1087781
1087737
1087790
1087743
1087625
1087635
1087606
1087567
1087516
1087611
1087612
1087673
1087604
1087643
1087609
1087585
1087589
1087525
1087457
1087493
1087472
1087528
1087547
1087531
1087577
1087571
1087576
1087597
1087548
1087568
1087578
1087479
1087562
1087585
1087627
1087702
1087740
1087789
1087806
1087819
1087916
1087934
1088030
1088037
1088073
1088075
1088215
1088200
1088132
1088113
1088137
1088003
1087939
1087937
1087829
1087788
1087751
1087722
1087771
1087742
1087689
1087690
1087670
1087571
1087575
1087544
1087439
1087427
1087504
1087480
1087549
1087535
1087525
1087572
1087546
1087550
1087499
1087588
1087519
1087407
1087372
1087464
1087367
1087337
1087380
1087352
1087349
1087381
1087418
1087415
1087386
1087360
1087289
1087430
1087365
1087396
1087358
1087428
1087429
1087422
1087500
1087486
1087522
1087545
1087505
1087567
1087538
1087538
1087598
1087628
1087639
1087679
1087759
1087801
1087886
1087912
1087913
1087953
1088071
1088111
1088186
1088255
1088233
1088330
1088349
1088452
1088354
1088318
1088321
1088208
1088143
1088122
1087991
1087953
1087990
1087914
1087949
1087962
1087813
1087844
1087737
1087732
1087561
1087610
1087496
1087542
1087554
1087631
1087604
1087544
1087567
1087624
1087566
1087541
1087520
1087500
1087418
1087471
1087411
1087317
1087329
1087240
1087266
1087356
1087290
1087314
1087326
1087291
1087351
1087201
1087246
1087180
1087152
1087234
1087173
1087218
1087231
1087273
1087301
1087250
1087260
1087242
1087222
1087252
1087298
1087303
1087341
1087351
1087417
1087471
1087532
1087567
1087630
1087658
1087696
1087780
1087816
1087846
1087804
1087893
1088030
1088039
1088071
1087956
1087932
1087834
1087784
1087659
1087524
1087464
1087361
1087327
1087263
1087203
1087176
1087013
1086927
1086825
1086625
1086640
1086601
1086545
1086590
1086532
1086554
1086569
1086508
1086557
1086419
1086421
1086430
1086391
1086303
1086303
1086230
1086217
1086170
1086168
1086160
1086106
1086082
1086071
1086072
1086026